1 1 4.000000
2 1 -1.000000
12 1 -1.000000
1 2 -1.000000
2 2 4.000000
3 2 -1.000000
13 2 -1.000000
2 3 -1.000000
3 3 4.000000
4 3 -1.000000
14 3 -1.000000
3 4 -1.000000
4 4 4.000000
5 4 -1.000000
15 4 -1.000000
4 5 -1.000000
5 5 4.000000
6 5 -1.000000
16 5 -1.000000
5 6 -1.000000
6 6 4.000000
7 6 -1.000000
17 6 -1.000000
6 7 -1.000000
7 7 4.000000
8 7 -1.000000
18 7 -1.000000
7 8 -1.000000
8 8 4.000000
9 8 -1.000000
19 8 -1.000000
8 9 -1.000000
9 9 4.000000
10 9 -1.000000
20 9 -1.000000
9 10 -1.000000
10 10 4.000000
11 10 -1.000000
21 10 -1.000000
10 11 -1.000000
11 11 4.000000
22 11 -1.000000
1 12 -1.000000
12 12 4.000000
13 12 -1.000000
23 12 -1.000000
2 13 -1.000000
12 13 -1.000000
13 13 4.000000
14 13 -1.000000
24 13 -1.000000
3 14 -1.000000
13 14 -1.000000
14 14 4.000000
15 14 -1.000000
25 14 -1.000000
4 15 -1.000000
14 15 -1.000000
15 15 4.000000
16 15 -1.000000
26 15 -1.000000
5 16 -1.000000
15 16 -1.000000
16 16 4.000000
17 16 -1.000000
27 16 -1.000000
6 17 -1.000000
16 17 -1.000000
17 17 4.000000
18 17 -1.000000
28 17 -1.000000
7 18 -1.000000
17 18 -1.000000
18 18 4.000000
19 18 -1.000000
29 18 -1.000000
8 19 -1.000000
18 19 -1.000000
19 19 4.000000
20 19 -1.000000
30 19 -1.000000
9 20 -1.000000
19 20 -1.000000
20 20 4.000000
21 20 -1.000000
31 20 -1.000000
10 21 -1.000000
20 21 -1.000000
21 21 4.000000
22 21 -1.000000
32 21 -1.000000
11 22 -1.000000
21 22 -1.000000
22 22 4.000000
33 22 -1.000000
12 23 -1.000000
23 23 4.000000
24 23 -1.000000
34 23 -1.000000
13 24 -1.000000
23 24 -1.000000
24 24 4.000000
25 24 -1.000000
35 24 -1.000000
14 25 -1.000000
24 25 -1.000000
25 25 4.000000
26 25 -1.000000
36 25 -1.000000
15 26 -1.000000
25 26 -1.000000
26 26 4.000000
27 26 -1.000000
37 26 -1.000000
16 27 -1.000000
26 27 -1.000000
27 27 4.000000
28 27 -1.000000
38 27 -1.000000
17 28 -1.000000
27 28 -1.000000
28 28 4.000000
29 28 -1.000000
39 28 -1.000000
18 29 -1.000000
28 29 -1.000000
29 29 4.000000
30 29 -1.000000
40 29 -1.000000
19 30 -1.000000
29 30 -1.000000
30 30 4.000000
31 30 -1.000000
41 30 -1.000000
20 31 -1.000000
30 31 -1.000000
31 31 4.000000
32 31 -1.000000
42 31 -1.000000
21 32 -1.000000
31 32 -1.000000
32 32 4.000000
33 32 -1.000000
43 32 -1.000000
22 33 -1.000000
32 33 -1.000000
33 33 4.000000
44 33 -1.000000
23 34 -1.000000
34 34 4.000000
35 34 -1.000000
45 34 -1.000000
24 35 -1.000000
34 35 -1.000000
35 35 4.000000
36 35 -1.000000
46 35 -1.000000
25 36 -1.000000
35 36 -1.000000
36 36 4.000000
37 36 -1.000000
47 36 -1.000000
26 37 -1.000000
36 37 -1.000000
37 37 4.000000
38 37 -1.000000
48 37 -1.000000
27 38 -1.000000
37 38 -1.000000
38 38 4.000000
39 38 -1.000000
49 38 -1.000000
28 39 -1.000000
38 39 -1.000000
39 39 4.000000
40 39 -1.000000
50 39 -1.000000
29 40 -1.000000
39 40 -1.000000
40 40 4.000000
41 40 -1.000000
51 40 -1.000000
30 41 -1.000000
40 41 -1.000000
41 41 4.000000
42 41 -1.000000
52 41 -1.000000
31 42 -1.000000
41 42 -1.000000
42 42 4.000000
43 42 -1.000000
53 42 -1.000000
32 43 -1.000000
42 43 -1.000000
43 43 4.000000
44 43 -1.000000
54 43 -1.000000
33 44 -1.000000
43 44 -1.000000
44 44 4.000000
55 44 -1.000000
34 45 -1.000000
45 45 4.000000
46 45 -1.000000
56 45 -1.000000
35 46 -1.000000
45 46 -1.000000
46 46 4.000000
47 46 -1.000000
57 46 -1.000000
36 47 -1.000000
46 47 -1.000000
47 47 4.000000
48 47 -1.000000
58 47 -1.000000
37 48 -1.000000
47 48 -1.000000
48 48 4.000000
49 48 -1.000000
59 48 -1.000000
38 49 -1.000000
48 49 -1.000000
49 49 4.000000
50 49 -1.000000
60 49 -1.000000
39 50 -1.000000
49 50 -1.000000
50 50 4.000000
51 50 -1.000000
61 50 -1.000000
40 51 -1.000000
50 51 -1.000000
51 51 4.000000
52 51 -1.000000
62 51 -1.000000
41 52 -1.000000
51 52 -1.000000
52 52 4.000000
53 52 -1.000000
63 52 -1.000000
42 53 -1.000000
52 53 -1.000000
53 53 4.000000
54 53 -1.000000
64 53 -1.000000
43 54 -1.000000
53 54 -1.000000
54 54 4.000000
55 54 -1.000000
65 54 -1.000000
44 55 -1.000000
54 55 -1.000000
55 55 4.000000
66 55 -1.000000
45 56 -1.000000
56 56 4.000000
57 56 -1.000000
67 56 -1.000000
46 57 -1.000000
56 57 -1.000000
57 57 4.000000
58 57 -1.000000
68 57 -1.000000
47 58 -1.000000
57 58 -1.000000
58 58 4.000000
59 58 -1.000000
69 58 -1.000000
48 59 -1.000000
58 59 -1.000000
59 59 4.000000
60 59 -1.000000
70 59 -1.000000
49 60 -1.000000
59 60 -1.000000
60 60 4.000000
61 60 -1.000000
71 60 -1.000000
50 61 -1.000000
60 61 -1.000000
61 61 4.000000
62 61 -1.000000
72 61 -1.000000
51 62 -1.000000
61 62 -1.000000
62 62 4.000000
63 62 -1.000000
73 62 -1.000000
52 63 -1.000000
62 63 -1.000000
63 63 4.000000
64 63 -1.000000
74 63 -1.000000
53 64 -1.000000
63 64 -1.000000
64 64 4.000000
65 64 -1.000000
75 64 -1.000000
54 65 -1.000000
64 65 -1.000000
65 65 4.000000
66 65 -1.000000
76 65 -1.000000
55 66 -1.000000
65 66 -1.000000
66 66 4.000000
77 66 -1.000000
56 67 -1.000000
67 67 4.000000
68 67 -1.000000
78 67 -1.000000
57 68 -1.000000
67 68 -1.000000
68 68 4.000000
69 68 -1.000000
79 68 -1.000000
58 69 -1.000000
68 69 -1.000000
69 69 4.000000
70 69 -1.000000
80 69 -1.000000
59 70 -1.000000
69 70 -1.000000
70 70 4.000000
71 70 -1.000000
81 70 -1.000000
60 71 -1.000000
70 71 -1.000000
71 71 4.000000
72 71 -1.000000
82 71 -1.000000
61 72 -1.000000
71 72 -1.000000
72 72 4.000000
73 72 -1.000000
83 72 -1.000000
62 73 -1.000000
72 73 -1.000000
73 73 4.000000
74 73 -1.000000
84 73 -1.000000
63 74 -1.000000
73 74 -1.000000
74 74 4.000000
75 74 -1.000000
85 74 -1.000000
64 75 -1.000000
74 75 -1.000000
75 75 4.000000
76 75 -1.000000
86 75 -1.000000
65 76 -1.000000
75 76 -1.000000
76 76 4.000000
77 76 -1.000000
87 76 -1.000000
66 77 -1.000000
76 77 -1.000000
77 77 4.000000
88 77 -1.000000
67 78 -1.000000
78 78 4.000000
79 78 -1.000000
89 78 -1.000000
68 79 -1.000000
78 79 -1.000000
79 79 4.000000
80 79 -1.000000
90 79 -1.000000
69 80 -1.000000
79 80 -1.000000
80 80 4.000000
81 80 -1.000000
91 80 -1.000000
70 81 -1.000000
80 81 -1.000000
81 81 4.000000
82 81 -1.000000
92 81 -1.000000
71 82 -1.000000
81 82 -1.000000
82 82 4.000000
83 82 -1.000000
93 82 -1.000000
72 83 -1.000000
82 83 -1.000000
83 83 4.000000
84 83 -1.000000
94 83 -1.000000
73 84 -1.000000
83 84 -1.000000
84 84 4.000000
85 84 -1.000000
95 84 -1.000000
74 85 -1.000000
84 85 -1.000000
85 85 4.000000
86 85 -1.000000
96 85 -1.000000
75 86 -1.000000
85 86 -1.000000
86 86 4.000000
87 86 -1.000000
97 86 -1.000000
76 87 -1.000000
86 87 -1.000000
87 87 4.000000
88 87 -1.000000
98 87 -1.000000
77 88 -1.000000
87 88 -1.000000
88 88 4.000000
99 88 -1.000000
78 89 -1.000000
89 89 4.000000
90 89 -1.000000
100 89 -1.000000
79 90 -1.000000
89 90 -1.000000
90 90 4.000000
91 90 -1.000000
101 90 -1.000000
80 91 -1.000000
90 91 -1.000000
91 91 4.000000
92 91 -1.000000
102 91 -1.000000
81 92 -1.000000
91 92 -1.000000
92 92 4.000000
93 92 -1.000000
103 92 -1.000000
82 93 -1.000000
92 93 -1.000000
93 93 4.000000
94 93 -1.000000
104 93 -1.000000
83 94 -1.000000
93 94 -1.000000
94 94 4.000000
95 94 -1.000000
105 94 -1.000000
84 95 -1.000000
94 95 -1.000000
95 95 4.000000
96 95 -1.000000
106 95 -1.000000
85 96 -1.000000
95 96 -1.000000
96 96 4.000000
97 96 -1.000000
107 96 -1.000000
86 97 -1.000000
96 97 -1.000000
97 97 4.000000
98 97 -1.000000
108 97 -1.000000
87 98 -1.000000
97 98 -1.000000
98 98 4.000000
99 98 -1.000000
109 98 -1.000000
88 99 -1.000000
98 99 -1.000000
99 99 4.000000
110 99 -1.000000
89 100 -1.000000
100 100 4.000000
101 100 -1.000000
111 100 -1.000000
90 101 -1.000000
100 101 -1.000000
101 101 4.000000
102 101 -1.000000
112 101 -1.000000
91 102 -1.000000
101 102 -1.000000
102 102 4.000000
103 102 -1.000000
113 102 -1.000000
92 103 -1.000000
102 103 -1.000000
103 103 4.000000
104 103 -1.000000
114 103 -1.000000
93 104 -1.000000
103 104 -1.000000
104 104 4.000000
105 104 -1.000000
115 104 -1.000000
94 105 -1.000000
104 105 -1.000000
105 105 4.000000
106 105 -1.000000
116 105 -1.000000
95 106 -1.000000
105 106 -1.000000
106 106 4.000000
107 106 -1.000000
117 106 -1.000000
96 107 -1.000000
106 107 -1.000000
107 107 4.000000
108 107 -1.000000
118 107 -1.000000
97 108 -1.000000
107 108 -1.000000
108 108 4.000000
109 108 -1.000000
119 108 -1.000000
98 109 -1.000000
108 109 -1.000000
109 109 4.000000
110 109 -1.000000
120 109 -1.000000
99 110 -1.000000
109 110 -1.000000
110 110 4.000000
121 110 -1.000000
100 111 -1.000000
111 111 4.000000
112 111 -1.000000
101 112 -1.000000
111 112 -1.000000
112 112 4.000000
113 112 -1.000000
102 113 -1.000000
112 113 -1.000000
113 113 4.000000
114 113 -1.000000
103 114 -1.000000
113 114 -1.000000
114 114 4.000000
115 114 -1.000000
104 115 -1.000000
114 115 -1.000000
115 115 4.000000
116 115 -1.000000
105 116 -1.000000
115 116 -1.000000
116 116 4.000000
117 116 -1.000000
106 117 -1.000000
116 117 -1.000000
117 117 4.000000
118 117 -1.000000
107 118 -1.000000
117 118 -1.000000
118 118 4.000000
119 118 -1.000000
108 119 -1.000000
118 119 -1.000000
119 119 4.000000
120 119 -1.000000
109 120 -1.000000
119 120 -1.000000
120 120 4.000000
121 120 -1.000000
110 121 -1.000000
120 121 -1.000000
121 121 4.000000
