1 1 4.000000
2 1 -1.000000
13 1 -1.000000
1 2 -1.000000
2 2 4.000000
3 2 -1.000000
14 2 -1.000000
2 3 -1.000000
3 3 4.000000
4 3 -1.000000
15 3 -1.000000
3 4 -1.000000
4 4 4.000000
5 4 -1.000000
16 4 -1.000000
4 5 -1.000000
5 5 4.000000
6 5 -1.000000
17 5 -1.000000
5 6 -1.000000
6 6 4.000000
7 6 -1.000000
18 6 -1.000000
6 7 -1.000000
7 7 4.000000
8 7 -1.000000
19 7 -1.000000
7 8 -1.000000
8 8 4.000000
9 8 -1.000000
20 8 -1.000000
8 9 -1.000000
9 9 4.000000
10 9 -1.000000
21 9 -1.000000
9 10 -1.000000
10 10 4.000000
11 10 -1.000000
22 10 -1.000000
10 11 -1.000000
11 11 4.000000
12 11 -1.000000
23 11 -1.000000
11 12 -1.000000
12 12 4.000000
24 12 -1.000000
1 13 -1.000000
13 13 4.000000
14 13 -1.000000
25 13 -1.000000
2 14 -1.000000
13 14 -1.000000
14 14 4.000000
15 14 -1.000000
26 14 -1.000000
3 15 -1.000000
14 15 -1.000000
15 15 4.000000
16 15 -1.000000
27 15 -1.000000
4 16 -1.000000
15 16 -1.000000
16 16 4.000000
17 16 -1.000000
28 16 -1.000000
5 17 -1.000000
16 17 -1.000000
17 17 4.000000
18 17 -1.000000
29 17 -1.000000
6 18 -1.000000
17 18 -1.000000
18 18 4.000000
19 18 -1.000000
30 18 -1.000000
7 19 -1.000000
18 19 -1.000000
19 19 4.000000
20 19 -1.000000
31 19 -1.000000
8 20 -1.000000
19 20 -1.000000
20 20 4.000000
21 20 -1.000000
32 20 -1.000000
9 21 -1.000000
20 21 -1.000000
21 21 4.000000
22 21 -1.000000
33 21 -1.000000
10 22 -1.000000
21 22 -1.000000
22 22 4.000000
23 22 -1.000000
34 22 -1.000000
11 23 -1.000000
22 23 -1.000000
23 23 4.000000
24 23 -1.000000
35 23 -1.000000
12 24 -1.000000
23 24 -1.000000
24 24 4.000000
36 24 -1.000000
13 25 -1.000000
25 25 4.000000
26 25 -1.000000
37 25 -1.000000
14 26 -1.000000
25 26 -1.000000
26 26 4.000000
27 26 -1.000000
38 26 -1.000000
15 27 -1.000000
26 27 -1.000000
27 27 4.000000
28 27 -1.000000
39 27 -1.000000
16 28 -1.000000
27 28 -1.000000
28 28 4.000000
29 28 -1.000000
40 28 -1.000000
17 29 -1.000000
28 29 -1.000000
29 29 4.000000
30 29 -1.000000
41 29 -1.000000
18 30 -1.000000
29 30 -1.000000
30 30 4.000000
31 30 -1.000000
42 30 -1.000000
19 31 -1.000000
30 31 -1.000000
31 31 4.000000
32 31 -1.000000
43 31 -1.000000
20 32 -1.000000
31 32 -1.000000
32 32 4.000000
33 32 -1.000000
44 32 -1.000000
21 33 -1.000000
32 33 -1.000000
33 33 4.000000
34 33 -1.000000
45 33 -1.000000
22 34 -1.000000
33 34 -1.000000
34 34 4.000000
35 34 -1.000000
46 34 -1.000000
23 35 -1.000000
34 35 -1.000000
35 35 4.000000
36 35 -1.000000
47 35 -1.000000
24 36 -1.000000
35 36 -1.000000
36 36 4.000000
48 36 -1.000000
25 37 -1.000000
37 37 4.000000
38 37 -1.000000
49 37 -1.000000
26 38 -1.000000
37 38 -1.000000
38 38 4.000000
39 38 -1.000000
50 38 -1.000000
27 39 -1.000000
38 39 -1.000000
39 39 4.000000
40 39 -1.000000
51 39 -1.000000
28 40 -1.000000
39 40 -1.000000
40 40 4.000000
41 40 -1.000000
52 40 -1.000000
29 41 -1.000000
40 41 -1.000000
41 41 4.000000
42 41 -1.000000
53 41 -1.000000
30 42 -1.000000
41 42 -1.000000
42 42 4.000000
43 42 -1.000000
54 42 -1.000000
31 43 -1.000000
42 43 -1.000000
43 43 4.000000
44 43 -1.000000
55 43 -1.000000
32 44 -1.000000
43 44 -1.000000
44 44 4.000000
45 44 -1.000000
56 44 -1.000000
33 45 -1.000000
44 45 -1.000000
45 45 4.000000
46 45 -1.000000
57 45 -1.000000
34 46 -1.000000
45 46 -1.000000
46 46 4.000000
47 46 -1.000000
58 46 -1.000000
35 47 -1.000000
46 47 -1.000000
47 47 4.000000
48 47 -1.000000
59 47 -1.000000
36 48 -1.000000
47 48 -1.000000
48 48 4.000000
60 48 -1.000000
37 49 -1.000000
49 49 4.000000
50 49 -1.000000
61 49 -1.000000
38 50 -1.000000
49 50 -1.000000
50 50 4.000000
51 50 -1.000000
62 50 -1.000000
39 51 -1.000000
50 51 -1.000000
51 51 4.000000
52 51 -1.000000
63 51 -1.000000
40 52 -1.000000
51 52 -1.000000
52 52 4.000000
53 52 -1.000000
64 52 -1.000000
41 53 -1.000000
52 53 -1.000000
53 53 4.000000
54 53 -1.000000
65 53 -1.000000
42 54 -1.000000
53 54 -1.000000
54 54 4.000000
55 54 -1.000000
66 54 -1.000000
43 55 -1.000000
54 55 -1.000000
55 55 4.000000
56 55 -1.000000
67 55 -1.000000
44 56 -1.000000
55 56 -1.000000
56 56 4.000000
57 56 -1.000000
68 56 -1.000000
45 57 -1.000000
56 57 -1.000000
57 57 4.000000
58 57 -1.000000
69 57 -1.000000
46 58 -1.000000
57 58 -1.000000
58 58 4.000000
59 58 -1.000000
70 58 -1.000000
47 59 -1.000000
58 59 -1.000000
59 59 4.000000
60 59 -1.000000
71 59 -1.000000
48 60 -1.000000
59 60 -1.000000
60 60 4.000000
72 60 -1.000000
49 61 -1.000000
61 61 4.000000
62 61 -1.000000
73 61 -1.000000
50 62 -1.000000
61 62 -1.000000
62 62 4.000000
63 62 -1.000000
74 62 -1.000000
51 63 -1.000000
62 63 -1.000000
63 63 4.000000
64 63 -1.000000
75 63 -1.000000
52 64 -1.000000
63 64 -1.000000
64 64 4.000000
65 64 -1.000000
76 64 -1.000000
53 65 -1.000000
64 65 -1.000000
65 65 4.000000
66 65 -1.000000
77 65 -1.000000
54 66 -1.000000
65 66 -1.000000
66 66 4.000000
67 66 -1.000000
78 66 -1.000000
55 67 -1.000000
66 67 -1.000000
67 67 4.000000
68 67 -1.000000
79 67 -1.000000
56 68 -1.000000
67 68 -1.000000
68 68 4.000000
69 68 -1.000000
80 68 -1.000000
57 69 -1.000000
68 69 -1.000000
69 69 4.000000
70 69 -1.000000
81 69 -1.000000
58 70 -1.000000
69 70 -1.000000
70 70 4.000000
71 70 -1.000000
82 70 -1.000000
59 71 -1.000000
70 71 -1.000000
71 71 4.000000
72 71 -1.000000
83 71 -1.000000
60 72 -1.000000
71 72 -1.000000
72 72 4.000000
84 72 -1.000000
61 73 -1.000000
73 73 4.000000
74 73 -1.000000
85 73 -1.000000
62 74 -1.000000
73 74 -1.000000
74 74 4.000000
75 74 -1.000000
86 74 -1.000000
63 75 -1.000000
74 75 -1.000000
75 75 4.000000
76 75 -1.000000
87 75 -1.000000
64 76 -1.000000
75 76 -1.000000
76 76 4.000000
77 76 -1.000000
88 76 -1.000000
65 77 -1.000000
76 77 -1.000000
77 77 4.000000
78 77 -1.000000
89 77 -1.000000
66 78 -1.000000
77 78 -1.000000
78 78 4.000000
79 78 -1.000000
90 78 -1.000000
67 79 -1.000000
78 79 -1.000000
79 79 4.000000
80 79 -1.000000
91 79 -1.000000
68 80 -1.000000
79 80 -1.000000
80 80 4.000000
81 80 -1.000000
92 80 -1.000000
69 81 -1.000000
80 81 -1.000000
81 81 4.000000
82 81 -1.000000
93 81 -1.000000
70 82 -1.000000
81 82 -1.000000
82 82 4.000000
83 82 -1.000000
94 82 -1.000000
71 83 -1.000000
82 83 -1.000000
83 83 4.000000
84 83 -1.000000
95 83 -1.000000
72 84 -1.000000
83 84 -1.000000
84 84 4.000000
96 84 -1.000000
73 85 -1.000000
85 85 4.000000
86 85 -1.000000
97 85 -1.000000
74 86 -1.000000
85 86 -1.000000
86 86 4.000000
87 86 -1.000000
98 86 -1.000000
75 87 -1.000000
86 87 -1.000000
87 87 4.000000
88 87 -1.000000
99 87 -1.000000
76 88 -1.000000
87 88 -1.000000
88 88 4.000000
89 88 -1.000000
100 88 -1.000000
77 89 -1.000000
88 89 -1.000000
89 89 4.000000
90 89 -1.000000
101 89 -1.000000
78 90 -1.000000
89 90 -1.000000
90 90 4.000000
91 90 -1.000000
102 90 -1.000000
79 91 -1.000000
90 91 -1.000000
91 91 4.000000
92 91 -1.000000
103 91 -1.000000
80 92 -1.000000
91 92 -1.000000
92 92 4.000000
93 92 -1.000000
104 92 -1.000000
81 93 -1.000000
92 93 -1.000000
93 93 4.000000
94 93 -1.000000
105 93 -1.000000
82 94 -1.000000
93 94 -1.000000
94 94 4.000000
95 94 -1.000000
106 94 -1.000000
83 95 -1.000000
94 95 -1.000000
95 95 4.000000
96 95 -1.000000
107 95 -1.000000
84 96 -1.000000
95 96 -1.000000
96 96 4.000000
108 96 -1.000000
85 97 -1.000000
97 97 4.000000
98 97 -1.000000
109 97 -1.000000
86 98 -1.000000
97 98 -1.000000
98 98 4.000000
99 98 -1.000000
110 98 -1.000000
87 99 -1.000000
98 99 -1.000000
99 99 4.000000
100 99 -1.000000
111 99 -1.000000
88 100 -1.000000
99 100 -1.000000
100 100 4.000000
101 100 -1.000000
112 100 -1.000000
89 101 -1.000000
100 101 -1.000000
101 101 4.000000
102 101 -1.000000
113 101 -1.000000
90 102 -1.000000
101 102 -1.000000
102 102 4.000000
103 102 -1.000000
114 102 -1.000000
91 103 -1.000000
102 103 -1.000000
103 103 4.000000
104 103 -1.000000
115 103 -1.000000
92 104 -1.000000
103 104 -1.000000
104 104 4.000000
105 104 -1.000000
116 104 -1.000000
93 105 -1.000000
104 105 -1.000000
105 105 4.000000
106 105 -1.000000
117 105 -1.000000
94 106 -1.000000
105 106 -1.000000
106 106 4.000000
107 106 -1.000000
118 106 -1.000000
95 107 -1.000000
106 107 -1.000000
107 107 4.000000
108 107 -1.000000
119 107 -1.000000
96 108 -1.000000
107 108 -1.000000
108 108 4.000000
120 108 -1.000000
97 109 -1.000000
109 109 4.000000
110 109 -1.000000
121 109 -1.000000
98 110 -1.000000
109 110 -1.000000
110 110 4.000000
111 110 -1.000000
122 110 -1.000000
99 111 -1.000000
110 111 -1.000000
111 111 4.000000
112 111 -1.000000
123 111 -1.000000
100 112 -1.000000
111 112 -1.000000
112 112 4.000000
113 112 -1.000000
124 112 -1.000000
101 113 -1.000000
112 113 -1.000000
113 113 4.000000
114 113 -1.000000
125 113 -1.000000
102 114 -1.000000
113 114 -1.000000
114 114 4.000000
115 114 -1.000000
126 114 -1.000000
103 115 -1.000000
114 115 -1.000000
115 115 4.000000
116 115 -1.000000
127 115 -1.000000
104 116 -1.000000
115 116 -1.000000
116 116 4.000000
117 116 -1.000000
128 116 -1.000000
105 117 -1.000000
116 117 -1.000000
117 117 4.000000
118 117 -1.000000
129 117 -1.000000
106 118 -1.000000
117 118 -1.000000
118 118 4.000000
119 118 -1.000000
130 118 -1.000000
107 119 -1.000000
118 119 -1.000000
119 119 4.000000
120 119 -1.000000
131 119 -1.000000
108 120 -1.000000
119 120 -1.000000
120 120 4.000000
132 120 -1.000000
109 121 -1.000000
121 121 4.000000
122 121 -1.000000
133 121 -1.000000
110 122 -1.000000
121 122 -1.000000
122 122 4.000000
123 122 -1.000000
134 122 -1.000000
111 123 -1.000000
122 123 -1.000000
123 123 4.000000
124 123 -1.000000
135 123 -1.000000
112 124 -1.000000
123 124 -1.000000
124 124 4.000000
125 124 -1.000000
136 124 -1.000000
113 125 -1.000000
124 125 -1.000000
125 125 4.000000
126 125 -1.000000
137 125 -1.000000
114 126 -1.000000
125 126 -1.000000
126 126 4.000000
127 126 -1.000000
138 126 -1.000000
115 127 -1.000000
126 127 -1.000000
127 127 4.000000
128 127 -1.000000
139 127 -1.000000
116 128 -1.000000
127 128 -1.000000
128 128 4.000000
129 128 -1.000000
140 128 -1.000000
117 129 -1.000000
128 129 -1.000000
129 129 4.000000
130 129 -1.000000
141 129 -1.000000
118 130 -1.000000
129 130 -1.000000
130 130 4.000000
131 130 -1.000000
142 130 -1.000000
119 131 -1.000000
130 131 -1.000000
131 131 4.000000
132 131 -1.000000
143 131 -1.000000
120 132 -1.000000
131 132 -1.000000
132 132 4.000000
144 132 -1.000000
121 133 -1.000000
133 133 4.000000
134 133 -1.000000
122 134 -1.000000
133 134 -1.000000
134 134 4.000000
135 134 -1.000000
123 135 -1.000000
134 135 -1.000000
135 135 4.000000
136 135 -1.000000
124 136 -1.000000
135 136 -1.000000
136 136 4.000000
137 136 -1.000000
125 137 -1.000000
136 137 -1.000000
137 137 4.000000
138 137 -1.000000
126 138 -1.000000
137 138 -1.000000
138 138 4.000000
139 138 -1.000000
127 139 -1.000000
138 139 -1.000000
139 139 4.000000
140 139 -1.000000
128 140 -1.000000
139 140 -1.000000
140 140 4.000000
141 140 -1.000000
129 141 -1.000000
140 141 -1.000000
141 141 4.000000
142 141 -1.000000
130 142 -1.000000
141 142 -1.000000
142 142 4.000000
143 142 -1.000000
131 143 -1.000000
142 143 -1.000000
143 143 4.000000
144 143 -1.000000
132 144 -1.000000
143 144 -1.000000
144 144 4.000000
