1 1 4.000000
2 1 -1.000000
14 1 -1.000000
1 2 -1.000000
2 2 4.000000
3 2 -1.000000
15 2 -1.000000
2 3 -1.000000
3 3 4.000000
4 3 -1.000000
16 3 -1.000000
3 4 -1.000000
4 4 4.000000
5 4 -1.000000
17 4 -1.000000
4 5 -1.000000
5 5 4.000000
6 5 -1.000000
18 5 -1.000000
5 6 -1.000000
6 6 4.000000
7 6 -1.000000
19 6 -1.000000
6 7 -1.000000
7 7 4.000000
8 7 -1.000000
20 7 -1.000000
7 8 -1.000000
8 8 4.000000
9 8 -1.000000
21 8 -1.000000
8 9 -1.000000
9 9 4.000000
10 9 -1.000000
22 9 -1.000000
9 10 -1.000000
10 10 4.000000
11 10 -1.000000
23 10 -1.000000
10 11 -1.000000
11 11 4.000000
12 11 -1.000000
24 11 -1.000000
11 12 -1.000000
12 12 4.000000
13 12 -1.000000
25 12 -1.000000
12 13 -1.000000
13 13 4.000000
26 13 -1.000000
1 14 -1.000000
14 14 4.000000
15 14 -1.000000
27 14 -1.000000
2 15 -1.000000
14 15 -1.000000
15 15 4.000000
16 15 -1.000000
28 15 -1.000000
3 16 -1.000000
15 16 -1.000000
16 16 4.000000
17 16 -1.000000
29 16 -1.000000
4 17 -1.000000
16 17 -1.000000
17 17 4.000000
18 17 -1.000000
30 17 -1.000000
5 18 -1.000000
17 18 -1.000000
18 18 4.000000
19 18 -1.000000
31 18 -1.000000
6 19 -1.000000
18 19 -1.000000
19 19 4.000000
20 19 -1.000000
32 19 -1.000000
7 20 -1.000000
19 20 -1.000000
20 20 4.000000
21 20 -1.000000
33 20 -1.000000
8 21 -1.000000
20 21 -1.000000
21 21 4.000000
22 21 -1.000000
34 21 -1.000000
9 22 -1.000000
21 22 -1.000000
22 22 4.000000
23 22 -1.000000
35 22 -1.000000
10 23 -1.000000
22 23 -1.000000
23 23 4.000000
24 23 -1.000000
36 23 -1.000000
11 24 -1.000000
23 24 -1.000000
24 24 4.000000
25 24 -1.000000
37 24 -1.000000
12 25 -1.000000
24 25 -1.000000
25 25 4.000000
26 25 -1.000000
38 25 -1.000000
13 26 -1.000000
25 26 -1.000000
26 26 4.000000
39 26 -1.000000
14 27 -1.000000
27 27 4.000000
28 27 -1.000000
40 27 -1.000000
15 28 -1.000000
27 28 -1.000000
28 28 4.000000
29 28 -1.000000
41 28 -1.000000
16 29 -1.000000
28 29 -1.000000
29 29 4.000000
30 29 -1.000000
42 29 -1.000000
17 30 -1.000000
29 30 -1.000000
30 30 4.000000
31 30 -1.000000
43 30 -1.000000
18 31 -1.000000
30 31 -1.000000
31 31 4.000000
32 31 -1.000000
44 31 -1.000000
19 32 -1.000000
31 32 -1.000000
32 32 4.000000
33 32 -1.000000
45 32 -1.000000
20 33 -1.000000
32 33 -1.000000
33 33 4.000000
34 33 -1.000000
46 33 -1.000000
21 34 -1.000000
33 34 -1.000000
34 34 4.000000
35 34 -1.000000
47 34 -1.000000
22 35 -1.000000
34 35 -1.000000
35 35 4.000000
36 35 -1.000000
48 35 -1.000000
23 36 -1.000000
35 36 -1.000000
36 36 4.000000
37 36 -1.000000
49 36 -1.000000
24 37 -1.000000
36 37 -1.000000
37 37 4.000000
38 37 -1.000000
50 37 -1.000000
25 38 -1.000000
37 38 -1.000000
38 38 4.000000
39 38 -1.000000
51 38 -1.000000
26 39 -1.000000
38 39 -1.000000
39 39 4.000000
52 39 -1.000000
27 40 -1.000000
40 40 4.000000
41 40 -1.000000
53 40 -1.000000
28 41 -1.000000
40 41 -1.000000
41 41 4.000000
42 41 -1.000000
54 41 -1.000000
29 42 -1.000000
41 42 -1.000000
42 42 4.000000
43 42 -1.000000
55 42 -1.000000
30 43 -1.000000
42 43 -1.000000
43 43 4.000000
44 43 -1.000000
56 43 -1.000000
31 44 -1.000000
43 44 -1.000000
44 44 4.000000
45 44 -1.000000
57 44 -1.000000
32 45 -1.000000
44 45 -1.000000
45 45 4.000000
46 45 -1.000000
58 45 -1.000000
33 46 -1.000000
45 46 -1.000000
46 46 4.000000
47 46 -1.000000
59 46 -1.000000
34 47 -1.000000
46 47 -1.000000
47 47 4.000000
48 47 -1.000000
60 47 -1.000000
35 48 -1.000000
47 48 -1.000000
48 48 4.000000
49 48 -1.000000
61 48 -1.000000
36 49 -1.000000
48 49 -1.000000
49 49 4.000000
50 49 -1.000000
62 49 -1.000000
37 50 -1.000000
49 50 -1.000000
50 50 4.000000
51 50 -1.000000
63 50 -1.000000
38 51 -1.000000
50 51 -1.000000
51 51 4.000000
52 51 -1.000000
64 51 -1.000000
39 52 -1.000000
51 52 -1.000000
52 52 4.000000
65 52 -1.000000
40 53 -1.000000
53 53 4.000000
54 53 -1.000000
66 53 -1.000000
41 54 -1.000000
53 54 -1.000000
54 54 4.000000
55 54 -1.000000
67 54 -1.000000
42 55 -1.000000
54 55 -1.000000
55 55 4.000000
56 55 -1.000000
68 55 -1.000000
43 56 -1.000000
55 56 -1.000000
56 56 4.000000
57 56 -1.000000
69 56 -1.000000
44 57 -1.000000
56 57 -1.000000
57 57 4.000000
58 57 -1.000000
70 57 -1.000000
45 58 -1.000000
57 58 -1.000000
58 58 4.000000
59 58 -1.000000
71 58 -1.000000
46 59 -1.000000
58 59 -1.000000
59 59 4.000000
60 59 -1.000000
72 59 -1.000000
47 60 -1.000000
59 60 -1.000000
60 60 4.000000
61 60 -1.000000
73 60 -1.000000
48 61 -1.000000
60 61 -1.000000
61 61 4.000000
62 61 -1.000000
74 61 -1.000000
49 62 -1.000000
61 62 -1.000000
62 62 4.000000
63 62 -1.000000
75 62 -1.000000
50 63 -1.000000
62 63 -1.000000
63 63 4.000000
64 63 -1.000000
76 63 -1.000000
51 64 -1.000000
63 64 -1.000000
64 64 4.000000
65 64 -1.000000
77 64 -1.000000
52 65 -1.000000
64 65 -1.000000
65 65 4.000000
78 65 -1.000000
53 66 -1.000000
66 66 4.000000
67 66 -1.000000
79 66 -1.000000
54 67 -1.000000
66 67 -1.000000
67 67 4.000000
68 67 -1.000000
80 67 -1.000000
55 68 -1.000000
67 68 -1.000000
68 68 4.000000
69 68 -1.000000
81 68 -1.000000
56 69 -1.000000
68 69 -1.000000
69 69 4.000000
70 69 -1.000000
82 69 -1.000000
57 70 -1.000000
69 70 -1.000000
70 70 4.000000
71 70 -1.000000
83 70 -1.000000
58 71 -1.000000
70 71 -1.000000
71 71 4.000000
72 71 -1.000000
84 71 -1.000000
59 72 -1.000000
71 72 -1.000000
72 72 4.000000
73 72 -1.000000
85 72 -1.000000
60 73 -1.000000
72 73 -1.000000
73 73 4.000000
74 73 -1.000000
86 73 -1.000000
61 74 -1.000000
73 74 -1.000000
74 74 4.000000
75 74 -1.000000
87 74 -1.000000
62 75 -1.000000
74 75 -1.000000
75 75 4.000000
76 75 -1.000000
88 75 -1.000000
63 76 -1.000000
75 76 -1.000000
76 76 4.000000
77 76 -1.000000
89 76 -1.000000
64 77 -1.000000
76 77 -1.000000
77 77 4.000000
78 77 -1.000000
90 77 -1.000000
65 78 -1.000000
77 78 -1.000000
78 78 4.000000
91 78 -1.000000
66 79 -1.000000
79 79 4.000000
80 79 -1.000000
92 79 -1.000000
67 80 -1.000000
79 80 -1.000000
80 80 4.000000
81 80 -1.000000
93 80 -1.000000
68 81 -1.000000
80 81 -1.000000
81 81 4.000000
82 81 -1.000000
94 81 -1.000000
69 82 -1.000000
81 82 -1.000000
82 82 4.000000
83 82 -1.000000
95 82 -1.000000
70 83 -1.000000
82 83 -1.000000
83 83 4.000000
84 83 -1.000000
96 83 -1.000000
71 84 -1.000000
83 84 -1.000000
84 84 4.000000
85 84 -1.000000
97 84 -1.000000
72 85 -1.000000
84 85 -1.000000
85 85 4.000000
86 85 -1.000000
98 85 -1.000000
73 86 -1.000000
85 86 -1.000000
86 86 4.000000
87 86 -1.000000
99 86 -1.000000
74 87 -1.000000
86 87 -1.000000
87 87 4.000000
88 87 -1.000000
100 87 -1.000000
75 88 -1.000000
87 88 -1.000000
88 88 4.000000
89 88 -1.000000
101 88 -1.000000
76 89 -1.000000
88 89 -1.000000
89 89 4.000000
90 89 -1.000000
102 89 -1.000000
77 90 -1.000000
89 90 -1.000000
90 90 4.000000
91 90 -1.000000
103 90 -1.000000
78 91 -1.000000
90 91 -1.000000
91 91 4.000000
104 91 -1.000000
79 92 -1.000000
92 92 4.000000
93 92 -1.000000
105 92 -1.000000
80 93 -1.000000
92 93 -1.000000
93 93 4.000000
94 93 -1.000000
106 93 -1.000000
81 94 -1.000000
93 94 -1.000000
94 94 4.000000
95 94 -1.000000
107 94 -1.000000
82 95 -1.000000
94 95 -1.000000
95 95 4.000000
96 95 -1.000000
108 95 -1.000000
83 96 -1.000000
95 96 -1.000000
96 96 4.000000
97 96 -1.000000
109 96 -1.000000
84 97 -1.000000
96 97 -1.000000
97 97 4.000000
98 97 -1.000000
110 97 -1.000000
85 98 -1.000000
97 98 -1.000000
98 98 4.000000
99 98 -1.000000
111 98 -1.000000
86 99 -1.000000
98 99 -1.000000
99 99 4.000000
100 99 -1.000000
112 99 -1.000000
87 100 -1.000000
99 100 -1.000000
100 100 4.000000
101 100 -1.000000
113 100 -1.000000
88 101 -1.000000
100 101 -1.000000
101 101 4.000000
102 101 -1.000000
114 101 -1.000000
89 102 -1.000000
101 102 -1.000000
102 102 4.000000
103 102 -1.000000
115 102 -1.000000
90 103 -1.000000
102 103 -1.000000
103 103 4.000000
104 103 -1.000000
116 103 -1.000000
91 104 -1.000000
103 104 -1.000000
104 104 4.000000
117 104 -1.000000
92 105 -1.000000
105 105 4.000000
106 105 -1.000000
118 105 -1.000000
93 106 -1.000000
105 106 -1.000000
106 106 4.000000
107 106 -1.000000
119 106 -1.000000
94 107 -1.000000
106 107 -1.000000
107 107 4.000000
108 107 -1.000000
120 107 -1.000000
95 108 -1.000000
107 108 -1.000000
108 108 4.000000
109 108 -1.000000
121 108 -1.000000
96 109 -1.000000
108 109 -1.000000
109 109 4.000000
110 109 -1.000000
122 109 -1.000000
97 110 -1.000000
109 110 -1.000000
110 110 4.000000
111 110 -1.000000
123 110 -1.000000
98 111 -1.000000
110 111 -1.000000
111 111 4.000000
112 111 -1.000000
124 111 -1.000000
99 112 -1.000000
111 112 -1.000000
112 112 4.000000
113 112 -1.000000
125 112 -1.000000
100 113 -1.000000
112 113 -1.000000
113 113 4.000000
114 113 -1.000000
126 113 -1.000000
101 114 -1.000000
113 114 -1.000000
114 114 4.000000
115 114 -1.000000
127 114 -1.000000
102 115 -1.000000
114 115 -1.000000
115 115 4.000000
116 115 -1.000000
128 115 -1.000000
103 116 -1.000000
115 116 -1.000000
116 116 4.000000
117 116 -1.000000
129 116 -1.000000
104 117 -1.000000
116 117 -1.000000
117 117 4.000000
130 117 -1.000000
105 118 -1.000000
118 118 4.000000
119 118 -1.000000
131 118 -1.000000
106 119 -1.000000
118 119 -1.000000
119 119 4.000000
120 119 -1.000000
132 119 -1.000000
107 120 -1.000000
119 120 -1.000000
120 120 4.000000
121 120 -1.000000
133 120 -1.000000
108 121 -1.000000
120 121 -1.000000
121 121 4.000000
122 121 -1.000000
134 121 -1.000000
109 122 -1.000000
121 122 -1.000000
122 122 4.000000
123 122 -1.000000
135 122 -1.000000
110 123 -1.000000
122 123 -1.000000
123 123 4.000000
124 123 -1.000000
136 123 -1.000000
111 124 -1.000000
123 124 -1.000000
124 124 4.000000
125 124 -1.000000
137 124 -1.000000
112 125 -1.000000
124 125 -1.000000
125 125 4.000000
126 125 -1.000000
138 125 -1.000000
113 126 -1.000000
125 126 -1.000000
126 126 4.000000
127 126 -1.000000
139 126 -1.000000
114 127 -1.000000
126 127 -1.000000
127 127 4.000000
128 127 -1.000000
140 127 -1.000000
115 128 -1.000000
127 128 -1.000000
128 128 4.000000
129 128 -1.000000
141 128 -1.000000
116 129 -1.000000
128 129 -1.000000
129 129 4.000000
130 129 -1.000000
142 129 -1.000000
117 130 -1.000000
129 130 -1.000000
130 130 4.000000
143 130 -1.000000
118 131 -1.000000
131 131 4.000000
132 131 -1.000000
144 131 -1.000000
119 132 -1.000000
131 132 -1.000000
132 132 4.000000
133 132 -1.000000
145 132 -1.000000
120 133 -1.000000
132 133 -1.000000
133 133 4.000000
134 133 -1.000000
146 133 -1.000000
121 134 -1.000000
133 134 -1.000000
134 134 4.000000
135 134 -1.000000
147 134 -1.000000
122 135 -1.000000
134 135 -1.000000
135 135 4.000000
136 135 -1.000000
148 135 -1.000000
123 136 -1.000000
135 136 -1.000000
136 136 4.000000
137 136 -1.000000
149 136 -1.000000
124 137 -1.000000
136 137 -1.000000
137 137 4.000000
138 137 -1.000000
150 137 -1.000000
125 138 -1.000000
137 138 -1.000000
138 138 4.000000
139 138 -1.000000
151 138 -1.000000
126 139 -1.000000
138 139 -1.000000
139 139 4.000000
140 139 -1.000000
152 139 -1.000000
127 140 -1.000000
139 140 -1.000000
140 140 4.000000
141 140 -1.000000
153 140 -1.000000
128 141 -1.000000
140 141 -1.000000
141 141 4.000000
142 141 -1.000000
154 141 -1.000000
129 142 -1.000000
141 142 -1.000000
142 142 4.000000
143 142 -1.000000
155 142 -1.000000
130 143 -1.000000
142 143 -1.000000
143 143 4.000000
156 143 -1.000000
131 144 -1.000000
144 144 4.000000
145 144 -1.000000
157 144 -1.000000
132 145 -1.000000
144 145 -1.000000
145 145 4.000000
146 145 -1.000000
158 145 -1.000000
133 146 -1.000000
145 146 -1.000000
146 146 4.000000
147 146 -1.000000
159 146 -1.000000
134 147 -1.000000
146 147 -1.000000
147 147 4.000000
148 147 -1.000000
160 147 -1.000000
135 148 -1.000000
147 148 -1.000000
148 148 4.000000
149 148 -1.000000
161 148 -1.000000
136 149 -1.000000
148 149 -1.000000
149 149 4.000000
150 149 -1.000000
162 149 -1.000000
137 150 -1.000000
149 150 -1.000000
150 150 4.000000
151 150 -1.000000
163 150 -1.000000
138 151 -1.000000
150 151 -1.000000
151 151 4.000000
152 151 -1.000000
164 151 -1.000000
139 152 -1.000000
151 152 -1.000000
152 152 4.000000
153 152 -1.000000
165 152 -1.000000
140 153 -1.000000
152 153 -1.000000
153 153 4.000000
154 153 -1.000000
166 153 -1.000000
141 154 -1.000000
153 154 -1.000000
154 154 4.000000
155 154 -1.000000
167 154 -1.000000
142 155 -1.000000
154 155 -1.000000
155 155 4.000000
156 155 -1.000000
168 155 -1.000000
143 156 -1.000000
155 156 -1.000000
156 156 4.000000
169 156 -1.000000
144 157 -1.000000
157 157 4.000000
158 157 -1.000000
145 158 -1.000000
157 158 -1.000000
158 158 4.000000
159 158 -1.000000
146 159 -1.000000
158 159 -1.000000
159 159 4.000000
160 159 -1.000000
147 160 -1.000000
159 160 -1.000000
160 160 4.000000
161 160 -1.000000
148 161 -1.000000
160 161 -1.000000
161 161 4.000000
162 161 -1.000000
149 162 -1.000000
161 162 -1.000000
162 162 4.000000
163 162 -1.000000
150 163 -1.000000
162 163 -1.000000
163 163 4.000000
164 163 -1.000000
151 164 -1.000000
163 164 -1.000000
164 164 4.000000
165 164 -1.000000
152 165 -1.000000
164 165 -1.000000
165 165 4.000000
166 165 -1.000000
153 166 -1.000000
165 166 -1.000000
166 166 4.000000
167 166 -1.000000
154 167 -1.000000
166 167 -1.000000
167 167 4.000000
168 167 -1.000000
155 168 -1.000000
167 168 -1.000000
168 168 4.000000
169 168 -1.000000
156 169 -1.000000
168 169 -1.000000
169 169 4.000000
