1 1 4.000000
2 1 -1.000000
15 1 -1.000000
1 2 -1.000000
2 2 4.000000
3 2 -1.000000
16 2 -1.000000
2 3 -1.000000
3 3 4.000000
4 3 -1.000000
17 3 -1.000000
3 4 -1.000000
4 4 4.000000
5 4 -1.000000
18 4 -1.000000
4 5 -1.000000
5 5 4.000000
6 5 -1.000000
19 5 -1.000000
5 6 -1.000000
6 6 4.000000
7 6 -1.000000
20 6 -1.000000
6 7 -1.000000
7 7 4.000000
8 7 -1.000000
21 7 -1.000000
7 8 -1.000000
8 8 4.000000
9 8 -1.000000
22 8 -1.000000
8 9 -1.000000
9 9 4.000000
10 9 -1.000000
23 9 -1.000000
9 10 -1.000000
10 10 4.000000
11 10 -1.000000
24 10 -1.000000
10 11 -1.000000
11 11 4.000000
12 11 -1.000000
25 11 -1.000000
11 12 -1.000000
12 12 4.000000
13 12 -1.000000
26 12 -1.000000
12 13 -1.000000
13 13 4.000000
14 13 -1.000000
27 13 -1.000000
13 14 -1.000000
14 14 4.000000
28 14 -1.000000
1 15 -1.000000
15 15 4.000000
16 15 -1.000000
29 15 -1.000000
2 16 -1.000000
15 16 -1.000000
16 16 4.000000
17 16 -1.000000
30 16 -1.000000
3 17 -1.000000
16 17 -1.000000
17 17 4.000000
18 17 -1.000000
31 17 -1.000000
4 18 -1.000000
17 18 -1.000000
18 18 4.000000
19 18 -1.000000
32 18 -1.000000
5 19 -1.000000
18 19 -1.000000
19 19 4.000000
20 19 -1.000000
33 19 -1.000000
6 20 -1.000000
19 20 -1.000000
20 20 4.000000
21 20 -1.000000
34 20 -1.000000
7 21 -1.000000
20 21 -1.000000
21 21 4.000000
22 21 -1.000000
35 21 -1.000000
8 22 -1.000000
21 22 -1.000000
22 22 4.000000
23 22 -1.000000
36 22 -1.000000
9 23 -1.000000
22 23 -1.000000
23 23 4.000000
24 23 -1.000000
37 23 -1.000000
10 24 -1.000000
23 24 -1.000000
24 24 4.000000
25 24 -1.000000
38 24 -1.000000
11 25 -1.000000
24 25 -1.000000
25 25 4.000000
26 25 -1.000000
39 25 -1.000000
12 26 -1.000000
25 26 -1.000000
26 26 4.000000
27 26 -1.000000
40 26 -1.000000
13 27 -1.000000
26 27 -1.000000
27 27 4.000000
28 27 -1.000000
41 27 -1.000000
14 28 -1.000000
27 28 -1.000000
28 28 4.000000
42 28 -1.000000
15 29 -1.000000
29 29 4.000000
30 29 -1.000000
43 29 -1.000000
16 30 -1.000000
29 30 -1.000000
30 30 4.000000
31 30 -1.000000
44 30 -1.000000
17 31 -1.000000
30 31 -1.000000
31 31 4.000000
32 31 -1.000000
45 31 -1.000000
18 32 -1.000000
31 32 -1.000000
32 32 4.000000
33 32 -1.000000
46 32 -1.000000
19 33 -1.000000
32 33 -1.000000
33 33 4.000000
34 33 -1.000000
47 33 -1.000000
20 34 -1.000000
33 34 -1.000000
34 34 4.000000
35 34 -1.000000
48 34 -1.000000
21 35 -1.000000
34 35 -1.000000
35 35 4.000000
36 35 -1.000000
49 35 -1.000000
22 36 -1.000000
35 36 -1.000000
36 36 4.000000
37 36 -1.000000
50 36 -1.000000
23 37 -1.000000
36 37 -1.000000
37 37 4.000000
38 37 -1.000000
51 37 -1.000000
24 38 -1.000000
37 38 -1.000000
38 38 4.000000
39 38 -1.000000
52 38 -1.000000
25 39 -1.000000
38 39 -1.000000
39 39 4.000000
40 39 -1.000000
53 39 -1.000000
26 40 -1.000000
39 40 -1.000000
40 40 4.000000
41 40 -1.000000
54 40 -1.000000
27 41 -1.000000
40 41 -1.000000
41 41 4.000000
42 41 -1.000000
55 41 -1.000000
28 42 -1.000000
41 42 -1.000000
42 42 4.000000
56 42 -1.000000
29 43 -1.000000
43 43 4.000000
44 43 -1.000000
57 43 -1.000000
30 44 -1.000000
43 44 -1.000000
44 44 4.000000
45 44 -1.000000
58 44 -1.000000
31 45 -1.000000
44 45 -1.000000
45 45 4.000000
46 45 -1.000000
59 45 -1.000000
32 46 -1.000000
45 46 -1.000000
46 46 4.000000
47 46 -1.000000
60 46 -1.000000
33 47 -1.000000
46 47 -1.000000
47 47 4.000000
48 47 -1.000000
61 47 -1.000000
34 48 -1.000000
47 48 -1.000000
48 48 4.000000
49 48 -1.000000
62 48 -1.000000
35 49 -1.000000
48 49 -1.000000
49 49 4.000000
50 49 -1.000000
63 49 -1.000000
36 50 -1.000000
49 50 -1.000000
50 50 4.000000
51 50 -1.000000
64 50 -1.000000
37 51 -1.000000
50 51 -1.000000
51 51 4.000000
52 51 -1.000000
65 51 -1.000000
38 52 -1.000000
51 52 -1.000000
52 52 4.000000
53 52 -1.000000
66 52 -1.000000
39 53 -1.000000
52 53 -1.000000
53 53 4.000000
54 53 -1.000000
67 53 -1.000000
40 54 -1.000000
53 54 -1.000000
54 54 4.000000
55 54 -1.000000
68 54 -1.000000
41 55 -1.000000
54 55 -1.000000
55 55 4.000000
56 55 -1.000000
69 55 -1.000000
42 56 -1.000000
55 56 -1.000000
56 56 4.000000
70 56 -1.000000
43 57 -1.000000
57 57 4.000000
58 57 -1.000000
71 57 -1.000000
44 58 -1.000000
57 58 -1.000000
58 58 4.000000
59 58 -1.000000
72 58 -1.000000
45 59 -1.000000
58 59 -1.000000
59 59 4.000000
60 59 -1.000000
73 59 -1.000000
46 60 -1.000000
59 60 -1.000000
60 60 4.000000
61 60 -1.000000
74 60 -1.000000
47 61 -1.000000
60 61 -1.000000
61 61 4.000000
62 61 -1.000000
75 61 -1.000000
48 62 -1.000000
61 62 -1.000000
62 62 4.000000
63 62 -1.000000
76 62 -1.000000
49 63 -1.000000
62 63 -1.000000
63 63 4.000000
64 63 -1.000000
77 63 -1.000000
50 64 -1.000000
63 64 -1.000000
64 64 4.000000
65 64 -1.000000
78 64 -1.000000
51 65 -1.000000
64 65 -1.000000
65 65 4.000000
66 65 -1.000000
79 65 -1.000000
52 66 -1.000000
65 66 -1.000000
66 66 4.000000
67 66 -1.000000
80 66 -1.000000
53 67 -1.000000
66 67 -1.000000
67 67 4.000000
68 67 -1.000000
81 67 -1.000000
54 68 -1.000000
67 68 -1.000000
68 68 4.000000
69 68 -1.000000
82 68 -1.000000
55 69 -1.000000
68 69 -1.000000
69 69 4.000000
70 69 -1.000000
83 69 -1.000000
56 70 -1.000000
69 70 -1.000000
70 70 4.000000
84 70 -1.000000
57 71 -1.000000
71 71 4.000000
72 71 -1.000000
85 71 -1.000000
58 72 -1.000000
71 72 -1.000000
72 72 4.000000
73 72 -1.000000
86 72 -1.000000
59 73 -1.000000
72 73 -1.000000
73 73 4.000000
74 73 -1.000000
87 73 -1.000000
60 74 -1.000000
73 74 -1.000000
74 74 4.000000
75 74 -1.000000
88 74 -1.000000
61 75 -1.000000
74 75 -1.000000
75 75 4.000000
76 75 -1.000000
89 75 -1.000000
62 76 -1.000000
75 76 -1.000000
76 76 4.000000
77 76 -1.000000
90 76 -1.000000
63 77 -1.000000
76 77 -1.000000
77 77 4.000000
78 77 -1.000000
91 77 -1.000000
64 78 -1.000000
77 78 -1.000000
78 78 4.000000
79 78 -1.000000
92 78 -1.000000
65 79 -1.000000
78 79 -1.000000
79 79 4.000000
80 79 -1.000000
93 79 -1.000000
66 80 -1.000000
79 80 -1.000000
80 80 4.000000
81 80 -1.000000
94 80 -1.000000
67 81 -1.000000
80 81 -1.000000
81 81 4.000000
82 81 -1.000000
95 81 -1.000000
68 82 -1.000000
81 82 -1.000000
82 82 4.000000
83 82 -1.000000
96 82 -1.000000
69 83 -1.000000
82 83 -1.000000
83 83 4.000000
84 83 -1.000000
97 83 -1.000000
70 84 -1.000000
83 84 -1.000000
84 84 4.000000
98 84 -1.000000
71 85 -1.000000
85 85 4.000000
86 85 -1.000000
99 85 -1.000000
72 86 -1.000000
85 86 -1.000000
86 86 4.000000
87 86 -1.000000
100 86 -1.000000
73 87 -1.000000
86 87 -1.000000
87 87 4.000000
88 87 -1.000000
101 87 -1.000000
74 88 -1.000000
87 88 -1.000000
88 88 4.000000
89 88 -1.000000
102 88 -1.000000
75 89 -1.000000
88 89 -1.000000
89 89 4.000000
90 89 -1.000000
103 89 -1.000000
76 90 -1.000000
89 90 -1.000000
90 90 4.000000
91 90 -1.000000
104 90 -1.000000
77 91 -1.000000
90 91 -1.000000
91 91 4.000000
92 91 -1.000000
105 91 -1.000000
78 92 -1.000000
91 92 -1.000000
92 92 4.000000
93 92 -1.000000
106 92 -1.000000
79 93 -1.000000
92 93 -1.000000
93 93 4.000000
94 93 -1.000000
107 93 -1.000000
80 94 -1.000000
93 94 -1.000000
94 94 4.000000
95 94 -1.000000
108 94 -1.000000
81 95 -1.000000
94 95 -1.000000
95 95 4.000000
96 95 -1.000000
109 95 -1.000000
82 96 -1.000000
95 96 -1.000000
96 96 4.000000
97 96 -1.000000
110 96 -1.000000
83 97 -1.000000
96 97 -1.000000
97 97 4.000000
98 97 -1.000000
111 97 -1.000000
84 98 -1.000000
97 98 -1.000000
98 98 4.000000
112 98 -1.000000
85 99 -1.000000
99 99 4.000000
100 99 -1.000000
113 99 -1.000000
86 100 -1.000000
99 100 -1.000000
100 100 4.000000
101 100 -1.000000
114 100 -1.000000
87 101 -1.000000
100 101 -1.000000
101 101 4.000000
102 101 -1.000000
115 101 -1.000000
88 102 -1.000000
101 102 -1.000000
102 102 4.000000
103 102 -1.000000
116 102 -1.000000
89 103 -1.000000
102 103 -1.000000
103 103 4.000000
104 103 -1.000000
117 103 -1.000000
90 104 -1.000000
103 104 -1.000000
104 104 4.000000
105 104 -1.000000
118 104 -1.000000
91 105 -1.000000
104 105 -1.000000
105 105 4.000000
106 105 -1.000000
119 105 -1.000000
92 106 -1.000000
105 106 -1.000000
106 106 4.000000
107 106 -1.000000
120 106 -1.000000
93 107 -1.000000
106 107 -1.000000
107 107 4.000000
108 107 -1.000000
121 107 -1.000000
94 108 -1.000000
107 108 -1.000000
108 108 4.000000
109 108 -1.000000
122 108 -1.000000
95 109 -1.000000
108 109 -1.000000
109 109 4.000000
110 109 -1.000000
123 109 -1.000000
96 110 -1.000000
109 110 -1.000000
110 110 4.000000
111 110 -1.000000
124 110 -1.000000
97 111 -1.000000
110 111 -1.000000
111 111 4.000000
112 111 -1.000000
125 111 -1.000000
98 112 -1.000000
111 112 -1.000000
112 112 4.000000
126 112 -1.000000
99 113 -1.000000
113 113 4.000000
114 113 -1.000000
127 113 -1.000000
100 114 -1.000000
113 114 -1.000000
114 114 4.000000
115 114 -1.000000
128 114 -1.000000
101 115 -1.000000
114 115 -1.000000
115 115 4.000000
116 115 -1.000000
129 115 -1.000000
102 116 -1.000000
115 116 -1.000000
116 116 4.000000
117 116 -1.000000
130 116 -1.000000
103 117 -1.000000
116 117 -1.000000
117 117 4.000000
118 117 -1.000000
131 117 -1.000000
104 118 -1.000000
117 118 -1.000000
118 118 4.000000
119 118 -1.000000
132 118 -1.000000
105 119 -1.000000
118 119 -1.000000
119 119 4.000000
120 119 -1.000000
133 119 -1.000000
106 120 -1.000000
119 120 -1.000000
120 120 4.000000
121 120 -1.000000
134 120 -1.000000
107 121 -1.000000
120 121 -1.000000
121 121 4.000000
122 121 -1.000000
135 121 -1.000000
108 122 -1.000000
121 122 -1.000000
122 122 4.000000
123 122 -1.000000
136 122 -1.000000
109 123 -1.000000
122 123 -1.000000
123 123 4.000000
124 123 -1.000000
137 123 -1.000000
110 124 -1.000000
123 124 -1.000000
124 124 4.000000
125 124 -1.000000
138 124 -1.000000
111 125 -1.000000
124 125 -1.000000
125 125 4.000000
126 125 -1.000000
139 125 -1.000000
112 126 -1.000000
125 126 -1.000000
126 126 4.000000
140 126 -1.000000
113 127 -1.000000
127 127 4.000000
128 127 -1.000000
141 127 -1.000000
114 128 -1.000000
127 128 -1.000000
128 128 4.000000
129 128 -1.000000
142 128 -1.000000
115 129 -1.000000
128 129 -1.000000
129 129 4.000000
130 129 -1.000000
143 129 -1.000000
116 130 -1.000000
129 130 -1.000000
130 130 4.000000
131 130 -1.000000
144 130 -1.000000
117 131 -1.000000
130 131 -1.000000
131 131 4.000000
132 131 -1.000000
145 131 -1.000000
118 132 -1.000000
131 132 -1.000000
132 132 4.000000
133 132 -1.000000
146 132 -1.000000
119 133 -1.000000
132 133 -1.000000
133 133 4.000000
134 133 -1.000000
147 133 -1.000000
120 134 -1.000000
133 134 -1.000000
134 134 4.000000
135 134 -1.000000
148 134 -1.000000
121 135 -1.000000
134 135 -1.000000
135 135 4.000000
136 135 -1.000000
149 135 -1.000000
122 136 -1.000000
135 136 -1.000000
136 136 4.000000
137 136 -1.000000
150 136 -1.000000
123 137 -1.000000
136 137 -1.000000
137 137 4.000000
138 137 -1.000000
151 137 -1.000000
124 138 -1.000000
137 138 -1.000000
138 138 4.000000
139 138 -1.000000
152 138 -1.000000
125 139 -1.000000
138 139 -1.000000
139 139 4.000000
140 139 -1.000000
153 139 -1.000000
126 140 -1.000000
139 140 -1.000000
140 140 4.000000
154 140 -1.000000
127 141 -1.000000
141 141 4.000000
142 141 -1.000000
155 141 -1.000000
128 142 -1.000000
141 142 -1.000000
142 142 4.000000
143 142 -1.000000
156 142 -1.000000
129 143 -1.000000
142 143 -1.000000
143 143 4.000000
144 143 -1.000000
157 143 -1.000000
130 144 -1.000000
143 144 -1.000000
144 144 4.000000
145 144 -1.000000
158 144 -1.000000
131 145 -1.000000
144 145 -1.000000
145 145 4.000000
146 145 -1.000000
159 145 -1.000000
132 146 -1.000000
145 146 -1.000000
146 146 4.000000
147 146 -1.000000
160 146 -1.000000
133 147 -1.000000
146 147 -1.000000
147 147 4.000000
148 147 -1.000000
161 147 -1.000000
134 148 -1.000000
147 148 -1.000000
148 148 4.000000
149 148 -1.000000
162 148 -1.000000
135 149 -1.000000
148 149 -1.000000
149 149 4.000000
150 149 -1.000000
163 149 -1.000000
136 150 -1.000000
149 150 -1.000000
150 150 4.000000
151 150 -1.000000
164 150 -1.000000
137 151 -1.000000
150 151 -1.000000
151 151 4.000000
152 151 -1.000000
165 151 -1.000000
138 152 -1.000000
151 152 -1.000000
152 152 4.000000
153 152 -1.000000
166 152 -1.000000
139 153 -1.000000
152 153 -1.000000
153 153 4.000000
154 153 -1.000000
167 153 -1.000000
140 154 -1.000000
153 154 -1.000000
154 154 4.000000
168 154 -1.000000
141 155 -1.000000
155 155 4.000000
156 155 -1.000000
169 155 -1.000000
142 156 -1.000000
155 156 -1.000000
156 156 4.000000
157 156 -1.000000
170 156 -1.000000
143 157 -1.000000
156 157 -1.000000
157 157 4.000000
158 157 -1.000000
171 157 -1.000000
144 158 -1.000000
157 158 -1.000000
158 158 4.000000
159 158 -1.000000
172 158 -1.000000
145 159 -1.000000
158 159 -1.000000
159 159 4.000000
160 159 -1.000000
173 159 -1.000000
146 160 -1.000000
159 160 -1.000000
160 160 4.000000
161 160 -1.000000
174 160 -1.000000
147 161 -1.000000
160 161 -1.000000
161 161 4.000000
162 161 -1.000000
175 161 -1.000000
148 162 -1.000000
161 162 -1.000000
162 162 4.000000
163 162 -1.000000
176 162 -1.000000
149 163 -1.000000
162 163 -1.000000
163 163 4.000000
164 163 -1.000000
177 163 -1.000000
150 164 -1.000000
163 164 -1.000000
164 164 4.000000
165 164 -1.000000
178 164 -1.000000
151 165 -1.000000
164 165 -1.000000
165 165 4.000000
166 165 -1.000000
179 165 -1.000000
152 166 -1.000000
165 166 -1.000000
166 166 4.000000
167 166 -1.000000
180 166 -1.000000
153 167 -1.000000
166 167 -1.000000
167 167 4.000000
168 167 -1.000000
181 167 -1.000000
154 168 -1.000000
167 168 -1.000000
168 168 4.000000
182 168 -1.000000
155 169 -1.000000
169 169 4.000000
170 169 -1.000000
183 169 -1.000000
156 170 -1.000000
169 170 -1.000000
170 170 4.000000
171 170 -1.000000
184 170 -1.000000
157 171 -1.000000
170 171 -1.000000
171 171 4.000000
172 171 -1.000000
185 171 -1.000000
158 172 -1.000000
171 172 -1.000000
172 172 4.000000
173 172 -1.000000
186 172 -1.000000
159 173 -1.000000
172 173 -1.000000
173 173 4.000000
174 173 -1.000000
187 173 -1.000000
160 174 -1.000000
173 174 -1.000000
174 174 4.000000
175 174 -1.000000
188 174 -1.000000
161 175 -1.000000
174 175 -1.000000
175 175 4.000000
176 175 -1.000000
189 175 -1.000000
162 176 -1.000000
175 176 -1.000000
176 176 4.000000
177 176 -1.000000
190 176 -1.000000
163 177 -1.000000
176 177 -1.000000
177 177 4.000000
178 177 -1.000000
191 177 -1.000000
164 178 -1.000000
177 178 -1.000000
178 178 4.000000
179 178 -1.000000
192 178 -1.000000
165 179 -1.000000
178 179 -1.000000
179 179 4.000000
180 179 -1.000000
193 179 -1.000000
166 180 -1.000000
179 180 -1.000000
180 180 4.000000
181 180 -1.000000
194 180 -1.000000
167 181 -1.000000
180 181 -1.000000
181 181 4.000000
182 181 -1.000000
195 181 -1.000000
168 182 -1.000000
181 182 -1.000000
182 182 4.000000
196 182 -1.000000
169 183 -1.000000
183 183 4.000000
184 183 -1.000000
170 184 -1.000000
183 184 -1.000000
184 184 4.000000
185 184 -1.000000
171 185 -1.000000
184 185 -1.000000
185 185 4.000000
186 185 -1.000000
172 186 -1.000000
185 186 -1.000000
186 186 4.000000
187 186 -1.000000
173 187 -1.000000
186 187 -1.000000
187 187 4.000000
188 187 -1.000000
174 188 -1.000000
187 188 -1.000000
188 188 4.000000
189 188 -1.000000
175 189 -1.000000
188 189 -1.000000
189 189 4.000000
190 189 -1.000000
176 190 -1.000000
189 190 -1.000000
190 190 4.000000
191 190 -1.000000
177 191 -1.000000
190 191 -1.000000
191 191 4.000000
192 191 -1.000000
178 192 -1.000000
191 192 -1.000000
192 192 4.000000
193 192 -1.000000
179 193 -1.000000
192 193 -1.000000
193 193 4.000000
194 193 -1.000000
180 194 -1.000000
193 194 -1.000000
194 194 4.000000
195 194 -1.000000
181 195 -1.000000
194 195 -1.000000
195 195 4.000000
196 195 -1.000000
182 196 -1.000000
195 196 -1.000000
196 196 4.000000
