1 1 4.000000
2 1 -1.000000
16 1 -1.000000
1 2 -1.000000
2 2 4.000000
3 2 -1.000000
17 2 -1.000000
2 3 -1.000000
3 3 4.000000
4 3 -1.000000
18 3 -1.000000
3 4 -1.000000
4 4 4.000000
5 4 -1.000000
19 4 -1.000000
4 5 -1.000000
5 5 4.000000
6 5 -1.000000
20 5 -1.000000
5 6 -1.000000
6 6 4.000000
7 6 -1.000000
21 6 -1.000000
6 7 -1.000000
7 7 4.000000
8 7 -1.000000
22 7 -1.000000
7 8 -1.000000
8 8 4.000000
9 8 -1.000000
23 8 -1.000000
8 9 -1.000000
9 9 4.000000
10 9 -1.000000
24 9 -1.000000
9 10 -1.000000
10 10 4.000000
11 10 -1.000000
25 10 -1.000000
10 11 -1.000000
11 11 4.000000
12 11 -1.000000
26 11 -1.000000
11 12 -1.000000
12 12 4.000000
13 12 -1.000000
27 12 -1.000000
12 13 -1.000000
13 13 4.000000
14 13 -1.000000
28 13 -1.000000
13 14 -1.000000
14 14 4.000000
15 14 -1.000000
29 14 -1.000000
14 15 -1.000000
15 15 4.000000
30 15 -1.000000
1 16 -1.000000
16 16 4.000000
17 16 -1.000000
31 16 -1.000000
2 17 -1.000000
16 17 -1.000000
17 17 4.000000
18 17 -1.000000
32 17 -1.000000
3 18 -1.000000
17 18 -1.000000
18 18 4.000000
19 18 -1.000000
33 18 -1.000000
4 19 -1.000000
18 19 -1.000000
19 19 4.000000
20 19 -1.000000
34 19 -1.000000
5 20 -1.000000
19 20 -1.000000
20 20 4.000000
21 20 -1.000000
35 20 -1.000000
6 21 -1.000000
20 21 -1.000000
21 21 4.000000
22 21 -1.000000
36 21 -1.000000
7 22 -1.000000
21 22 -1.000000
22 22 4.000000
23 22 -1.000000
37 22 -1.000000
8 23 -1.000000
22 23 -1.000000
23 23 4.000000
24 23 -1.000000
38 23 -1.000000
9 24 -1.000000
23 24 -1.000000
24 24 4.000000
25 24 -1.000000
39 24 -1.000000
10 25 -1.000000
24 25 -1.000000
25 25 4.000000
26 25 -1.000000
40 25 -1.000000
11 26 -1.000000
25 26 -1.000000
26 26 4.000000
27 26 -1.000000
41 26 -1.000000
12 27 -1.000000
26 27 -1.000000
27 27 4.000000
28 27 -1.000000
42 27 -1.000000
13 28 -1.000000
27 28 -1.000000
28 28 4.000000
29 28 -1.000000
43 28 -1.000000
14 29 -1.000000
28 29 -1.000000
29 29 4.000000
30 29 -1.000000
44 29 -1.000000
15 30 -1.000000
29 30 -1.000000
30 30 4.000000
45 30 -1.000000
16 31 -1.000000
31 31 4.000000
32 31 -1.000000
46 31 -1.000000
17 32 -1.000000
31 32 -1.000000
32 32 4.000000
33 32 -1.000000
47 32 -1.000000
18 33 -1.000000
32 33 -1.000000
33 33 4.000000
34 33 -1.000000
48 33 -1.000000
19 34 -1.000000
33 34 -1.000000
34 34 4.000000
35 34 -1.000000
49 34 -1.000000
20 35 -1.000000
34 35 -1.000000
35 35 4.000000
36 35 -1.000000
50 35 -1.000000
21 36 -1.000000
35 36 -1.000000
36 36 4.000000
37 36 -1.000000
51 36 -1.000000
22 37 -1.000000
36 37 -1.000000
37 37 4.000000
38 37 -1.000000
52 37 -1.000000
23 38 -1.000000
37 38 -1.000000
38 38 4.000000
39 38 -1.000000
53 38 -1.000000
24 39 -1.000000
38 39 -1.000000
39 39 4.000000
40 39 -1.000000
54 39 -1.000000
25 40 -1.000000
39 40 -1.000000
40 40 4.000000
41 40 -1.000000
55 40 -1.000000
26 41 -1.000000
40 41 -1.000000
41 41 4.000000
42 41 -1.000000
56 41 -1.000000
27 42 -1.000000
41 42 -1.000000
42 42 4.000000
43 42 -1.000000
57 42 -1.000000
28 43 -1.000000
42 43 -1.000000
43 43 4.000000
44 43 -1.000000
58 43 -1.000000
29 44 -1.000000
43 44 -1.000000
44 44 4.000000
45 44 -1.000000
59 44 -1.000000
30 45 -1.000000
44 45 -1.000000
45 45 4.000000
60 45 -1.000000
31 46 -1.000000
46 46 4.000000
47 46 -1.000000
61 46 -1.000000
32 47 -1.000000
46 47 -1.000000
47 47 4.000000
48 47 -1.000000
62 47 -1.000000
33 48 -1.000000
47 48 -1.000000
48 48 4.000000
49 48 -1.000000
63 48 -1.000000
34 49 -1.000000
48 49 -1.000000
49 49 4.000000
50 49 -1.000000
64 49 -1.000000
35 50 -1.000000
49 50 -1.000000
50 50 4.000000
51 50 -1.000000
65 50 -1.000000
36 51 -1.000000
50 51 -1.000000
51 51 4.000000
52 51 -1.000000
66 51 -1.000000
37 52 -1.000000
51 52 -1.000000
52 52 4.000000
53 52 -1.000000
67 52 -1.000000
38 53 -1.000000
52 53 -1.000000
53 53 4.000000
54 53 -1.000000
68 53 -1.000000
39 54 -1.000000
53 54 -1.000000
54 54 4.000000
55 54 -1.000000
69 54 -1.000000
40 55 -1.000000
54 55 -1.000000
55 55 4.000000
56 55 -1.000000
70 55 -1.000000
41 56 -1.000000
55 56 -1.000000
56 56 4.000000
57 56 -1.000000
71 56 -1.000000
42 57 -1.000000
56 57 -1.000000
57 57 4.000000
58 57 -1.000000
72 57 -1.000000
43 58 -1.000000
57 58 -1.000000
58 58 4.000000
59 58 -1.000000
73 58 -1.000000
44 59 -1.000000
58 59 -1.000000
59 59 4.000000
60 59 -1.000000
74 59 -1.000000
45 60 -1.000000
59 60 -1.000000
60 60 4.000000
75 60 -1.000000
46 61 -1.000000
61 61 4.000000
62 61 -1.000000
76 61 -1.000000
47 62 -1.000000
61 62 -1.000000
62 62 4.000000
63 62 -1.000000
77 62 -1.000000
48 63 -1.000000
62 63 -1.000000
63 63 4.000000
64 63 -1.000000
78 63 -1.000000
49 64 -1.000000
63 64 -1.000000
64 64 4.000000
65 64 -1.000000
79 64 -1.000000
50 65 -1.000000
64 65 -1.000000
65 65 4.000000
66 65 -1.000000
80 65 -1.000000
51 66 -1.000000
65 66 -1.000000
66 66 4.000000
67 66 -1.000000
81 66 -1.000000
52 67 -1.000000
66 67 -1.000000
67 67 4.000000
68 67 -1.000000
82 67 -1.000000
53 68 -1.000000
67 68 -1.000000
68 68 4.000000
69 68 -1.000000
83 68 -1.000000
54 69 -1.000000
68 69 -1.000000
69 69 4.000000
70 69 -1.000000
84 69 -1.000000
55 70 -1.000000
69 70 -1.000000
70 70 4.000000
71 70 -1.000000
85 70 -1.000000
56 71 -1.000000
70 71 -1.000000
71 71 4.000000
72 71 -1.000000
86 71 -1.000000
57 72 -1.000000
71 72 -1.000000
72 72 4.000000
73 72 -1.000000
87 72 -1.000000
58 73 -1.000000
72 73 -1.000000
73 73 4.000000
74 73 -1.000000
88 73 -1.000000
59 74 -1.000000
73 74 -1.000000
74 74 4.000000
75 74 -1.000000
89 74 -1.000000
60 75 -1.000000
74 75 -1.000000
75 75 4.000000
90 75 -1.000000
61 76 -1.000000
76 76 4.000000
77 76 -1.000000
91 76 -1.000000
62 77 -1.000000
76 77 -1.000000
77 77 4.000000
78 77 -1.000000
92 77 -1.000000
63 78 -1.000000
77 78 -1.000000
78 78 4.000000
79 78 -1.000000
93 78 -1.000000
64 79 -1.000000
78 79 -1.000000
79 79 4.000000
80 79 -1.000000
94 79 -1.000000
65 80 -1.000000
79 80 -1.000000
80 80 4.000000
81 80 -1.000000
95 80 -1.000000
66 81 -1.000000
80 81 -1.000000
81 81 4.000000
82 81 -1.000000
96 81 -1.000000
67 82 -1.000000
81 82 -1.000000
82 82 4.000000
83 82 -1.000000
97 82 -1.000000
68 83 -1.000000
82 83 -1.000000
83 83 4.000000
84 83 -1.000000
98 83 -1.000000
69 84 -1.000000
83 84 -1.000000
84 84 4.000000
85 84 -1.000000
99 84 -1.000000
70 85 -1.000000
84 85 -1.000000
85 85 4.000000
86 85 -1.000000
100 85 -1.000000
71 86 -1.000000
85 86 -1.000000
86 86 4.000000
87 86 -1.000000
101 86 -1.000000
72 87 -1.000000
86 87 -1.000000
87 87 4.000000
88 87 -1.000000
102 87 -1.000000
73 88 -1.000000
87 88 -1.000000
88 88 4.000000
89 88 -1.000000
103 88 -1.000000
74 89 -1.000000
88 89 -1.000000
89 89 4.000000
90 89 -1.000000
104 89 -1.000000
75 90 -1.000000
89 90 -1.000000
90 90 4.000000
105 90 -1.000000
76 91 -1.000000
91 91 4.000000
92 91 -1.000000
106 91 -1.000000
77 92 -1.000000
91 92 -1.000000
92 92 4.000000
93 92 -1.000000
107 92 -1.000000
78 93 -1.000000
92 93 -1.000000
93 93 4.000000
94 93 -1.000000
108 93 -1.000000
79 94 -1.000000
93 94 -1.000000
94 94 4.000000
95 94 -1.000000
109 94 -1.000000
80 95 -1.000000
94 95 -1.000000
95 95 4.000000
96 95 -1.000000
110 95 -1.000000
81 96 -1.000000
95 96 -1.000000
96 96 4.000000
97 96 -1.000000
111 96 -1.000000
82 97 -1.000000
96 97 -1.000000
97 97 4.000000
98 97 -1.000000
112 97 -1.000000
83 98 -1.000000
97 98 -1.000000
98 98 4.000000
99 98 -1.000000
113 98 -1.000000
84 99 -1.000000
98 99 -1.000000
99 99 4.000000
100 99 -1.000000
114 99 -1.000000
85 100 -1.000000
99 100 -1.000000
100 100 4.000000
101 100 -1.000000
115 100 -1.000000
86 101 -1.000000
100 101 -1.000000
101 101 4.000000
102 101 -1.000000
116 101 -1.000000
87 102 -1.000000
101 102 -1.000000
102 102 4.000000
103 102 -1.000000
117 102 -1.000000
88 103 -1.000000
102 103 -1.000000
103 103 4.000000
104 103 -1.000000
118 103 -1.000000
89 104 -1.000000
103 104 -1.000000
104 104 4.000000
105 104 -1.000000
119 104 -1.000000
90 105 -1.000000
104 105 -1.000000
105 105 4.000000
120 105 -1.000000
91 106 -1.000000
106 106 4.000000
107 106 -1.000000
121 106 -1.000000
92 107 -1.000000
106 107 -1.000000
107 107 4.000000
108 107 -1.000000
122 107 -1.000000
93 108 -1.000000
107 108 -1.000000
108 108 4.000000
109 108 -1.000000
123 108 -1.000000
94 109 -1.000000
108 109 -1.000000
109 109 4.000000
110 109 -1.000000
124 109 -1.000000
95 110 -1.000000
109 110 -1.000000
110 110 4.000000
111 110 -1.000000
125 110 -1.000000
96 111 -1.000000
110 111 -1.000000
111 111 4.000000
112 111 -1.000000
126 111 -1.000000
97 112 -1.000000
111 112 -1.000000
112 112 4.000000
113 112 -1.000000
127 112 -1.000000
98 113 -1.000000
112 113 -1.000000
113 113 4.000000
114 113 -1.000000
128 113 -1.000000
99 114 -1.000000
113 114 -1.000000
114 114 4.000000
115 114 -1.000000
129 114 -1.000000
100 115 -1.000000
114 115 -1.000000
115 115 4.000000
116 115 -1.000000
130 115 -1.000000
101 116 -1.000000
115 116 -1.000000
116 116 4.000000
117 116 -1.000000
131 116 -1.000000
102 117 -1.000000
116 117 -1.000000
117 117 4.000000
118 117 -1.000000
132 117 -1.000000
103 118 -1.000000
117 118 -1.000000
118 118 4.000000
119 118 -1.000000
133 118 -1.000000
104 119 -1.000000
118 119 -1.000000
119 119 4.000000
120 119 -1.000000
134 119 -1.000000
105 120 -1.000000
119 120 -1.000000
120 120 4.000000
135 120 -1.000000
106 121 -1.000000
121 121 4.000000
122 121 -1.000000
136 121 -1.000000
107 122 -1.000000
121 122 -1.000000
122 122 4.000000
123 122 -1.000000
137 122 -1.000000
108 123 -1.000000
122 123 -1.000000
123 123 4.000000
124 123 -1.000000
138 123 -1.000000
109 124 -1.000000
123 124 -1.000000
124 124 4.000000
125 124 -1.000000
139 124 -1.000000
110 125 -1.000000
124 125 -1.000000
125 125 4.000000
126 125 -1.000000
140 125 -1.000000
111 126 -1.000000
125 126 -1.000000
126 126 4.000000
127 126 -1.000000
141 126 -1.000000
112 127 -1.000000
126 127 -1.000000
127 127 4.000000
128 127 -1.000000
142 127 -1.000000
113 128 -1.000000
127 128 -1.000000
128 128 4.000000
129 128 -1.000000
143 128 -1.000000
114 129 -1.000000
128 129 -1.000000
129 129 4.000000
130 129 -1.000000
144 129 -1.000000
115 130 -1.000000
129 130 -1.000000
130 130 4.000000
131 130 -1.000000
145 130 -1.000000
116 131 -1.000000
130 131 -1.000000
131 131 4.000000
132 131 -1.000000
146 131 -1.000000
117 132 -1.000000
131 132 -1.000000
132 132 4.000000
133 132 -1.000000
147 132 -1.000000
118 133 -1.000000
132 133 -1.000000
133 133 4.000000
134 133 -1.000000
148 133 -1.000000
119 134 -1.000000
133 134 -1.000000
134 134 4.000000
135 134 -1.000000
149 134 -1.000000
120 135 -1.000000
134 135 -1.000000
135 135 4.000000
150 135 -1.000000
121 136 -1.000000
136 136 4.000000
137 136 -1.000000
151 136 -1.000000
122 137 -1.000000
136 137 -1.000000
137 137 4.000000
138 137 -1.000000
152 137 -1.000000
123 138 -1.000000
137 138 -1.000000
138 138 4.000000
139 138 -1.000000
153 138 -1.000000
124 139 -1.000000
138 139 -1.000000
139 139 4.000000
140 139 -1.000000
154 139 -1.000000
125 140 -1.000000
139 140 -1.000000
140 140 4.000000
141 140 -1.000000
155 140 -1.000000
126 141 -1.000000
140 141 -1.000000
141 141 4.000000
142 141 -1.000000
156 141 -1.000000
127 142 -1.000000
141 142 -1.000000
142 142 4.000000
143 142 -1.000000
157 142 -1.000000
128 143 -1.000000
142 143 -1.000000
143 143 4.000000
144 143 -1.000000
158 143 -1.000000
129 144 -1.000000
143 144 -1.000000
144 144 4.000000
145 144 -1.000000
159 144 -1.000000
130 145 -1.000000
144 145 -1.000000
145 145 4.000000
146 145 -1.000000
160 145 -1.000000
131 146 -1.000000
145 146 -1.000000
146 146 4.000000
147 146 -1.000000
161 146 -1.000000
132 147 -1.000000
146 147 -1.000000
147 147 4.000000
148 147 -1.000000
162 147 -1.000000
133 148 -1.000000
147 148 -1.000000
148 148 4.000000
149 148 -1.000000
163 148 -1.000000
134 149 -1.000000
148 149 -1.000000
149 149 4.000000
150 149 -1.000000
164 149 -1.000000
135 150 -1.000000
149 150 -1.000000
150 150 4.000000
165 150 -1.000000
136 151 -1.000000
151 151 4.000000
152 151 -1.000000
166 151 -1.000000
137 152 -1.000000
151 152 -1.000000
152 152 4.000000
153 152 -1.000000
167 152 -1.000000
138 153 -1.000000
152 153 -1.000000
153 153 4.000000
154 153 -1.000000
168 153 -1.000000
139 154 -1.000000
153 154 -1.000000
154 154 4.000000
155 154 -1.000000
169 154 -1.000000
140 155 -1.000000
154 155 -1.000000
155 155 4.000000
156 155 -1.000000
170 155 -1.000000
141 156 -1.000000
155 156 -1.000000
156 156 4.000000
157 156 -1.000000
171 156 -1.000000
142 157 -1.000000
156 157 -1.000000
157 157 4.000000
158 157 -1.000000
172 157 -1.000000
143 158 -1.000000
157 158 -1.000000
158 158 4.000000
159 158 -1.000000
173 158 -1.000000
144 159 -1.000000
158 159 -1.000000
159 159 4.000000
160 159 -1.000000
174 159 -1.000000
145 160 -1.000000
159 160 -1.000000
160 160 4.000000
161 160 -1.000000
175 160 -1.000000
146 161 -1.000000
160 161 -1.000000
161 161 4.000000
162 161 -1.000000
176 161 -1.000000
147 162 -1.000000
161 162 -1.000000
162 162 4.000000
163 162 -1.000000
177 162 -1.000000
148 163 -1.000000
162 163 -1.000000
163 163 4.000000
164 163 -1.000000
178 163 -1.000000
149 164 -1.000000
163 164 -1.000000
164 164 4.000000
165 164 -1.000000
179 164 -1.000000
150 165 -1.000000
164 165 -1.000000
165 165 4.000000
180 165 -1.000000
151 166 -1.000000
166 166 4.000000
167 166 -1.000000
181 166 -1.000000
152 167 -1.000000
166 167 -1.000000
167 167 4.000000
168 167 -1.000000
182 167 -1.000000
153 168 -1.000000
167 168 -1.000000
168 168 4.000000
169 168 -1.000000
183 168 -1.000000
154 169 -1.000000
168 169 -1.000000
169 169 4.000000
170 169 -1.000000
184 169 -1.000000
155 170 -1.000000
169 170 -1.000000
170 170 4.000000
171 170 -1.000000
185 170 -1.000000
156 171 -1.000000
170 171 -1.000000
171 171 4.000000
172 171 -1.000000
186 171 -1.000000
157 172 -1.000000
171 172 -1.000000
172 172 4.000000
173 172 -1.000000
187 172 -1.000000
158 173 -1.000000
172 173 -1.000000
173 173 4.000000
174 173 -1.000000
188 173 -1.000000
159 174 -1.000000
173 174 -1.000000
174 174 4.000000
175 174 -1.000000
189 174 -1.000000
160 175 -1.000000
174 175 -1.000000
175 175 4.000000
176 175 -1.000000
190 175 -1.000000
161 176 -1.000000
175 176 -1.000000
176 176 4.000000
177 176 -1.000000
191 176 -1.000000
162 177 -1.000000
176 177 -1.000000
177 177 4.000000
178 177 -1.000000
192 177 -1.000000
163 178 -1.000000
177 178 -1.000000
178 178 4.000000
179 178 -1.000000
193 178 -1.000000
164 179 -1.000000
178 179 -1.000000
179 179 4.000000
180 179 -1.000000
194 179 -1.000000
165 180 -1.000000
179 180 -1.000000
180 180 4.000000
195 180 -1.000000
166 181 -1.000000
181 181 4.000000
182 181 -1.000000
196 181 -1.000000
167 182 -1.000000
181 182 -1.000000
182 182 4.000000
183 182 -1.000000
197 182 -1.000000
168 183 -1.000000
182 183 -1.000000
183 183 4.000000
184 183 -1.000000
198 183 -1.000000
169 184 -1.000000
183 184 -1.000000
184 184 4.000000
185 184 -1.000000
199 184 -1.000000
170 185 -1.000000
184 185 -1.000000
185 185 4.000000
186 185 -1.000000
200 185 -1.000000
171 186 -1.000000
185 186 -1.000000
186 186 4.000000
187 186 -1.000000
201 186 -1.000000
172 187 -1.000000
186 187 -1.000000
187 187 4.000000
188 187 -1.000000
202 187 -1.000000
173 188 -1.000000
187 188 -1.000000
188 188 4.000000
189 188 -1.000000
203 188 -1.000000
174 189 -1.000000
188 189 -1.000000
189 189 4.000000
190 189 -1.000000
204 189 -1.000000
175 190 -1.000000
189 190 -1.000000
190 190 4.000000
191 190 -1.000000
205 190 -1.000000
176 191 -1.000000
190 191 -1.000000
191 191 4.000000
192 191 -1.000000
206 191 -1.000000
177 192 -1.000000
191 192 -1.000000
192 192 4.000000
193 192 -1.000000
207 192 -1.000000
178 193 -1.000000
192 193 -1.000000
193 193 4.000000
194 193 -1.000000
208 193 -1.000000
179 194 -1.000000
193 194 -1.000000
194 194 4.000000
195 194 -1.000000
209 194 -1.000000
180 195 -1.000000
194 195 -1.000000
195 195 4.000000
210 195 -1.000000
181 196 -1.000000
196 196 4.000000
197 196 -1.000000
211 196 -1.000000
182 197 -1.000000
196 197 -1.000000
197 197 4.000000
198 197 -1.000000
212 197 -1.000000
183 198 -1.000000
197 198 -1.000000
198 198 4.000000
199 198 -1.000000
213 198 -1.000000
184 199 -1.000000
198 199 -1.000000
199 199 4.000000
200 199 -1.000000
214 199 -1.000000
185 200 -1.000000
199 200 -1.000000
200 200 4.000000
201 200 -1.000000
215 200 -1.000000
186 201 -1.000000
200 201 -1.000000
201 201 4.000000
202 201 -1.000000
216 201 -1.000000
187 202 -1.000000
201 202 -1.000000
202 202 4.000000
203 202 -1.000000
217 202 -1.000000
188 203 -1.000000
202 203 -1.000000
203 203 4.000000
204 203 -1.000000
218 203 -1.000000
189 204 -1.000000
203 204 -1.000000
204 204 4.000000
205 204 -1.000000
219 204 -1.000000
190 205 -1.000000
204 205 -1.000000
205 205 4.000000
206 205 -1.000000
220 205 -1.000000
191 206 -1.000000
205 206 -1.000000
206 206 4.000000
207 206 -1.000000
221 206 -1.000000
192 207 -1.000000
206 207 -1.000000
207 207 4.000000
208 207 -1.000000
222 207 -1.000000
193 208 -1.000000
207 208 -1.000000
208 208 4.000000
209 208 -1.000000
223 208 -1.000000
194 209 -1.000000
208 209 -1.000000
209 209 4.000000
210 209 -1.000000
224 209 -1.000000
195 210 -1.000000
209 210 -1.000000
210 210 4.000000
225 210 -1.000000
196 211 -1.000000
211 211 4.000000
212 211 -1.000000
197 212 -1.000000
211 212 -1.000000
212 212 4.000000
213 212 -1.000000
198 213 -1.000000
212 213 -1.000000
213 213 4.000000
214 213 -1.000000
199 214 -1.000000
213 214 -1.000000
214 214 4.000000
215 214 -1.000000
200 215 -1.000000
214 215 -1.000000
215 215 4.000000
216 215 -1.000000
201 216 -1.000000
215 216 -1.000000
216 216 4.000000
217 216 -1.000000
202 217 -1.000000
216 217 -1.000000
217 217 4.000000
218 217 -1.000000
203 218 -1.000000
217 218 -1.000000
218 218 4.000000
219 218 -1.000000
204 219 -1.000000
218 219 -1.000000
219 219 4.000000
220 219 -1.000000
205 220 -1.000000
219 220 -1.000000
220 220 4.000000
221 220 -1.000000
206 221 -1.000000
220 221 -1.000000
221 221 4.000000
222 221 -1.000000
207 222 -1.000000
221 222 -1.000000
222 222 4.000000
223 222 -1.000000
208 223 -1.000000
222 223 -1.000000
223 223 4.000000
224 223 -1.000000
209 224 -1.000000
223 224 -1.000000
224 224 4.000000
225 224 -1.000000
210 225 -1.000000
224 225 -1.000000
225 225 4.000000
