1 1 4.000000
2 1 -1.000000
18 1 -1.000000
1 2 -1.000000
2 2 4.000000
3 2 -1.000000
19 2 -1.000000
2 3 -1.000000
3 3 4.000000
4 3 -1.000000
20 3 -1.000000
3 4 -1.000000
4 4 4.000000
5 4 -1.000000
21 4 -1.000000
4 5 -1.000000
5 5 4.000000
6 5 -1.000000
22 5 -1.000000
5 6 -1.000000
6 6 4.000000
7 6 -1.000000
23 6 -1.000000
6 7 -1.000000
7 7 4.000000
8 7 -1.000000
24 7 -1.000000
7 8 -1.000000
8 8 4.000000
9 8 -1.000000
25 8 -1.000000
8 9 -1.000000
9 9 4.000000
10 9 -1.000000
26 9 -1.000000
9 10 -1.000000
10 10 4.000000
11 10 -1.000000
27 10 -1.000000
10 11 -1.000000
11 11 4.000000
12 11 -1.000000
28 11 -1.000000
11 12 -1.000000
12 12 4.000000
13 12 -1.000000
29 12 -1.000000
12 13 -1.000000
13 13 4.000000
14 13 -1.000000
30 13 -1.000000
13 14 -1.000000
14 14 4.000000
15 14 -1.000000
31 14 -1.000000
14 15 -1.000000
15 15 4.000000
16 15 -1.000000
32 15 -1.000000
15 16 -1.000000
16 16 4.000000
17 16 -1.000000
33 16 -1.000000
16 17 -1.000000
17 17 4.000000
34 17 -1.000000
1 18 -1.000000
18 18 4.000000
19 18 -1.000000
35 18 -1.000000
2 19 -1.000000
18 19 -1.000000
19 19 4.000000
20 19 -1.000000
36 19 -1.000000
3 20 -1.000000
19 20 -1.000000
20 20 4.000000
21 20 -1.000000
37 20 -1.000000
4 21 -1.000000
20 21 -1.000000
21 21 4.000000
22 21 -1.000000
38 21 -1.000000
5 22 -1.000000
21 22 -1.000000
22 22 4.000000
23 22 -1.000000
39 22 -1.000000
6 23 -1.000000
22 23 -1.000000
23 23 4.000000
24 23 -1.000000
40 23 -1.000000
7 24 -1.000000
23 24 -1.000000
24 24 4.000000
25 24 -1.000000
41 24 -1.000000
8 25 -1.000000
24 25 -1.000000
25 25 4.000000
26 25 -1.000000
42 25 -1.000000
9 26 -1.000000
25 26 -1.000000
26 26 4.000000
27 26 -1.000000
43 26 -1.000000
10 27 -1.000000
26 27 -1.000000
27 27 4.000000
28 27 -1.000000
44 27 -1.000000
11 28 -1.000000
27 28 -1.000000
28 28 4.000000
29 28 -1.000000
45 28 -1.000000
12 29 -1.000000
28 29 -1.000000
29 29 4.000000
30 29 -1.000000
46 29 -1.000000
13 30 -1.000000
29 30 -1.000000
30 30 4.000000
31 30 -1.000000
47 30 -1.000000
14 31 -1.000000
30 31 -1.000000
31 31 4.000000
32 31 -1.000000
48 31 -1.000000
15 32 -1.000000
31 32 -1.000000
32 32 4.000000
33 32 -1.000000
49 32 -1.000000
16 33 -1.000000
32 33 -1.000000
33 33 4.000000
34 33 -1.000000
50 33 -1.000000
17 34 -1.000000
33 34 -1.000000
34 34 4.000000
51 34 -1.000000
18 35 -1.000000
35 35 4.000000
36 35 -1.000000
52 35 -1.000000
19 36 -1.000000
35 36 -1.000000
36 36 4.000000
37 36 -1.000000
53 36 -1.000000
20 37 -1.000000
36 37 -1.000000
37 37 4.000000
38 37 -1.000000
54 37 -1.000000
21 38 -1.000000
37 38 -1.000000
38 38 4.000000
39 38 -1.000000
55 38 -1.000000
22 39 -1.000000
38 39 -1.000000
39 39 4.000000
40 39 -1.000000
56 39 -1.000000
23 40 -1.000000
39 40 -1.000000
40 40 4.000000
41 40 -1.000000
57 40 -1.000000
24 41 -1.000000
40 41 -1.000000
41 41 4.000000
42 41 -1.000000
58 41 -1.000000
25 42 -1.000000
41 42 -1.000000
42 42 4.000000
43 42 -1.000000
59 42 -1.000000
26 43 -1.000000
42 43 -1.000000
43 43 4.000000
44 43 -1.000000
60 43 -1.000000
27 44 -1.000000
43 44 -1.000000
44 44 4.000000
45 44 -1.000000
61 44 -1.000000
28 45 -1.000000
44 45 -1.000000
45 45 4.000000
46 45 -1.000000
62 45 -1.000000
29 46 -1.000000
45 46 -1.000000
46 46 4.000000
47 46 -1.000000
63 46 -1.000000
30 47 -1.000000
46 47 -1.000000
47 47 4.000000
48 47 -1.000000
64 47 -1.000000
31 48 -1.000000
47 48 -1.000000
48 48 4.000000
49 48 -1.000000
65 48 -1.000000
32 49 -1.000000
48 49 -1.000000
49 49 4.000000
50 49 -1.000000
66 49 -1.000000
33 50 -1.000000
49 50 -1.000000
50 50 4.000000
51 50 -1.000000
67 50 -1.000000
34 51 -1.000000
50 51 -1.000000
51 51 4.000000
68 51 -1.000000
35 52 -1.000000
52 52 4.000000
53 52 -1.000000
69 52 -1.000000
36 53 -1.000000
52 53 -1.000000
53 53 4.000000
54 53 -1.000000
70 53 -1.000000
37 54 -1.000000
53 54 -1.000000
54 54 4.000000
55 54 -1.000000
71 54 -1.000000
38 55 -1.000000
54 55 -1.000000
55 55 4.000000
56 55 -1.000000
72 55 -1.000000
39 56 -1.000000
55 56 -1.000000
56 56 4.000000
57 56 -1.000000
73 56 -1.000000
40 57 -1.000000
56 57 -1.000000
57 57 4.000000
58 57 -1.000000
74 57 -1.000000
41 58 -1.000000
57 58 -1.000000
58 58 4.000000
59 58 -1.000000
75 58 -1.000000
42 59 -1.000000
58 59 -1.000000
59 59 4.000000
60 59 -1.000000
76 59 -1.000000
43 60 -1.000000
59 60 -1.000000
60 60 4.000000
61 60 -1.000000
77 60 -1.000000
44 61 -1.000000
60 61 -1.000000
61 61 4.000000
62 61 -1.000000
78 61 -1.000000
45 62 -1.000000
61 62 -1.000000
62 62 4.000000
63 62 -1.000000
79 62 -1.000000
46 63 -1.000000
62 63 -1.000000
63 63 4.000000
64 63 -1.000000
80 63 -1.000000
47 64 -1.000000
63 64 -1.000000
64 64 4.000000
65 64 -1.000000
81 64 -1.000000
48 65 -1.000000
64 65 -1.000000
65 65 4.000000
66 65 -1.000000
82 65 -1.000000
49 66 -1.000000
65 66 -1.000000
66 66 4.000000
67 66 -1.000000
83 66 -1.000000
50 67 -1.000000
66 67 -1.000000
67 67 4.000000
68 67 -1.000000
84 67 -1.000000
51 68 -1.000000
67 68 -1.000000
68 68 4.000000
85 68 -1.000000
52 69 -1.000000
69 69 4.000000
70 69 -1.000000
86 69 -1.000000
53 70 -1.000000
69 70 -1.000000
70 70 4.000000
71 70 -1.000000
87 70 -1.000000
54 71 -1.000000
70 71 -1.000000
71 71 4.000000
72 71 -1.000000
88 71 -1.000000
55 72 -1.000000
71 72 -1.000000
72 72 4.000000
73 72 -1.000000
89 72 -1.000000
56 73 -1.000000
72 73 -1.000000
73 73 4.000000
74 73 -1.000000
90 73 -1.000000
57 74 -1.000000
73 74 -1.000000
74 74 4.000000
75 74 -1.000000
91 74 -1.000000
58 75 -1.000000
74 75 -1.000000
75 75 4.000000
76 75 -1.000000
92 75 -1.000000
59 76 -1.000000
75 76 -1.000000
76 76 4.000000
77 76 -1.000000
93 76 -1.000000
60 77 -1.000000
76 77 -1.000000
77 77 4.000000
78 77 -1.000000
94 77 -1.000000
61 78 -1.000000
77 78 -1.000000
78 78 4.000000
79 78 -1.000000
95 78 -1.000000
62 79 -1.000000
78 79 -1.000000
79 79 4.000000
80 79 -1.000000
96 79 -1.000000
63 80 -1.000000
79 80 -1.000000
80 80 4.000000
81 80 -1.000000
97 80 -1.000000
64 81 -1.000000
80 81 -1.000000
81 81 4.000000
82 81 -1.000000
98 81 -1.000000
65 82 -1.000000
81 82 -1.000000
82 82 4.000000
83 82 -1.000000
99 82 -1.000000
66 83 -1.000000
82 83 -1.000000
83 83 4.000000
84 83 -1.000000
100 83 -1.000000
67 84 -1.000000
83 84 -1.000000
84 84 4.000000
85 84 -1.000000
101 84 -1.000000
68 85 -1.000000
84 85 -1.000000
85 85 4.000000
102 85 -1.000000
69 86 -1.000000
86 86 4.000000
87 86 -1.000000
103 86 -1.000000
70 87 -1.000000
86 87 -1.000000
87 87 4.000000
88 87 -1.000000
104 87 -1.000000
71 88 -1.000000
87 88 -1.000000
88 88 4.000000
89 88 -1.000000
105 88 -1.000000
72 89 -1.000000
88 89 -1.000000
89 89 4.000000
90 89 -1.000000
106 89 -1.000000
73 90 -1.000000
89 90 -1.000000
90 90 4.000000
91 90 -1.000000
107 90 -1.000000
74 91 -1.000000
90 91 -1.000000
91 91 4.000000
92 91 -1.000000
108 91 -1.000000
75 92 -1.000000
91 92 -1.000000
92 92 4.000000
93 92 -1.000000
109 92 -1.000000
76 93 -1.000000
92 93 -1.000000
93 93 4.000000
94 93 -1.000000
110 93 -1.000000
77 94 -1.000000
93 94 -1.000000
94 94 4.000000
95 94 -1.000000
111 94 -1.000000
78 95 -1.000000
94 95 -1.000000
95 95 4.000000
96 95 -1.000000
112 95 -1.000000
79 96 -1.000000
95 96 -1.000000
96 96 4.000000
97 96 -1.000000
113 96 -1.000000
80 97 -1.000000
96 97 -1.000000
97 97 4.000000
98 97 -1.000000
114 97 -1.000000
81 98 -1.000000
97 98 -1.000000
98 98 4.000000
99 98 -1.000000
115 98 -1.000000
82 99 -1.000000
98 99 -1.000000
99 99 4.000000
100 99 -1.000000
116 99 -1.000000
83 100 -1.000000
99 100 -1.000000
100 100 4.000000
101 100 -1.000000
117 100 -1.000000
84 101 -1.000000
100 101 -1.000000
101 101 4.000000
102 101 -1.000000
118 101 -1.000000
85 102 -1.000000
101 102 -1.000000
102 102 4.000000
119 102 -1.000000
86 103 -1.000000
103 103 4.000000
104 103 -1.000000
120 103 -1.000000
87 104 -1.000000
103 104 -1.000000
104 104 4.000000
105 104 -1.000000
121 104 -1.000000
88 105 -1.000000
104 105 -1.000000
105 105 4.000000
106 105 -1.000000
122 105 -1.000000
89 106 -1.000000
105 106 -1.000000
106 106 4.000000
107 106 -1.000000
123 106 -1.000000
90 107 -1.000000
106 107 -1.000000
107 107 4.000000
108 107 -1.000000
124 107 -1.000000
91 108 -1.000000
107 108 -1.000000
108 108 4.000000
109 108 -1.000000
125 108 -1.000000
92 109 -1.000000
108 109 -1.000000
109 109 4.000000
110 109 -1.000000
126 109 -1.000000
93 110 -1.000000
109 110 -1.000000
110 110 4.000000
111 110 -1.000000
127 110 -1.000000
94 111 -1.000000
110 111 -1.000000
111 111 4.000000
112 111 -1.000000
128 111 -1.000000
95 112 -1.000000
111 112 -1.000000
112 112 4.000000
113 112 -1.000000
129 112 -1.000000
96 113 -1.000000
112 113 -1.000000
113 113 4.000000
114 113 -1.000000
130 113 -1.000000
97 114 -1.000000
113 114 -1.000000
114 114 4.000000
115 114 -1.000000
131 114 -1.000000
98 115 -1.000000
114 115 -1.000000
115 115 4.000000
116 115 -1.000000
132 115 -1.000000
99 116 -1.000000
115 116 -1.000000
116 116 4.000000
117 116 -1.000000
133 116 -1.000000
100 117 -1.000000
116 117 -1.000000
117 117 4.000000
118 117 -1.000000
134 117 -1.000000
101 118 -1.000000
117 118 -1.000000
118 118 4.000000
119 118 -1.000000
135 118 -1.000000
102 119 -1.000000
118 119 -1.000000
119 119 4.000000
136 119 -1.000000
103 120 -1.000000
120 120 4.000000
121 120 -1.000000
137 120 -1.000000
104 121 -1.000000
120 121 -1.000000
121 121 4.000000
122 121 -1.000000
138 121 -1.000000
105 122 -1.000000
121 122 -1.000000
122 122 4.000000
123 122 -1.000000
139 122 -1.000000
106 123 -1.000000
122 123 -1.000000
123 123 4.000000
124 123 -1.000000
140 123 -1.000000
107 124 -1.000000
123 124 -1.000000
124 124 4.000000
125 124 -1.000000
141 124 -1.000000
108 125 -1.000000
124 125 -1.000000
125 125 4.000000
126 125 -1.000000
142 125 -1.000000
109 126 -1.000000
125 126 -1.000000
126 126 4.000000
127 126 -1.000000
143 126 -1.000000
110 127 -1.000000
126 127 -1.000000
127 127 4.000000
128 127 -1.000000
144 127 -1.000000
111 128 -1.000000
127 128 -1.000000
128 128 4.000000
129 128 -1.000000
145 128 -1.000000
112 129 -1.000000
128 129 -1.000000
129 129 4.000000
130 129 -1.000000
146 129 -1.000000
113 130 -1.000000
129 130 -1.000000
130 130 4.000000
131 130 -1.000000
147 130 -1.000000
114 131 -1.000000
130 131 -1.000000
131 131 4.000000
132 131 -1.000000
148 131 -1.000000
115 132 -1.000000
131 132 -1.000000
132 132 4.000000
133 132 -1.000000
149 132 -1.000000
116 133 -1.000000
132 133 -1.000000
133 133 4.000000
134 133 -1.000000
150 133 -1.000000
117 134 -1.000000
133 134 -1.000000
134 134 4.000000
135 134 -1.000000
151 134 -1.000000
118 135 -1.000000
134 135 -1.000000
135 135 4.000000
136 135 -1.000000
152 135 -1.000000
119 136 -1.000000
135 136 -1.000000
136 136 4.000000
153 136 -1.000000
120 137 -1.000000
137 137 4.000000
138 137 -1.000000
154 137 -1.000000
121 138 -1.000000
137 138 -1.000000
138 138 4.000000
139 138 -1.000000
155 138 -1.000000
122 139 -1.000000
138 139 -1.000000
139 139 4.000000
140 139 -1.000000
156 139 -1.000000
123 140 -1.000000
139 140 -1.000000
140 140 4.000000
141 140 -1.000000
157 140 -1.000000
124 141 -1.000000
140 141 -1.000000
141 141 4.000000
142 141 -1.000000
158 141 -1.000000
125 142 -1.000000
141 142 -1.000000
142 142 4.000000
143 142 -1.000000
159 142 -1.000000
126 143 -1.000000
142 143 -1.000000
143 143 4.000000
144 143 -1.000000
160 143 -1.000000
127 144 -1.000000
143 144 -1.000000
144 144 4.000000
145 144 -1.000000
161 144 -1.000000
128 145 -1.000000
144 145 -1.000000
145 145 4.000000
146 145 -1.000000
162 145 -1.000000
129 146 -1.000000
145 146 -1.000000
146 146 4.000000
147 146 -1.000000
163 146 -1.000000
130 147 -1.000000
146 147 -1.000000
147 147 4.000000
148 147 -1.000000
164 147 -1.000000
131 148 -1.000000
147 148 -1.000000
148 148 4.000000
149 148 -1.000000
165 148 -1.000000
132 149 -1.000000
148 149 -1.000000
149 149 4.000000
150 149 -1.000000
166 149 -1.000000
133 150 -1.000000
149 150 -1.000000
150 150 4.000000
151 150 -1.000000
167 150 -1.000000
134 151 -1.000000
150 151 -1.000000
151 151 4.000000
152 151 -1.000000
168 151 -1.000000
135 152 -1.000000
151 152 -1.000000
152 152 4.000000
153 152 -1.000000
169 152 -1.000000
136 153 -1.000000
152 153 -1.000000
153 153 4.000000
170 153 -1.000000
137 154 -1.000000
154 154 4.000000
155 154 -1.000000
171 154 -1.000000
138 155 -1.000000
154 155 -1.000000
155 155 4.000000
156 155 -1.000000
172 155 -1.000000
139 156 -1.000000
155 156 -1.000000
156 156 4.000000
157 156 -1.000000
173 156 -1.000000
140 157 -1.000000
156 157 -1.000000
157 157 4.000000
158 157 -1.000000
174 157 -1.000000
141 158 -1.000000
157 158 -1.000000
158 158 4.000000
159 158 -1.000000
175 158 -1.000000
142 159 -1.000000
158 159 -1.000000
159 159 4.000000
160 159 -1.000000
176 159 -1.000000
143 160 -1.000000
159 160 -1.000000
160 160 4.000000
161 160 -1.000000
177 160 -1.000000
144 161 -1.000000
160 161 -1.000000
161 161 4.000000
162 161 -1.000000
178 161 -1.000000
145 162 -1.000000
161 162 -1.000000
162 162 4.000000
163 162 -1.000000
179 162 -1.000000
146 163 -1.000000
162 163 -1.000000
163 163 4.000000
164 163 -1.000000
180 163 -1.000000
147 164 -1.000000
163 164 -1.000000
164 164 4.000000
165 164 -1.000000
181 164 -1.000000
148 165 -1.000000
164 165 -1.000000
165 165 4.000000
166 165 -1.000000
182 165 -1.000000
149 166 -1.000000
165 166 -1.000000
166 166 4.000000
167 166 -1.000000
183 166 -1.000000
150 167 -1.000000
166 167 -1.000000
167 167 4.000000
168 167 -1.000000
184 167 -1.000000
151 168 -1.000000
167 168 -1.000000
168 168 4.000000
169 168 -1.000000
185 168 -1.000000
152 169 -1.000000
168 169 -1.000000
169 169 4.000000
170 169 -1.000000
186 169 -1.000000
153 170 -1.000000
169 170 -1.000000
170 170 4.000000
187 170 -1.000000
154 171 -1.000000
171 171 4.000000
172 171 -1.000000
188 171 -1.000000
155 172 -1.000000
171 172 -1.000000
172 172 4.000000
173 172 -1.000000
189 172 -1.000000
156 173 -1.000000
172 173 -1.000000
173 173 4.000000
174 173 -1.000000
190 173 -1.000000
157 174 -1.000000
173 174 -1.000000
174 174 4.000000
175 174 -1.000000
191 174 -1.000000
158 175 -1.000000
174 175 -1.000000
175 175 4.000000
176 175 -1.000000
192 175 -1.000000
159 176 -1.000000
175 176 -1.000000
176 176 4.000000
177 176 -1.000000
193 176 -1.000000
160 177 -1.000000
176 177 -1.000000
177 177 4.000000
178 177 -1.000000
194 177 -1.000000
161 178 -1.000000
177 178 -1.000000
178 178 4.000000
179 178 -1.000000
195 178 -1.000000
162 179 -1.000000
178 179 -1.000000
179 179 4.000000
180 179 -1.000000
196 179 -1.000000
163 180 -1.000000
179 180 -1.000000
180 180 4.000000
181 180 -1.000000
197 180 -1.000000
164 181 -1.000000
180 181 -1.000000
181 181 4.000000
182 181 -1.000000
198 181 -1.000000
165 182 -1.000000
181 182 -1.000000
182 182 4.000000
183 182 -1.000000
199 182 -1.000000
166 183 -1.000000
182 183 -1.000000
183 183 4.000000
184 183 -1.000000
200 183 -1.000000
167 184 -1.000000
183 184 -1.000000
184 184 4.000000
185 184 -1.000000
201 184 -1.000000
168 185 -1.000000
184 185 -1.000000
185 185 4.000000
186 185 -1.000000
202 185 -1.000000
169 186 -1.000000
185 186 -1.000000
186 186 4.000000
187 186 -1.000000
203 186 -1.000000
170 187 -1.000000
186 187 -1.000000
187 187 4.000000
204 187 -1.000000
171 188 -1.000000
188 188 4.000000
189 188 -1.000000
205 188 -1.000000
172 189 -1.000000
188 189 -1.000000
189 189 4.000000
190 189 -1.000000
206 189 -1.000000
173 190 -1.000000
189 190 -1.000000
190 190 4.000000
191 190 -1.000000
207 190 -1.000000
174 191 -1.000000
190 191 -1.000000
191 191 4.000000
192 191 -1.000000
208 191 -1.000000
175 192 -1.000000
191 192 -1.000000
192 192 4.000000
193 192 -1.000000
209 192 -1.000000
176 193 -1.000000
192 193 -1.000000
193 193 4.000000
194 193 -1.000000
210 193 -1.000000
177 194 -1.000000
193 194 -1.000000
194 194 4.000000
195 194 -1.000000
211 194 -1.000000
178 195 -1.000000
194 195 -1.000000
195 195 4.000000
196 195 -1.000000
212 195 -1.000000
179 196 -1.000000
195 196 -1.000000
196 196 4.000000
197 196 -1.000000
213 196 -1.000000
180 197 -1.000000
196 197 -1.000000
197 197 4.000000
198 197 -1.000000
214 197 -1.000000
181 198 -1.000000
197 198 -1.000000
198 198 4.000000
199 198 -1.000000
215 198 -1.000000
182 199 -1.000000
198 199 -1.000000
199 199 4.000000
200 199 -1.000000
216 199 -1.000000
183 200 -1.000000
199 200 -1.000000
200 200 4.000000
201 200 -1.000000
217 200 -1.000000
184 201 -1.000000
200 201 -1.000000
201 201 4.000000
202 201 -1.000000
218 201 -1.000000
185 202 -1.000000
201 202 -1.000000
202 202 4.000000
203 202 -1.000000
219 202 -1.000000
186 203 -1.000000
202 203 -1.000000
203 203 4.000000
204 203 -1.000000
220 203 -1.000000
187 204 -1.000000
203 204 -1.000000
204 204 4.000000
221 204 -1.000000
188 205 -1.000000
205 205 4.000000
206 205 -1.000000
222 205 -1.000000
189 206 -1.000000
205 206 -1.000000
206 206 4.000000
207 206 -1.000000
223 206 -1.000000
190 207 -1.000000
206 207 -1.000000
207 207 4.000000
208 207 -1.000000
224 207 -1.000000
191 208 -1.000000
207 208 -1.000000
208 208 4.000000
209 208 -1.000000
225 208 -1.000000
192 209 -1.000000
208 209 -1.000000
209 209 4.000000
210 209 -1.000000
226 209 -1.000000
193 210 -1.000000
209 210 -1.000000
210 210 4.000000
211 210 -1.000000
227 210 -1.000000
194 211 -1.000000
210 211 -1.000000
211 211 4.000000
212 211 -1.000000
228 211 -1.000000
195 212 -1.000000
211 212 -1.000000
212 212 4.000000
213 212 -1.000000
229 212 -1.000000
196 213 -1.000000
212 213 -1.000000
213 213 4.000000
214 213 -1.000000
230 213 -1.000000
197 214 -1.000000
213 214 -1.000000
214 214 4.000000
215 214 -1.000000
231 214 -1.000000
198 215 -1.000000
214 215 -1.000000
215 215 4.000000
216 215 -1.000000
232 215 -1.000000
199 216 -1.000000
215 216 -1.000000
216 216 4.000000
217 216 -1.000000
233 216 -1.000000
200 217 -1.000000
216 217 -1.000000
217 217 4.000000
218 217 -1.000000
234 217 -1.000000
201 218 -1.000000
217 218 -1.000000
218 218 4.000000
219 218 -1.000000
235 218 -1.000000
202 219 -1.000000
218 219 -1.000000
219 219 4.000000
220 219 -1.000000
236 219 -1.000000
203 220 -1.000000
219 220 -1.000000
220 220 4.000000
221 220 -1.000000
237 220 -1.000000
204 221 -1.000000
220 221 -1.000000
221 221 4.000000
238 221 -1.000000
205 222 -1.000000
222 222 4.000000
223 222 -1.000000
239 222 -1.000000
206 223 -1.000000
222 223 -1.000000
223 223 4.000000
224 223 -1.000000
240 223 -1.000000
207 224 -1.000000
223 224 -1.000000
224 224 4.000000
225 224 -1.000000
241 224 -1.000000
208 225 -1.000000
224 225 -1.000000
225 225 4.000000
226 225 -1.000000
242 225 -1.000000
209 226 -1.000000
225 226 -1.000000
226 226 4.000000
227 226 -1.000000
243 226 -1.000000
210 227 -1.000000
226 227 -1.000000
227 227 4.000000
228 227 -1.000000
244 227 -1.000000
211 228 -1.000000
227 228 -1.000000
228 228 4.000000
229 228 -1.000000
245 228 -1.000000
212 229 -1.000000
228 229 -1.000000
229 229 4.000000
230 229 -1.000000
246 229 -1.000000
213 230 -1.000000
229 230 -1.000000
230 230 4.000000
231 230 -1.000000
247 230 -1.000000
214 231 -1.000000
230 231 -1.000000
231 231 4.000000
232 231 -1.000000
248 231 -1.000000
215 232 -1.000000
231 232 -1.000000
232 232 4.000000
233 232 -1.000000
249 232 -1.000000
216 233 -1.000000
232 233 -1.000000
233 233 4.000000
234 233 -1.000000
250 233 -1.000000
217 234 -1.000000
233 234 -1.000000
234 234 4.000000
235 234 -1.000000
251 234 -1.000000
218 235 -1.000000
234 235 -1.000000
235 235 4.000000
236 235 -1.000000
252 235 -1.000000
219 236 -1.000000
235 236 -1.000000
236 236 4.000000
237 236 -1.000000
253 236 -1.000000
220 237 -1.000000
236 237 -1.000000
237 237 4.000000
238 237 -1.000000
254 237 -1.000000
221 238 -1.000000
237 238 -1.000000
238 238 4.000000
255 238 -1.000000
222 239 -1.000000
239 239 4.000000
240 239 -1.000000
256 239 -1.000000
223 240 -1.000000
239 240 -1.000000
240 240 4.000000
241 240 -1.000000
257 240 -1.000000
224 241 -1.000000
240 241 -1.000000
241 241 4.000000
242 241 -1.000000
258 241 -1.000000
225 242 -1.000000
241 242 -1.000000
242 242 4.000000
243 242 -1.000000
259 242 -1.000000
226 243 -1.000000
242 243 -1.000000
243 243 4.000000
244 243 -1.000000
260 243 -1.000000
227 244 -1.000000
243 244 -1.000000
244 244 4.000000
245 244 -1.000000
261 244 -1.000000
228 245 -1.000000
244 245 -1.000000
245 245 4.000000
246 245 -1.000000
262 245 -1.000000
229 246 -1.000000
245 246 -1.000000
246 246 4.000000
247 246 -1.000000
263 246 -1.000000
230 247 -1.000000
246 247 -1.000000
247 247 4.000000
248 247 -1.000000
264 247 -1.000000
231 248 -1.000000
247 248 -1.000000
248 248 4.000000
249 248 -1.000000
265 248 -1.000000
232 249 -1.000000
248 249 -1.000000
249 249 4.000000
250 249 -1.000000
266 249 -1.000000
233 250 -1.000000
249 250 -1.000000
250 250 4.000000
251 250 -1.000000
267 250 -1.000000
234 251 -1.000000
250 251 -1.000000
251 251 4.000000
252 251 -1.000000
268 251 -1.000000
235 252 -1.000000
251 252 -1.000000
252 252 4.000000
253 252 -1.000000
269 252 -1.000000
236 253 -1.000000
252 253 -1.000000
253 253 4.000000
254 253 -1.000000
270 253 -1.000000
237 254 -1.000000
253 254 -1.000000
254 254 4.000000
255 254 -1.000000
271 254 -1.000000
238 255 -1.000000
254 255 -1.000000
255 255 4.000000
272 255 -1.000000
239 256 -1.000000
256 256 4.000000
257 256 -1.000000
273 256 -1.000000
240 257 -1.000000
256 257 -1.000000
257 257 4.000000
258 257 -1.000000
274 257 -1.000000
241 258 -1.000000
257 258 -1.000000
258 258 4.000000
259 258 -1.000000
275 258 -1.000000
242 259 -1.000000
258 259 -1.000000
259 259 4.000000
260 259 -1.000000
276 259 -1.000000
243 260 -1.000000
259 260 -1.000000
260 260 4.000000
261 260 -1.000000
277 260 -1.000000
244 261 -1.000000
260 261 -1.000000
261 261 4.000000
262 261 -1.000000
278 261 -1.000000
245 262 -1.000000
261 262 -1.000000
262 262 4.000000
263 262 -1.000000
279 262 -1.000000
246 263 -1.000000
262 263 -1.000000
263 263 4.000000
264 263 -1.000000
280 263 -1.000000
247 264 -1.000000
263 264 -1.000000
264 264 4.000000
265 264 -1.000000
281 264 -1.000000
248 265 -1.000000
264 265 -1.000000
265 265 4.000000
266 265 -1.000000
282 265 -1.000000
249 266 -1.000000
265 266 -1.000000
266 266 4.000000
267 266 -1.000000
283 266 -1.000000
250 267 -1.000000
266 267 -1.000000
267 267 4.000000
268 267 -1.000000
284 267 -1.000000
251 268 -1.000000
267 268 -1.000000
268 268 4.000000
269 268 -1.000000
285 268 -1.000000
252 269 -1.000000
268 269 -1.000000
269 269 4.000000
270 269 -1.000000
286 269 -1.000000
253 270 -1.000000
269 270 -1.000000
270 270 4.000000
271 270 -1.000000
287 270 -1.000000
254 271 -1.000000
270 271 -1.000000
271 271 4.000000
272 271 -1.000000
288 271 -1.000000
255 272 -1.000000
271 272 -1.000000
272 272 4.000000
289 272 -1.000000
256 273 -1.000000
273 273 4.000000
274 273 -1.000000
257 274 -1.000000
273 274 -1.000000
274 274 4.000000
275 274 -1.000000
258 275 -1.000000
274 275 -1.000000
275 275 4.000000
276 275 -1.000000
259 276 -1.000000
275 276 -1.000000
276 276 4.000000
277 276 -1.000000
260 277 -1.000000
276 277 -1.000000
277 277 4.000000
278 277 -1.000000
261 278 -1.000000
277 278 -1.000000
278 278 4.000000
279 278 -1.000000
262 279 -1.000000
278 279 -1.000000
279 279 4.000000
280 279 -1.000000
263 280 -1.000000
279 280 -1.000000
280 280 4.000000
281 280 -1.000000
264 281 -1.000000
280 281 -1.000000
281 281 4.000000
282 281 -1.000000
265 282 -1.000000
281 282 -1.000000
282 282 4.000000
283 282 -1.000000
266 283 -1.000000
282 283 -1.000000
283 283 4.000000
284 283 -1.000000
267 284 -1.000000
283 284 -1.000000
284 284 4.000000
285 284 -1.000000
268 285 -1.000000
284 285 -1.000000
285 285 4.000000
286 285 -1.000000
269 286 -1.000000
285 286 -1.000000
286 286 4.000000
287 286 -1.000000
270 287 -1.000000
286 287 -1.000000
287 287 4.000000
288 287 -1.000000
271 288 -1.000000
287 288 -1.000000
288 288 4.000000
289 288 -1.000000
272 289 -1.000000
288 289 -1.000000
289 289 4.000000
