1 1 4.000000
2 1 -1.000000
19 1 -1.000000
1 2 -1.000000
2 2 4.000000
3 2 -1.000000
20 2 -1.000000
2 3 -1.000000
3 3 4.000000
4 3 -1.000000
21 3 -1.000000
3 4 -1.000000
4 4 4.000000
5 4 -1.000000
22 4 -1.000000
4 5 -1.000000
5 5 4.000000
6 5 -1.000000
23 5 -1.000000
5 6 -1.000000
6 6 4.000000
7 6 -1.000000
24 6 -1.000000
6 7 -1.000000
7 7 4.000000
8 7 -1.000000
25 7 -1.000000
7 8 -1.000000
8 8 4.000000
9 8 -1.000000
26 8 -1.000000
8 9 -1.000000
9 9 4.000000
10 9 -1.000000
27 9 -1.000000
9 10 -1.000000
10 10 4.000000
11 10 -1.000000
28 10 -1.000000
10 11 -1.000000
11 11 4.000000
12 11 -1.000000
29 11 -1.000000
11 12 -1.000000
12 12 4.000000
13 12 -1.000000
30 12 -1.000000
12 13 -1.000000
13 13 4.000000
14 13 -1.000000
31 13 -1.000000
13 14 -1.000000
14 14 4.000000
15 14 -1.000000
32 14 -1.000000
14 15 -1.000000
15 15 4.000000
16 15 -1.000000
33 15 -1.000000
15 16 -1.000000
16 16 4.000000
17 16 -1.000000
34 16 -1.000000
16 17 -1.000000
17 17 4.000000
18 17 -1.000000
35 17 -1.000000
17 18 -1.000000
18 18 4.000000
36 18 -1.000000
1 19 -1.000000
19 19 4.000000
20 19 -1.000000
37 19 -1.000000
2 20 -1.000000
19 20 -1.000000
20 20 4.000000
21 20 -1.000000
38 20 -1.000000
3 21 -1.000000
20 21 -1.000000
21 21 4.000000
22 21 -1.000000
39 21 -1.000000
4 22 -1.000000
21 22 -1.000000
22 22 4.000000
23 22 -1.000000
40 22 -1.000000
5 23 -1.000000
22 23 -1.000000
23 23 4.000000
24 23 -1.000000
41 23 -1.000000
6 24 -1.000000
23 24 -1.000000
24 24 4.000000
25 24 -1.000000
42 24 -1.000000
7 25 -1.000000
24 25 -1.000000
25 25 4.000000
26 25 -1.000000
43 25 -1.000000
8 26 -1.000000
25 26 -1.000000
26 26 4.000000
27 26 -1.000000
44 26 -1.000000
9 27 -1.000000
26 27 -1.000000
27 27 4.000000
28 27 -1.000000
45 27 -1.000000
10 28 -1.000000
27 28 -1.000000
28 28 4.000000
29 28 -1.000000
46 28 -1.000000
11 29 -1.000000
28 29 -1.000000
29 29 4.000000
30 29 -1.000000
47 29 -1.000000
12 30 -1.000000
29 30 -1.000000
30 30 4.000000
31 30 -1.000000
48 30 -1.000000
13 31 -1.000000
30 31 -1.000000
31 31 4.000000
32 31 -1.000000
49 31 -1.000000
14 32 -1.000000
31 32 -1.000000
32 32 4.000000
33 32 -1.000000
50 32 -1.000000
15 33 -1.000000
32 33 -1.000000
33 33 4.000000
34 33 -1.000000
51 33 -1.000000
16 34 -1.000000
33 34 -1.000000
34 34 4.000000
35 34 -1.000000
52 34 -1.000000
17 35 -1.000000
34 35 -1.000000
35 35 4.000000
36 35 -1.000000
53 35 -1.000000
18 36 -1.000000
35 36 -1.000000
36 36 4.000000
54 36 -1.000000
19 37 -1.000000
37 37 4.000000
38 37 -1.000000
55 37 -1.000000
20 38 -1.000000
37 38 -1.000000
38 38 4.000000
39 38 -1.000000
56 38 -1.000000
21 39 -1.000000
38 39 -1.000000
39 39 4.000000
40 39 -1.000000
57 39 -1.000000
22 40 -1.000000
39 40 -1.000000
40 40 4.000000
41 40 -1.000000
58 40 -1.000000
23 41 -1.000000
40 41 -1.000000
41 41 4.000000
42 41 -1.000000
59 41 -1.000000
24 42 -1.000000
41 42 -1.000000
42 42 4.000000
43 42 -1.000000
60 42 -1.000000
25 43 -1.000000
42 43 -1.000000
43 43 4.000000
44 43 -1.000000
61 43 -1.000000
26 44 -1.000000
43 44 -1.000000
44 44 4.000000
45 44 -1.000000
62 44 -1.000000
27 45 -1.000000
44 45 -1.000000
45 45 4.000000
46 45 -1.000000
63 45 -1.000000
28 46 -1.000000
45 46 -1.000000
46 46 4.000000
47 46 -1.000000
64 46 -1.000000
29 47 -1.000000
46 47 -1.000000
47 47 4.000000
48 47 -1.000000
65 47 -1.000000
30 48 -1.000000
47 48 -1.000000
48 48 4.000000
49 48 -1.000000
66 48 -1.000000
31 49 -1.000000
48 49 -1.000000
49 49 4.000000
50 49 -1.000000
67 49 -1.000000
32 50 -1.000000
49 50 -1.000000
50 50 4.000000
51 50 -1.000000
68 50 -1.000000
33 51 -1.000000
50 51 -1.000000
51 51 4.000000
52 51 -1.000000
69 51 -1.000000
34 52 -1.000000
51 52 -1.000000
52 52 4.000000
53 52 -1.000000
70 52 -1.000000
35 53 -1.000000
52 53 -1.000000
53 53 4.000000
54 53 -1.000000
71 53 -1.000000
36 54 -1.000000
53 54 -1.000000
54 54 4.000000
72 54 -1.000000
37 55 -1.000000
55 55 4.000000
56 55 -1.000000
73 55 -1.000000
38 56 -1.000000
55 56 -1.000000
56 56 4.000000
57 56 -1.000000
74 56 -1.000000
39 57 -1.000000
56 57 -1.000000
57 57 4.000000
58 57 -1.000000
75 57 -1.000000
40 58 -1.000000
57 58 -1.000000
58 58 4.000000
59 58 -1.000000
76 58 -1.000000
41 59 -1.000000
58 59 -1.000000
59 59 4.000000
60 59 -1.000000
77 59 -1.000000
42 60 -1.000000
59 60 -1.000000
60 60 4.000000
61 60 -1.000000
78 60 -1.000000
43 61 -1.000000
60 61 -1.000000
61 61 4.000000
62 61 -1.000000
79 61 -1.000000
44 62 -1.000000
61 62 -1.000000
62 62 4.000000
63 62 -1.000000
80 62 -1.000000
45 63 -1.000000
62 63 -1.000000
63 63 4.000000
64 63 -1.000000
81 63 -1.000000
46 64 -1.000000
63 64 -1.000000
64 64 4.000000
65 64 -1.000000
82 64 -1.000000
47 65 -1.000000
64 65 -1.000000
65 65 4.000000
66 65 -1.000000
83 65 -1.000000
48 66 -1.000000
65 66 -1.000000
66 66 4.000000
67 66 -1.000000
84 66 -1.000000
49 67 -1.000000
66 67 -1.000000
67 67 4.000000
68 67 -1.000000
85 67 -1.000000
50 68 -1.000000
67 68 -1.000000
68 68 4.000000
69 68 -1.000000
86 68 -1.000000
51 69 -1.000000
68 69 -1.000000
69 69 4.000000
70 69 -1.000000
87 69 -1.000000
52 70 -1.000000
69 70 -1.000000
70 70 4.000000
71 70 -1.000000
88 70 -1.000000
53 71 -1.000000
70 71 -1.000000
71 71 4.000000
72 71 -1.000000
89 71 -1.000000
54 72 -1.000000
71 72 -1.000000
72 72 4.000000
90 72 -1.000000
55 73 -1.000000
73 73 4.000000
74 73 -1.000000
91 73 -1.000000
56 74 -1.000000
73 74 -1.000000
74 74 4.000000
75 74 -1.000000
92 74 -1.000000
57 75 -1.000000
74 75 -1.000000
75 75 4.000000
76 75 -1.000000
93 75 -1.000000
58 76 -1.000000
75 76 -1.000000
76 76 4.000000
77 76 -1.000000
94 76 -1.000000
59 77 -1.000000
76 77 -1.000000
77 77 4.000000
78 77 -1.000000
95 77 -1.000000
60 78 -1.000000
77 78 -1.000000
78 78 4.000000
79 78 -1.000000
96 78 -1.000000
61 79 -1.000000
78 79 -1.000000
79 79 4.000000
80 79 -1.000000
97 79 -1.000000
62 80 -1.000000
79 80 -1.000000
80 80 4.000000
81 80 -1.000000
98 80 -1.000000
63 81 -1.000000
80 81 -1.000000
81 81 4.000000
82 81 -1.000000
99 81 -1.000000
64 82 -1.000000
81 82 -1.000000
82 82 4.000000
83 82 -1.000000
100 82 -1.000000
65 83 -1.000000
82 83 -1.000000
83 83 4.000000
84 83 -1.000000
101 83 -1.000000
66 84 -1.000000
83 84 -1.000000
84 84 4.000000
85 84 -1.000000
102 84 -1.000000
67 85 -1.000000
84 85 -1.000000
85 85 4.000000
86 85 -1.000000
103 85 -1.000000
68 86 -1.000000
85 86 -1.000000
86 86 4.000000
87 86 -1.000000
104 86 -1.000000
69 87 -1.000000
86 87 -1.000000
87 87 4.000000
88 87 -1.000000
105 87 -1.000000
70 88 -1.000000
87 88 -1.000000
88 88 4.000000
89 88 -1.000000
106 88 -1.000000
71 89 -1.000000
88 89 -1.000000
89 89 4.000000
90 89 -1.000000
107 89 -1.000000
72 90 -1.000000
89 90 -1.000000
90 90 4.000000
108 90 -1.000000
73 91 -1.000000
91 91 4.000000
92 91 -1.000000
109 91 -1.000000
74 92 -1.000000
91 92 -1.000000
92 92 4.000000
93 92 -1.000000
110 92 -1.000000
75 93 -1.000000
92 93 -1.000000
93 93 4.000000
94 93 -1.000000
111 93 -1.000000
76 94 -1.000000
93 94 -1.000000
94 94 4.000000
95 94 -1.000000
112 94 -1.000000
77 95 -1.000000
94 95 -1.000000
95 95 4.000000
96 95 -1.000000
113 95 -1.000000
78 96 -1.000000
95 96 -1.000000
96 96 4.000000
97 96 -1.000000
114 96 -1.000000
79 97 -1.000000
96 97 -1.000000
97 97 4.000000
98 97 -1.000000
115 97 -1.000000
80 98 -1.000000
97 98 -1.000000
98 98 4.000000
99 98 -1.000000
116 98 -1.000000
81 99 -1.000000
98 99 -1.000000
99 99 4.000000
100 99 -1.000000
117 99 -1.000000
82 100 -1.000000
99 100 -1.000000
100 100 4.000000
101 100 -1.000000
118 100 -1.000000
83 101 -1.000000
100 101 -1.000000
101 101 4.000000
102 101 -1.000000
119 101 -1.000000
84 102 -1.000000
101 102 -1.000000
102 102 4.000000
103 102 -1.000000
120 102 -1.000000
85 103 -1.000000
102 103 -1.000000
103 103 4.000000
104 103 -1.000000
121 103 -1.000000
86 104 -1.000000
103 104 -1.000000
104 104 4.000000
105 104 -1.000000
122 104 -1.000000
87 105 -1.000000
104 105 -1.000000
105 105 4.000000
106 105 -1.000000
123 105 -1.000000
88 106 -1.000000
105 106 -1.000000
106 106 4.000000
107 106 -1.000000
124 106 -1.000000
89 107 -1.000000
106 107 -1.000000
107 107 4.000000
108 107 -1.000000
125 107 -1.000000
90 108 -1.000000
107 108 -1.000000
108 108 4.000000
126 108 -1.000000
91 109 -1.000000
109 109 4.000000
110 109 -1.000000
127 109 -1.000000
92 110 -1.000000
109 110 -1.000000
110 110 4.000000
111 110 -1.000000
128 110 -1.000000
93 111 -1.000000
110 111 -1.000000
111 111 4.000000
112 111 -1.000000
129 111 -1.000000
94 112 -1.000000
111 112 -1.000000
112 112 4.000000
113 112 -1.000000
130 112 -1.000000
95 113 -1.000000
112 113 -1.000000
113 113 4.000000
114 113 -1.000000
131 113 -1.000000
96 114 -1.000000
113 114 -1.000000
114 114 4.000000
115 114 -1.000000
132 114 -1.000000
97 115 -1.000000
114 115 -1.000000
115 115 4.000000
116 115 -1.000000
133 115 -1.000000
98 116 -1.000000
115 116 -1.000000
116 116 4.000000
117 116 -1.000000
134 116 -1.000000
99 117 -1.000000
116 117 -1.000000
117 117 4.000000
118 117 -1.000000
135 117 -1.000000
100 118 -1.000000
117 118 -1.000000
118 118 4.000000
119 118 -1.000000
136 118 -1.000000
101 119 -1.000000
118 119 -1.000000
119 119 4.000000
120 119 -1.000000
137 119 -1.000000
102 120 -1.000000
119 120 -1.000000
120 120 4.000000
121 120 -1.000000
138 120 -1.000000
103 121 -1.000000
120 121 -1.000000
121 121 4.000000
122 121 -1.000000
139 121 -1.000000
104 122 -1.000000
121 122 -1.000000
122 122 4.000000
123 122 -1.000000
140 122 -1.000000
105 123 -1.000000
122 123 -1.000000
123 123 4.000000
124 123 -1.000000
141 123 -1.000000
106 124 -1.000000
123 124 -1.000000
124 124 4.000000
125 124 -1.000000
142 124 -1.000000
107 125 -1.000000
124 125 -1.000000
125 125 4.000000
126 125 -1.000000
143 125 -1.000000
108 126 -1.000000
125 126 -1.000000
126 126 4.000000
144 126 -1.000000
109 127 -1.000000
127 127 4.000000
128 127 -1.000000
145 127 -1.000000
110 128 -1.000000
127 128 -1.000000
128 128 4.000000
129 128 -1.000000
146 128 -1.000000
111 129 -1.000000
128 129 -1.000000
129 129 4.000000
130 129 -1.000000
147 129 -1.000000
112 130 -1.000000
129 130 -1.000000
130 130 4.000000
131 130 -1.000000
148 130 -1.000000
113 131 -1.000000
130 131 -1.000000
131 131 4.000000
132 131 -1.000000
149 131 -1.000000
114 132 -1.000000
131 132 -1.000000
132 132 4.000000
133 132 -1.000000
150 132 -1.000000
115 133 -1.000000
132 133 -1.000000
133 133 4.000000
134 133 -1.000000
151 133 -1.000000
116 134 -1.000000
133 134 -1.000000
134 134 4.000000
135 134 -1.000000
152 134 -1.000000
117 135 -1.000000
134 135 -1.000000
135 135 4.000000
136 135 -1.000000
153 135 -1.000000
118 136 -1.000000
135 136 -1.000000
136 136 4.000000
137 136 -1.000000
154 136 -1.000000
119 137 -1.000000
136 137 -1.000000
137 137 4.000000
138 137 -1.000000
155 137 -1.000000
120 138 -1.000000
137 138 -1.000000
138 138 4.000000
139 138 -1.000000
156 138 -1.000000
121 139 -1.000000
138 139 -1.000000
139 139 4.000000
140 139 -1.000000
157 139 -1.000000
122 140 -1.000000
139 140 -1.000000
140 140 4.000000
141 140 -1.000000
158 140 -1.000000
123 141 -1.000000
140 141 -1.000000
141 141 4.000000
142 141 -1.000000
159 141 -1.000000
124 142 -1.000000
141 142 -1.000000
142 142 4.000000
143 142 -1.000000
160 142 -1.000000
125 143 -1.000000
142 143 -1.000000
143 143 4.000000
144 143 -1.000000
161 143 -1.000000
126 144 -1.000000
143 144 -1.000000
144 144 4.000000
162 144 -1.000000
127 145 -1.000000
145 145 4.000000
146 145 -1.000000
163 145 -1.000000
128 146 -1.000000
145 146 -1.000000
146 146 4.000000
147 146 -1.000000
164 146 -1.000000
129 147 -1.000000
146 147 -1.000000
147 147 4.000000
148 147 -1.000000
165 147 -1.000000
130 148 -1.000000
147 148 -1.000000
148 148 4.000000
149 148 -1.000000
166 148 -1.000000
131 149 -1.000000
148 149 -1.000000
149 149 4.000000
150 149 -1.000000
167 149 -1.000000
132 150 -1.000000
149 150 -1.000000
150 150 4.000000
151 150 -1.000000
168 150 -1.000000
133 151 -1.000000
150 151 -1.000000
151 151 4.000000
152 151 -1.000000
169 151 -1.000000
134 152 -1.000000
151 152 -1.000000
152 152 4.000000
153 152 -1.000000
170 152 -1.000000
135 153 -1.000000
152 153 -1.000000
153 153 4.000000
154 153 -1.000000
171 153 -1.000000
136 154 -1.000000
153 154 -1.000000
154 154 4.000000
155 154 -1.000000
172 154 -1.000000
137 155 -1.000000
154 155 -1.000000
155 155 4.000000
156 155 -1.000000
173 155 -1.000000
138 156 -1.000000
155 156 -1.000000
156 156 4.000000
157 156 -1.000000
174 156 -1.000000
139 157 -1.000000
156 157 -1.000000
157 157 4.000000
158 157 -1.000000
175 157 -1.000000
140 158 -1.000000
157 158 -1.000000
158 158 4.000000
159 158 -1.000000
176 158 -1.000000
141 159 -1.000000
158 159 -1.000000
159 159 4.000000
160 159 -1.000000
177 159 -1.000000
142 160 -1.000000
159 160 -1.000000
160 160 4.000000
161 160 -1.000000
178 160 -1.000000
143 161 -1.000000
160 161 -1.000000
161 161 4.000000
162 161 -1.000000
179 161 -1.000000
144 162 -1.000000
161 162 -1.000000
162 162 4.000000
180 162 -1.000000
145 163 -1.000000
163 163 4.000000
164 163 -1.000000
181 163 -1.000000
146 164 -1.000000
163 164 -1.000000
164 164 4.000000
165 164 -1.000000
182 164 -1.000000
147 165 -1.000000
164 165 -1.000000
165 165 4.000000
166 165 -1.000000
183 165 -1.000000
148 166 -1.000000
165 166 -1.000000
166 166 4.000000
167 166 -1.000000
184 166 -1.000000
149 167 -1.000000
166 167 -1.000000
167 167 4.000000
168 167 -1.000000
185 167 -1.000000
150 168 -1.000000
167 168 -1.000000
168 168 4.000000
169 168 -1.000000
186 168 -1.000000
151 169 -1.000000
168 169 -1.000000
169 169 4.000000
170 169 -1.000000
187 169 -1.000000
152 170 -1.000000
169 170 -1.000000
170 170 4.000000
171 170 -1.000000
188 170 -1.000000
153 171 -1.000000
170 171 -1.000000
171 171 4.000000
172 171 -1.000000
189 171 -1.000000
154 172 -1.000000
171 172 -1.000000
172 172 4.000000
173 172 -1.000000
190 172 -1.000000
155 173 -1.000000
172 173 -1.000000
173 173 4.000000
174 173 -1.000000
191 173 -1.000000
156 174 -1.000000
173 174 -1.000000
174 174 4.000000
175 174 -1.000000
192 174 -1.000000
157 175 -1.000000
174 175 -1.000000
175 175 4.000000
176 175 -1.000000
193 175 -1.000000
158 176 -1.000000
175 176 -1.000000
176 176 4.000000
177 176 -1.000000
194 176 -1.000000
159 177 -1.000000
176 177 -1.000000
177 177 4.000000
178 177 -1.000000
195 177 -1.000000
160 178 -1.000000
177 178 -1.000000
178 178 4.000000
179 178 -1.000000
196 178 -1.000000
161 179 -1.000000
178 179 -1.000000
179 179 4.000000
180 179 -1.000000
197 179 -1.000000
162 180 -1.000000
179 180 -1.000000
180 180 4.000000
198 180 -1.000000
163 181 -1.000000
181 181 4.000000
182 181 -1.000000
199 181 -1.000000
164 182 -1.000000
181 182 -1.000000
182 182 4.000000
183 182 -1.000000
200 182 -1.000000
165 183 -1.000000
182 183 -1.000000
183 183 4.000000
184 183 -1.000000
201 183 -1.000000
166 184 -1.000000
183 184 -1.000000
184 184 4.000000
185 184 -1.000000
202 184 -1.000000
167 185 -1.000000
184 185 -1.000000
185 185 4.000000
186 185 -1.000000
203 185 -1.000000
168 186 -1.000000
185 186 -1.000000
186 186 4.000000
187 186 -1.000000
204 186 -1.000000
169 187 -1.000000
186 187 -1.000000
187 187 4.000000
188 187 -1.000000
205 187 -1.000000
170 188 -1.000000
187 188 -1.000000
188 188 4.000000
189 188 -1.000000
206 188 -1.000000
171 189 -1.000000
188 189 -1.000000
189 189 4.000000
190 189 -1.000000
207 189 -1.000000
172 190 -1.000000
189 190 -1.000000
190 190 4.000000
191 190 -1.000000
208 190 -1.000000
173 191 -1.000000
190 191 -1.000000
191 191 4.000000
192 191 -1.000000
209 191 -1.000000
174 192 -1.000000
191 192 -1.000000
192 192 4.000000
193 192 -1.000000
210 192 -1.000000
175 193 -1.000000
192 193 -1.000000
193 193 4.000000
194 193 -1.000000
211 193 -1.000000
176 194 -1.000000
193 194 -1.000000
194 194 4.000000
195 194 -1.000000
212 194 -1.000000
177 195 -1.000000
194 195 -1.000000
195 195 4.000000
196 195 -1.000000
213 195 -1.000000
178 196 -1.000000
195 196 -1.000000
196 196 4.000000
197 196 -1.000000
214 196 -1.000000
179 197 -1.000000
196 197 -1.000000
197 197 4.000000
198 197 -1.000000
215 197 -1.000000
180 198 -1.000000
197 198 -1.000000
198 198 4.000000
216 198 -1.000000
181 199 -1.000000
199 199 4.000000
200 199 -1.000000
217 199 -1.000000
182 200 -1.000000
199 200 -1.000000
200 200 4.000000
201 200 -1.000000
218 200 -1.000000
183 201 -1.000000
200 201 -1.000000
201 201 4.000000
202 201 -1.000000
219 201 -1.000000
184 202 -1.000000
201 202 -1.000000
202 202 4.000000
203 202 -1.000000
220 202 -1.000000
185 203 -1.000000
202 203 -1.000000
203 203 4.000000
204 203 -1.000000
221 203 -1.000000
186 204 -1.000000
203 204 -1.000000
204 204 4.000000
205 204 -1.000000
222 204 -1.000000
187 205 -1.000000
204 205 -1.000000
205 205 4.000000
206 205 -1.000000
223 205 -1.000000
188 206 -1.000000
205 206 -1.000000
206 206 4.000000
207 206 -1.000000
224 206 -1.000000
189 207 -1.000000
206 207 -1.000000
207 207 4.000000
208 207 -1.000000
225 207 -1.000000
190 208 -1.000000
207 208 -1.000000
208 208 4.000000
209 208 -1.000000
226 208 -1.000000
191 209 -1.000000
208 209 -1.000000
209 209 4.000000
210 209 -1.000000
227 209 -1.000000
192 210 -1.000000
209 210 -1.000000
210 210 4.000000
211 210 -1.000000
228 210 -1.000000
193 211 -1.000000
210 211 -1.000000
211 211 4.000000
212 211 -1.000000
229 211 -1.000000
194 212 -1.000000
211 212 -1.000000
212 212 4.000000
213 212 -1.000000
230 212 -1.000000
195 213 -1.000000
212 213 -1.000000
213 213 4.000000
214 213 -1.000000
231 213 -1.000000
196 214 -1.000000
213 214 -1.000000
214 214 4.000000
215 214 -1.000000
232 214 -1.000000
197 215 -1.000000
214 215 -1.000000
215 215 4.000000
216 215 -1.000000
233 215 -1.000000
198 216 -1.000000
215 216 -1.000000
216 216 4.000000
234 216 -1.000000
199 217 -1.000000
217 217 4.000000
218 217 -1.000000
235 217 -1.000000
200 218 -1.000000
217 218 -1.000000
218 218 4.000000
219 218 -1.000000
236 218 -1.000000
201 219 -1.000000
218 219 -1.000000
219 219 4.000000
220 219 -1.000000
237 219 -1.000000
202 220 -1.000000
219 220 -1.000000
220 220 4.000000
221 220 -1.000000
238 220 -1.000000
203 221 -1.000000
220 221 -1.000000
221 221 4.000000
222 221 -1.000000
239 221 -1.000000
204 222 -1.000000
221 222 -1.000000
222 222 4.000000
223 222 -1.000000
240 222 -1.000000
205 223 -1.000000
222 223 -1.000000
223 223 4.000000
224 223 -1.000000
241 223 -1.000000
206 224 -1.000000
223 224 -1.000000
224 224 4.000000
225 224 -1.000000
242 224 -1.000000
207 225 -1.000000
224 225 -1.000000
225 225 4.000000
226 225 -1.000000
243 225 -1.000000
208 226 -1.000000
225 226 -1.000000
226 226 4.000000
227 226 -1.000000
244 226 -1.000000
209 227 -1.000000
226 227 -1.000000
227 227 4.000000
228 227 -1.000000
245 227 -1.000000
210 228 -1.000000
227 228 -1.000000
228 228 4.000000
229 228 -1.000000
246 228 -1.000000
211 229 -1.000000
228 229 -1.000000
229 229 4.000000
230 229 -1.000000
247 229 -1.000000
212 230 -1.000000
229 230 -1.000000
230 230 4.000000
231 230 -1.000000
248 230 -1.000000
213 231 -1.000000
230 231 -1.000000
231 231 4.000000
232 231 -1.000000
249 231 -1.000000
214 232 -1.000000
231 232 -1.000000
232 232 4.000000
233 232 -1.000000
250 232 -1.000000
215 233 -1.000000
232 233 -1.000000
233 233 4.000000
234 233 -1.000000
251 233 -1.000000
216 234 -1.000000
233 234 -1.000000
234 234 4.000000
252 234 -1.000000
217 235 -1.000000
235 235 4.000000
236 235 -1.000000
253 235 -1.000000
218 236 -1.000000
235 236 -1.000000
236 236 4.000000
237 236 -1.000000
254 236 -1.000000
219 237 -1.000000
236 237 -1.000000
237 237 4.000000
238 237 -1.000000
255 237 -1.000000
220 238 -1.000000
237 238 -1.000000
238 238 4.000000
239 238 -1.000000
256 238 -1.000000
221 239 -1.000000
238 239 -1.000000
239 239 4.000000
240 239 -1.000000
257 239 -1.000000
222 240 -1.000000
239 240 -1.000000
240 240 4.000000
241 240 -1.000000
258 240 -1.000000
223 241 -1.000000
240 241 -1.000000
241 241 4.000000
242 241 -1.000000
259 241 -1.000000
224 242 -1.000000
241 242 -1.000000
242 242 4.000000
243 242 -1.000000
260 242 -1.000000
225 243 -1.000000
242 243 -1.000000
243 243 4.000000
244 243 -1.000000
261 243 -1.000000
226 244 -1.000000
243 244 -1.000000
244 244 4.000000
245 244 -1.000000
262 244 -1.000000
227 245 -1.000000
244 245 -1.000000
245 245 4.000000
246 245 -1.000000
263 245 -1.000000
228 246 -1.000000
245 246 -1.000000
246 246 4.000000
247 246 -1.000000
264 246 -1.000000
229 247 -1.000000
246 247 -1.000000
247 247 4.000000
248 247 -1.000000
265 247 -1.000000
230 248 -1.000000
247 248 -1.000000
248 248 4.000000
249 248 -1.000000
266 248 -1.000000
231 249 -1.000000
248 249 -1.000000
249 249 4.000000
250 249 -1.000000
267 249 -1.000000
232 250 -1.000000
249 250 -1.000000
250 250 4.000000
251 250 -1.000000
268 250 -1.000000
233 251 -1.000000
250 251 -1.000000
251 251 4.000000
252 251 -1.000000
269 251 -1.000000
234 252 -1.000000
251 252 -1.000000
252 252 4.000000
270 252 -1.000000
235 253 -1.000000
253 253 4.000000
254 253 -1.000000
271 253 -1.000000
236 254 -1.000000
253 254 -1.000000
254 254 4.000000
255 254 -1.000000
272 254 -1.000000
237 255 -1.000000
254 255 -1.000000
255 255 4.000000
256 255 -1.000000
273 255 -1.000000
238 256 -1.000000
255 256 -1.000000
256 256 4.000000
257 256 -1.000000
274 256 -1.000000
239 257 -1.000000
256 257 -1.000000
257 257 4.000000
258 257 -1.000000
275 257 -1.000000
240 258 -1.000000
257 258 -1.000000
258 258 4.000000
259 258 -1.000000
276 258 -1.000000
241 259 -1.000000
258 259 -1.000000
259 259 4.000000
260 259 -1.000000
277 259 -1.000000
242 260 -1.000000
259 260 -1.000000
260 260 4.000000
261 260 -1.000000
278 260 -1.000000
243 261 -1.000000
260 261 -1.000000
261 261 4.000000
262 261 -1.000000
279 261 -1.000000
244 262 -1.000000
261 262 -1.000000
262 262 4.000000
263 262 -1.000000
280 262 -1.000000
245 263 -1.000000
262 263 -1.000000
263 263 4.000000
264 263 -1.000000
281 263 -1.000000
246 264 -1.000000
263 264 -1.000000
264 264 4.000000
265 264 -1.000000
282 264 -1.000000
247 265 -1.000000
264 265 -1.000000
265 265 4.000000
266 265 -1.000000
283 265 -1.000000
248 266 -1.000000
265 266 -1.000000
266 266 4.000000
267 266 -1.000000
284 266 -1.000000
249 267 -1.000000
266 267 -1.000000
267 267 4.000000
268 267 -1.000000
285 267 -1.000000
250 268 -1.000000
267 268 -1.000000
268 268 4.000000
269 268 -1.000000
286 268 -1.000000
251 269 -1.000000
268 269 -1.000000
269 269 4.000000
270 269 -1.000000
287 269 -1.000000
252 270 -1.000000
269 270 -1.000000
270 270 4.000000
288 270 -1.000000
253 271 -1.000000
271 271 4.000000
272 271 -1.000000
289 271 -1.000000
254 272 -1.000000
271 272 -1.000000
272 272 4.000000
273 272 -1.000000
290 272 -1.000000
255 273 -1.000000
272 273 -1.000000
273 273 4.000000
274 273 -1.000000
291 273 -1.000000
256 274 -1.000000
273 274 -1.000000
274 274 4.000000
275 274 -1.000000
292 274 -1.000000
257 275 -1.000000
274 275 -1.000000
275 275 4.000000
276 275 -1.000000
293 275 -1.000000
258 276 -1.000000
275 276 -1.000000
276 276 4.000000
277 276 -1.000000
294 276 -1.000000
259 277 -1.000000
276 277 -1.000000
277 277 4.000000
278 277 -1.000000
295 277 -1.000000
260 278 -1.000000
277 278 -1.000000
278 278 4.000000
279 278 -1.000000
296 278 -1.000000
261 279 -1.000000
278 279 -1.000000
279 279 4.000000
280 279 -1.000000
297 279 -1.000000
262 280 -1.000000
279 280 -1.000000
280 280 4.000000
281 280 -1.000000
298 280 -1.000000
263 281 -1.000000
280 281 -1.000000
281 281 4.000000
282 281 -1.000000
299 281 -1.000000
264 282 -1.000000
281 282 -1.000000
282 282 4.000000
283 282 -1.000000
300 282 -1.000000
265 283 -1.000000
282 283 -1.000000
283 283 4.000000
284 283 -1.000000
301 283 -1.000000
266 284 -1.000000
283 284 -1.000000
284 284 4.000000
285 284 -1.000000
302 284 -1.000000
267 285 -1.000000
284 285 -1.000000
285 285 4.000000
286 285 -1.000000
303 285 -1.000000
268 286 -1.000000
285 286 -1.000000
286 286 4.000000
287 286 -1.000000
304 286 -1.000000
269 287 -1.000000
286 287 -1.000000
287 287 4.000000
288 287 -1.000000
305 287 -1.000000
270 288 -1.000000
287 288 -1.000000
288 288 4.000000
306 288 -1.000000
271 289 -1.000000
289 289 4.000000
290 289 -1.000000
307 289 -1.000000
272 290 -1.000000
289 290 -1.000000
290 290 4.000000
291 290 -1.000000
308 290 -1.000000
273 291 -1.000000
290 291 -1.000000
291 291 4.000000
292 291 -1.000000
309 291 -1.000000
274 292 -1.000000
291 292 -1.000000
292 292 4.000000
293 292 -1.000000
310 292 -1.000000
275 293 -1.000000
292 293 -1.000000
293 293 4.000000
294 293 -1.000000
311 293 -1.000000
276 294 -1.000000
293 294 -1.000000
294 294 4.000000
295 294 -1.000000
312 294 -1.000000
277 295 -1.000000
294 295 -1.000000
295 295 4.000000
296 295 -1.000000
313 295 -1.000000
278 296 -1.000000
295 296 -1.000000
296 296 4.000000
297 296 -1.000000
314 296 -1.000000
279 297 -1.000000
296 297 -1.000000
297 297 4.000000
298 297 -1.000000
315 297 -1.000000
280 298 -1.000000
297 298 -1.000000
298 298 4.000000
299 298 -1.000000
316 298 -1.000000
281 299 -1.000000
298 299 -1.000000
299 299 4.000000
300 299 -1.000000
317 299 -1.000000
282 300 -1.000000
299 300 -1.000000
300 300 4.000000
301 300 -1.000000
318 300 -1.000000
283 301 -1.000000
300 301 -1.000000
301 301 4.000000
302 301 -1.000000
319 301 -1.000000
284 302 -1.000000
301 302 -1.000000
302 302 4.000000
303 302 -1.000000
320 302 -1.000000
285 303 -1.000000
302 303 -1.000000
303 303 4.000000
304 303 -1.000000
321 303 -1.000000
286 304 -1.000000
303 304 -1.000000
304 304 4.000000
305 304 -1.000000
322 304 -1.000000
287 305 -1.000000
304 305 -1.000000
305 305 4.000000
306 305 -1.000000
323 305 -1.000000
288 306 -1.000000
305 306 -1.000000
306 306 4.000000
324 306 -1.000000
289 307 -1.000000
307 307 4.000000
308 307 -1.000000
290 308 -1.000000
307 308 -1.000000
308 308 4.000000
309 308 -1.000000
291 309 -1.000000
308 309 -1.000000
309 309 4.000000
310 309 -1.000000
292 310 -1.000000
309 310 -1.000000
310 310 4.000000
311 310 -1.000000
293 311 -1.000000
310 311 -1.000000
311 311 4.000000
312 311 -1.000000
294 312 -1.000000
311 312 -1.000000
312 312 4.000000
313 312 -1.000000
295 313 -1.000000
312 313 -1.000000
313 313 4.000000
314 313 -1.000000
296 314 -1.000000
313 314 -1.000000
314 314 4.000000
315 314 -1.000000
297 315 -1.000000
314 315 -1.000000
315 315 4.000000
316 315 -1.000000
298 316 -1.000000
315 316 -1.000000
316 316 4.000000
317 316 -1.000000
299 317 -1.000000
316 317 -1.000000
317 317 4.000000
318 317 -1.000000
300 318 -1.000000
317 318 -1.000000
318 318 4.000000
319 318 -1.000000
301 319 -1.000000
318 319 -1.000000
319 319 4.000000
320 319 -1.000000
302 320 -1.000000
319 320 -1.000000
320 320 4.000000
321 320 -1.000000
303 321 -1.000000
320 321 -1.000000
321 321 4.000000
322 321 -1.000000
304 322 -1.000000
321 322 -1.000000
322 322 4.000000
323 322 -1.000000
305 323 -1.000000
322 323 -1.000000
323 323 4.000000
324 323 -1.000000
306 324 -1.000000
323 324 -1.000000
324 324 4.000000
