1 1 4.000000
2 1 -1.000000
20 1 -1.000000
1 2 -1.000000
2 2 4.000000
3 2 -1.000000
21 2 -1.000000
2 3 -1.000000
3 3 4.000000
4 3 -1.000000
22 3 -1.000000
3 4 -1.000000
4 4 4.000000
5 4 -1.000000
23 4 -1.000000
4 5 -1.000000
5 5 4.000000
6 5 -1.000000
24 5 -1.000000
5 6 -1.000000
6 6 4.000000
7 6 -1.000000
25 6 -1.000000
6 7 -1.000000
7 7 4.000000
8 7 -1.000000
26 7 -1.000000
7 8 -1.000000
8 8 4.000000
9 8 -1.000000
27 8 -1.000000
8 9 -1.000000
9 9 4.000000
10 9 -1.000000
28 9 -1.000000
9 10 -1.000000
10 10 4.000000
11 10 -1.000000
29 10 -1.000000
10 11 -1.000000
11 11 4.000000
12 11 -1.000000
30 11 -1.000000
11 12 -1.000000
12 12 4.000000
13 12 -1.000000
31 12 -1.000000
12 13 -1.000000
13 13 4.000000
14 13 -1.000000
32 13 -1.000000
13 14 -1.000000
14 14 4.000000
15 14 -1.000000
33 14 -1.000000
14 15 -1.000000
15 15 4.000000
16 15 -1.000000
34 15 -1.000000
15 16 -1.000000
16 16 4.000000
17 16 -1.000000
35 16 -1.000000
16 17 -1.000000
17 17 4.000000
18 17 -1.000000
36 17 -1.000000
17 18 -1.000000
18 18 4.000000
19 18 -1.000000
37 18 -1.000000
18 19 -1.000000
19 19 4.000000
38 19 -1.000000
1 20 -1.000000
20 20 4.000000
21 20 -1.000000
39 20 -1.000000
2 21 -1.000000
20 21 -1.000000
21 21 4.000000
22 21 -1.000000
40 21 -1.000000
3 22 -1.000000
21 22 -1.000000
22 22 4.000000
23 22 -1.000000
41 22 -1.000000
4 23 -1.000000
22 23 -1.000000
23 23 4.000000
24 23 -1.000000
42 23 -1.000000
5 24 -1.000000
23 24 -1.000000
24 24 4.000000
25 24 -1.000000
43 24 -1.000000
6 25 -1.000000
24 25 -1.000000
25 25 4.000000
26 25 -1.000000
44 25 -1.000000
7 26 -1.000000
25 26 -1.000000
26 26 4.000000
27 26 -1.000000
45 26 -1.000000
8 27 -1.000000
26 27 -1.000000
27 27 4.000000
28 27 -1.000000
46 27 -1.000000
9 28 -1.000000
27 28 -1.000000
28 28 4.000000
29 28 -1.000000
47 28 -1.000000
10 29 -1.000000
28 29 -1.000000
29 29 4.000000
30 29 -1.000000
48 29 -1.000000
11 30 -1.000000
29 30 -1.000000
30 30 4.000000
31 30 -1.000000
49 30 -1.000000
12 31 -1.000000
30 31 -1.000000
31 31 4.000000
32 31 -1.000000
50 31 -1.000000
13 32 -1.000000
31 32 -1.000000
32 32 4.000000
33 32 -1.000000
51 32 -1.000000
14 33 -1.000000
32 33 -1.000000
33 33 4.000000
34 33 -1.000000
52 33 -1.000000
15 34 -1.000000
33 34 -1.000000
34 34 4.000000
35 34 -1.000000
53 34 -1.000000
16 35 -1.000000
34 35 -1.000000
35 35 4.000000
36 35 -1.000000
54 35 -1.000000
17 36 -1.000000
35 36 -1.000000
36 36 4.000000
37 36 -1.000000
55 36 -1.000000
18 37 -1.000000
36 37 -1.000000
37 37 4.000000
38 37 -1.000000
56 37 -1.000000
19 38 -1.000000
37 38 -1.000000
38 38 4.000000
57 38 -1.000000
20 39 -1.000000
39 39 4.000000
40 39 -1.000000
58 39 -1.000000
21 40 -1.000000
39 40 -1.000000
40 40 4.000000
41 40 -1.000000
59 40 -1.000000
22 41 -1.000000
40 41 -1.000000
41 41 4.000000
42 41 -1.000000
60 41 -1.000000
23 42 -1.000000
41 42 -1.000000
42 42 4.000000
43 42 -1.000000
61 42 -1.000000
24 43 -1.000000
42 43 -1.000000
43 43 4.000000
44 43 -1.000000
62 43 -1.000000
25 44 -1.000000
43 44 -1.000000
44 44 4.000000
45 44 -1.000000
63 44 -1.000000
26 45 -1.000000
44 45 -1.000000
45 45 4.000000
46 45 -1.000000
64 45 -1.000000
27 46 -1.000000
45 46 -1.000000
46 46 4.000000
47 46 -1.000000
65 46 -1.000000
28 47 -1.000000
46 47 -1.000000
47 47 4.000000
48 47 -1.000000
66 47 -1.000000
29 48 -1.000000
47 48 -1.000000
48 48 4.000000
49 48 -1.000000
67 48 -1.000000
30 49 -1.000000
48 49 -1.000000
49 49 4.000000
50 49 -1.000000
68 49 -1.000000
31 50 -1.000000
49 50 -1.000000
50 50 4.000000
51 50 -1.000000
69 50 -1.000000
32 51 -1.000000
50 51 -1.000000
51 51 4.000000
52 51 -1.000000
70 51 -1.000000
33 52 -1.000000
51 52 -1.000000
52 52 4.000000
53 52 -1.000000
71 52 -1.000000
34 53 -1.000000
52 53 -1.000000
53 53 4.000000
54 53 -1.000000
72 53 -1.000000
35 54 -1.000000
53 54 -1.000000
54 54 4.000000
55 54 -1.000000
73 54 -1.000000
36 55 -1.000000
54 55 -1.000000
55 55 4.000000
56 55 -1.000000
74 55 -1.000000
37 56 -1.000000
55 56 -1.000000
56 56 4.000000
57 56 -1.000000
75 56 -1.000000
38 57 -1.000000
56 57 -1.000000
57 57 4.000000
76 57 -1.000000
39 58 -1.000000
58 58 4.000000
59 58 -1.000000
77 58 -1.000000
40 59 -1.000000
58 59 -1.000000
59 59 4.000000
60 59 -1.000000
78 59 -1.000000
41 60 -1.000000
59 60 -1.000000
60 60 4.000000
61 60 -1.000000
79 60 -1.000000
42 61 -1.000000
60 61 -1.000000
61 61 4.000000
62 61 -1.000000
80 61 -1.000000
43 62 -1.000000
61 62 -1.000000
62 62 4.000000
63 62 -1.000000
81 62 -1.000000
44 63 -1.000000
62 63 -1.000000
63 63 4.000000
64 63 -1.000000
82 63 -1.000000
45 64 -1.000000
63 64 -1.000000
64 64 4.000000
65 64 -1.000000
83 64 -1.000000
46 65 -1.000000
64 65 -1.000000
65 65 4.000000
66 65 -1.000000
84 65 -1.000000
47 66 -1.000000
65 66 -1.000000
66 66 4.000000
67 66 -1.000000
85 66 -1.000000
48 67 -1.000000
66 67 -1.000000
67 67 4.000000
68 67 -1.000000
86 67 -1.000000
49 68 -1.000000
67 68 -1.000000
68 68 4.000000
69 68 -1.000000
87 68 -1.000000
50 69 -1.000000
68 69 -1.000000
69 69 4.000000
70 69 -1.000000
88 69 -1.000000
51 70 -1.000000
69 70 -1.000000
70 70 4.000000
71 70 -1.000000
89 70 -1.000000
52 71 -1.000000
70 71 -1.000000
71 71 4.000000
72 71 -1.000000
90 71 -1.000000
53 72 -1.000000
71 72 -1.000000
72 72 4.000000
73 72 -1.000000
91 72 -1.000000
54 73 -1.000000
72 73 -1.000000
73 73 4.000000
74 73 -1.000000
92 73 -1.000000
55 74 -1.000000
73 74 -1.000000
74 74 4.000000
75 74 -1.000000
93 74 -1.000000
56 75 -1.000000
74 75 -1.000000
75 75 4.000000
76 75 -1.000000
94 75 -1.000000
57 76 -1.000000
75 76 -1.000000
76 76 4.000000
95 76 -1.000000
58 77 -1.000000
77 77 4.000000
78 77 -1.000000
96 77 -1.000000
59 78 -1.000000
77 78 -1.000000
78 78 4.000000
79 78 -1.000000
97 78 -1.000000
60 79 -1.000000
78 79 -1.000000
79 79 4.000000
80 79 -1.000000
98 79 -1.000000
61 80 -1.000000
79 80 -1.000000
80 80 4.000000
81 80 -1.000000
99 80 -1.000000
62 81 -1.000000
80 81 -1.000000
81 81 4.000000
82 81 -1.000000
100 81 -1.000000
63 82 -1.000000
81 82 -1.000000
82 82 4.000000
83 82 -1.000000
101 82 -1.000000
64 83 -1.000000
82 83 -1.000000
83 83 4.000000
84 83 -1.000000
102 83 -1.000000
65 84 -1.000000
83 84 -1.000000
84 84 4.000000
85 84 -1.000000
103 84 -1.000000
66 85 -1.000000
84 85 -1.000000
85 85 4.000000
86 85 -1.000000
104 85 -1.000000
67 86 -1.000000
85 86 -1.000000
86 86 4.000000
87 86 -1.000000
105 86 -1.000000
68 87 -1.000000
86 87 -1.000000
87 87 4.000000
88 87 -1.000000
106 87 -1.000000
69 88 -1.000000
87 88 -1.000000
88 88 4.000000
89 88 -1.000000
107 88 -1.000000
70 89 -1.000000
88 89 -1.000000
89 89 4.000000
90 89 -1.000000
108 89 -1.000000
71 90 -1.000000
89 90 -1.000000
90 90 4.000000
91 90 -1.000000
109 90 -1.000000
72 91 -1.000000
90 91 -1.000000
91 91 4.000000
92 91 -1.000000
110 91 -1.000000
73 92 -1.000000
91 92 -1.000000
92 92 4.000000
93 92 -1.000000
111 92 -1.000000
74 93 -1.000000
92 93 -1.000000
93 93 4.000000
94 93 -1.000000
112 93 -1.000000
75 94 -1.000000
93 94 -1.000000
94 94 4.000000
95 94 -1.000000
113 94 -1.000000
76 95 -1.000000
94 95 -1.000000
95 95 4.000000
114 95 -1.000000
77 96 -1.000000
96 96 4.000000
97 96 -1.000000
115 96 -1.000000
78 97 -1.000000
96 97 -1.000000
97 97 4.000000
98 97 -1.000000
116 97 -1.000000
79 98 -1.000000
97 98 -1.000000
98 98 4.000000
99 98 -1.000000
117 98 -1.000000
80 99 -1.000000
98 99 -1.000000
99 99 4.000000
100 99 -1.000000
118 99 -1.000000
81 100 -1.000000
99 100 -1.000000
100 100 4.000000
101 100 -1.000000
119 100 -1.000000
82 101 -1.000000
100 101 -1.000000
101 101 4.000000
102 101 -1.000000
120 101 -1.000000
83 102 -1.000000
101 102 -1.000000
102 102 4.000000
103 102 -1.000000
121 102 -1.000000
84 103 -1.000000
102 103 -1.000000
103 103 4.000000
104 103 -1.000000
122 103 -1.000000
85 104 -1.000000
103 104 -1.000000
104 104 4.000000
105 104 -1.000000
123 104 -1.000000
86 105 -1.000000
104 105 -1.000000
105 105 4.000000
106 105 -1.000000
124 105 -1.000000
87 106 -1.000000
105 106 -1.000000
106 106 4.000000
107 106 -1.000000
125 106 -1.000000
88 107 -1.000000
106 107 -1.000000
107 107 4.000000
108 107 -1.000000
126 107 -1.000000
89 108 -1.000000
107 108 -1.000000
108 108 4.000000
109 108 -1.000000
127 108 -1.000000
90 109 -1.000000
108 109 -1.000000
109 109 4.000000
110 109 -1.000000
128 109 -1.000000
91 110 -1.000000
109 110 -1.000000
110 110 4.000000
111 110 -1.000000
129 110 -1.000000
92 111 -1.000000
110 111 -1.000000
111 111 4.000000
112 111 -1.000000
130 111 -1.000000
93 112 -1.000000
111 112 -1.000000
112 112 4.000000
113 112 -1.000000
131 112 -1.000000
94 113 -1.000000
112 113 -1.000000
113 113 4.000000
114 113 -1.000000
132 113 -1.000000
95 114 -1.000000
113 114 -1.000000
114 114 4.000000
133 114 -1.000000
96 115 -1.000000
115 115 4.000000
116 115 -1.000000
134 115 -1.000000
97 116 -1.000000
115 116 -1.000000
116 116 4.000000
117 116 -1.000000
135 116 -1.000000
98 117 -1.000000
116 117 -1.000000
117 117 4.000000
118 117 -1.000000
136 117 -1.000000
99 118 -1.000000
117 118 -1.000000
118 118 4.000000
119 118 -1.000000
137 118 -1.000000
100 119 -1.000000
118 119 -1.000000
119 119 4.000000
120 119 -1.000000
138 119 -1.000000
101 120 -1.000000
119 120 -1.000000
120 120 4.000000
121 120 -1.000000
139 120 -1.000000
102 121 -1.000000
120 121 -1.000000
121 121 4.000000
122 121 -1.000000
140 121 -1.000000
103 122 -1.000000
121 122 -1.000000
122 122 4.000000
123 122 -1.000000
141 122 -1.000000
104 123 -1.000000
122 123 -1.000000
123 123 4.000000
124 123 -1.000000
142 123 -1.000000
105 124 -1.000000
123 124 -1.000000
124 124 4.000000
125 124 -1.000000
143 124 -1.000000
106 125 -1.000000
124 125 -1.000000
125 125 4.000000
126 125 -1.000000
144 125 -1.000000
107 126 -1.000000
125 126 -1.000000
126 126 4.000000
127 126 -1.000000
145 126 -1.000000
108 127 -1.000000
126 127 -1.000000
127 127 4.000000
128 127 -1.000000
146 127 -1.000000
109 128 -1.000000
127 128 -1.000000
128 128 4.000000
129 128 -1.000000
147 128 -1.000000
110 129 -1.000000
128 129 -1.000000
129 129 4.000000
130 129 -1.000000
148 129 -1.000000
111 130 -1.000000
129 130 -1.000000
130 130 4.000000
131 130 -1.000000
149 130 -1.000000
112 131 -1.000000
130 131 -1.000000
131 131 4.000000
132 131 -1.000000
150 131 -1.000000
113 132 -1.000000
131 132 -1.000000
132 132 4.000000
133 132 -1.000000
151 132 -1.000000
114 133 -1.000000
132 133 -1.000000
133 133 4.000000
152 133 -1.000000
115 134 -1.000000
134 134 4.000000
135 134 -1.000000
153 134 -1.000000
116 135 -1.000000
134 135 -1.000000
135 135 4.000000
136 135 -1.000000
154 135 -1.000000
117 136 -1.000000
135 136 -1.000000
136 136 4.000000
137 136 -1.000000
155 136 -1.000000
118 137 -1.000000
136 137 -1.000000
137 137 4.000000
138 137 -1.000000
156 137 -1.000000
119 138 -1.000000
137 138 -1.000000
138 138 4.000000
139 138 -1.000000
157 138 -1.000000
120 139 -1.000000
138 139 -1.000000
139 139 4.000000
140 139 -1.000000
158 139 -1.000000
121 140 -1.000000
139 140 -1.000000
140 140 4.000000
141 140 -1.000000
159 140 -1.000000
122 141 -1.000000
140 141 -1.000000
141 141 4.000000
142 141 -1.000000
160 141 -1.000000
123 142 -1.000000
141 142 -1.000000
142 142 4.000000
143 142 -1.000000
161 142 -1.000000
124 143 -1.000000
142 143 -1.000000
143 143 4.000000
144 143 -1.000000
162 143 -1.000000
125 144 -1.000000
143 144 -1.000000
144 144 4.000000
145 144 -1.000000
163 144 -1.000000
126 145 -1.000000
144 145 -1.000000
145 145 4.000000
146 145 -1.000000
164 145 -1.000000
127 146 -1.000000
145 146 -1.000000
146 146 4.000000
147 146 -1.000000
165 146 -1.000000
128 147 -1.000000
146 147 -1.000000
147 147 4.000000
148 147 -1.000000
166 147 -1.000000
129 148 -1.000000
147 148 -1.000000
148 148 4.000000
149 148 -1.000000
167 148 -1.000000
130 149 -1.000000
148 149 -1.000000
149 149 4.000000
150 149 -1.000000
168 149 -1.000000
131 150 -1.000000
149 150 -1.000000
150 150 4.000000
151 150 -1.000000
169 150 -1.000000
132 151 -1.000000
150 151 -1.000000
151 151 4.000000
152 151 -1.000000
170 151 -1.000000
133 152 -1.000000
151 152 -1.000000
152 152 4.000000
171 152 -1.000000
134 153 -1.000000
153 153 4.000000
154 153 -1.000000
172 153 -1.000000
135 154 -1.000000
153 154 -1.000000
154 154 4.000000
155 154 -1.000000
173 154 -1.000000
136 155 -1.000000
154 155 -1.000000
155 155 4.000000
156 155 -1.000000
174 155 -1.000000
137 156 -1.000000
155 156 -1.000000
156 156 4.000000
157 156 -1.000000
175 156 -1.000000
138 157 -1.000000
156 157 -1.000000
157 157 4.000000
158 157 -1.000000
176 157 -1.000000
139 158 -1.000000
157 158 -1.000000
158 158 4.000000
159 158 -1.000000
177 158 -1.000000
140 159 -1.000000
158 159 -1.000000
159 159 4.000000
160 159 -1.000000
178 159 -1.000000
141 160 -1.000000
159 160 -1.000000
160 160 4.000000
161 160 -1.000000
179 160 -1.000000
142 161 -1.000000
160 161 -1.000000
161 161 4.000000
162 161 -1.000000
180 161 -1.000000
143 162 -1.000000
161 162 -1.000000
162 162 4.000000
163 162 -1.000000
181 162 -1.000000
144 163 -1.000000
162 163 -1.000000
163 163 4.000000
164 163 -1.000000
182 163 -1.000000
145 164 -1.000000
163 164 -1.000000
164 164 4.000000
165 164 -1.000000
183 164 -1.000000
146 165 -1.000000
164 165 -1.000000
165 165 4.000000
166 165 -1.000000
184 165 -1.000000
147 166 -1.000000
165 166 -1.000000
166 166 4.000000
167 166 -1.000000
185 166 -1.000000
148 167 -1.000000
166 167 -1.000000
167 167 4.000000
168 167 -1.000000
186 167 -1.000000
149 168 -1.000000
167 168 -1.000000
168 168 4.000000
169 168 -1.000000
187 168 -1.000000
150 169 -1.000000
168 169 -1.000000
169 169 4.000000
170 169 -1.000000
188 169 -1.000000
151 170 -1.000000
169 170 -1.000000
170 170 4.000000
171 170 -1.000000
189 170 -1.000000
152 171 -1.000000
170 171 -1.000000
171 171 4.000000
190 171 -1.000000
153 172 -1.000000
172 172 4.000000
173 172 -1.000000
191 172 -1.000000
154 173 -1.000000
172 173 -1.000000
173 173 4.000000
174 173 -1.000000
192 173 -1.000000
155 174 -1.000000
173 174 -1.000000
174 174 4.000000
175 174 -1.000000
193 174 -1.000000
156 175 -1.000000
174 175 -1.000000
175 175 4.000000
176 175 -1.000000
194 175 -1.000000
157 176 -1.000000
175 176 -1.000000
176 176 4.000000
177 176 -1.000000
195 176 -1.000000
158 177 -1.000000
176 177 -1.000000
177 177 4.000000
178 177 -1.000000
196 177 -1.000000
159 178 -1.000000
177 178 -1.000000
178 178 4.000000
179 178 -1.000000
197 178 -1.000000
160 179 -1.000000
178 179 -1.000000
179 179 4.000000
180 179 -1.000000
198 179 -1.000000
161 180 -1.000000
179 180 -1.000000
180 180 4.000000
181 180 -1.000000
199 180 -1.000000
162 181 -1.000000
180 181 -1.000000
181 181 4.000000
182 181 -1.000000
200 181 -1.000000
163 182 -1.000000
181 182 -1.000000
182 182 4.000000
183 182 -1.000000
201 182 -1.000000
164 183 -1.000000
182 183 -1.000000
183 183 4.000000
184 183 -1.000000
202 183 -1.000000
165 184 -1.000000
183 184 -1.000000
184 184 4.000000
185 184 -1.000000
203 184 -1.000000
166 185 -1.000000
184 185 -1.000000
185 185 4.000000
186 185 -1.000000
204 185 -1.000000
167 186 -1.000000
185 186 -1.000000
186 186 4.000000
187 186 -1.000000
205 186 -1.000000
168 187 -1.000000
186 187 -1.000000
187 187 4.000000
188 187 -1.000000
206 187 -1.000000
169 188 -1.000000
187 188 -1.000000
188 188 4.000000
189 188 -1.000000
207 188 -1.000000
170 189 -1.000000
188 189 -1.000000
189 189 4.000000
190 189 -1.000000
208 189 -1.000000
171 190 -1.000000
189 190 -1.000000
190 190 4.000000
209 190 -1.000000
172 191 -1.000000
191 191 4.000000
192 191 -1.000000
210 191 -1.000000
173 192 -1.000000
191 192 -1.000000
192 192 4.000000
193 192 -1.000000
211 192 -1.000000
174 193 -1.000000
192 193 -1.000000
193 193 4.000000
194 193 -1.000000
212 193 -1.000000
175 194 -1.000000
193 194 -1.000000
194 194 4.000000
195 194 -1.000000
213 194 -1.000000
176 195 -1.000000
194 195 -1.000000
195 195 4.000000
196 195 -1.000000
214 195 -1.000000
177 196 -1.000000
195 196 -1.000000
196 196 4.000000
197 196 -1.000000
215 196 -1.000000
178 197 -1.000000
196 197 -1.000000
197 197 4.000000
198 197 -1.000000
216 197 -1.000000
179 198 -1.000000
197 198 -1.000000
198 198 4.000000
199 198 -1.000000
217 198 -1.000000
180 199 -1.000000
198 199 -1.000000
199 199 4.000000
200 199 -1.000000
218 199 -1.000000
181 200 -1.000000
199 200 -1.000000
200 200 4.000000
201 200 -1.000000
219 200 -1.000000
182 201 -1.000000
200 201 -1.000000
201 201 4.000000
202 201 -1.000000
220 201 -1.000000
183 202 -1.000000
201 202 -1.000000
202 202 4.000000
203 202 -1.000000
221 202 -1.000000
184 203 -1.000000
202 203 -1.000000
203 203 4.000000
204 203 -1.000000
222 203 -1.000000
185 204 -1.000000
203 204 -1.000000
204 204 4.000000
205 204 -1.000000
223 204 -1.000000
186 205 -1.000000
204 205 -1.000000
205 205 4.000000
206 205 -1.000000
224 205 -1.000000
187 206 -1.000000
205 206 -1.000000
206 206 4.000000
207 206 -1.000000
225 206 -1.000000
188 207 -1.000000
206 207 -1.000000
207 207 4.000000
208 207 -1.000000
226 207 -1.000000
189 208 -1.000000
207 208 -1.000000
208 208 4.000000
209 208 -1.000000
227 208 -1.000000
190 209 -1.000000
208 209 -1.000000
209 209 4.000000
228 209 -1.000000
191 210 -1.000000
210 210 4.000000
211 210 -1.000000
229 210 -1.000000
192 211 -1.000000
210 211 -1.000000
211 211 4.000000
212 211 -1.000000
230 211 -1.000000
193 212 -1.000000
211 212 -1.000000
212 212 4.000000
213 212 -1.000000
231 212 -1.000000
194 213 -1.000000
212 213 -1.000000
213 213 4.000000
214 213 -1.000000
232 213 -1.000000
195 214 -1.000000
213 214 -1.000000
214 214 4.000000
215 214 -1.000000
233 214 -1.000000
196 215 -1.000000
214 215 -1.000000
215 215 4.000000
216 215 -1.000000
234 215 -1.000000
197 216 -1.000000
215 216 -1.000000
216 216 4.000000
217 216 -1.000000
235 216 -1.000000
198 217 -1.000000
216 217 -1.000000
217 217 4.000000
218 217 -1.000000
236 217 -1.000000
199 218 -1.000000
217 218 -1.000000
218 218 4.000000
219 218 -1.000000
237 218 -1.000000
200 219 -1.000000
218 219 -1.000000
219 219 4.000000
220 219 -1.000000
238 219 -1.000000
201 220 -1.000000
219 220 -1.000000
220 220 4.000000
221 220 -1.000000
239 220 -1.000000
202 221 -1.000000
220 221 -1.000000
221 221 4.000000
222 221 -1.000000
240 221 -1.000000
203 222 -1.000000
221 222 -1.000000
222 222 4.000000
223 222 -1.000000
241 222 -1.000000
204 223 -1.000000
222 223 -1.000000
223 223 4.000000
224 223 -1.000000
242 223 -1.000000
205 224 -1.000000
223 224 -1.000000
224 224 4.000000
225 224 -1.000000
243 224 -1.000000
206 225 -1.000000
224 225 -1.000000
225 225 4.000000
226 225 -1.000000
244 225 -1.000000
207 226 -1.000000
225 226 -1.000000
226 226 4.000000
227 226 -1.000000
245 226 -1.000000
208 227 -1.000000
226 227 -1.000000
227 227 4.000000
228 227 -1.000000
246 227 -1.000000
209 228 -1.000000
227 228 -1.000000
228 228 4.000000
247 228 -1.000000
210 229 -1.000000
229 229 4.000000
230 229 -1.000000
248 229 -1.000000
211 230 -1.000000
229 230 -1.000000
230 230 4.000000
231 230 -1.000000
249 230 -1.000000
212 231 -1.000000
230 231 -1.000000
231 231 4.000000
232 231 -1.000000
250 231 -1.000000
213 232 -1.000000
231 232 -1.000000
232 232 4.000000
233 232 -1.000000
251 232 -1.000000
214 233 -1.000000
232 233 -1.000000
233 233 4.000000
234 233 -1.000000
252 233 -1.000000
215 234 -1.000000
233 234 -1.000000
234 234 4.000000
235 234 -1.000000
253 234 -1.000000
216 235 -1.000000
234 235 -1.000000
235 235 4.000000
236 235 -1.000000
254 235 -1.000000
217 236 -1.000000
235 236 -1.000000
236 236 4.000000
237 236 -1.000000
255 236 -1.000000
218 237 -1.000000
236 237 -1.000000
237 237 4.000000
238 237 -1.000000
256 237 -1.000000
219 238 -1.000000
237 238 -1.000000
238 238 4.000000
239 238 -1.000000
257 238 -1.000000
220 239 -1.000000
238 239 -1.000000
239 239 4.000000
240 239 -1.000000
258 239 -1.000000
221 240 -1.000000
239 240 -1.000000
240 240 4.000000
241 240 -1.000000
259 240 -1.000000
222 241 -1.000000
240 241 -1.000000
241 241 4.000000
242 241 -1.000000
260 241 -1.000000
223 242 -1.000000
241 242 -1.000000
242 242 4.000000
243 242 -1.000000
261 242 -1.000000
224 243 -1.000000
242 243 -1.000000
243 243 4.000000
244 243 -1.000000
262 243 -1.000000
225 244 -1.000000
243 244 -1.000000
244 244 4.000000
245 244 -1.000000
263 244 -1.000000
226 245 -1.000000
244 245 -1.000000
245 245 4.000000
246 245 -1.000000
264 245 -1.000000
227 246 -1.000000
245 246 -1.000000
246 246 4.000000
247 246 -1.000000
265 246 -1.000000
228 247 -1.000000
246 247 -1.000000
247 247 4.000000
266 247 -1.000000
229 248 -1.000000
248 248 4.000000
249 248 -1.000000
267 248 -1.000000
230 249 -1.000000
248 249 -1.000000
249 249 4.000000
250 249 -1.000000
268 249 -1.000000
231 250 -1.000000
249 250 -1.000000
250 250 4.000000
251 250 -1.000000
269 250 -1.000000
232 251 -1.000000
250 251 -1.000000
251 251 4.000000
252 251 -1.000000
270 251 -1.000000
233 252 -1.000000
251 252 -1.000000
252 252 4.000000
253 252 -1.000000
271 252 -1.000000
234 253 -1.000000
252 253 -1.000000
253 253 4.000000
254 253 -1.000000
272 253 -1.000000
235 254 -1.000000
253 254 -1.000000
254 254 4.000000
255 254 -1.000000
273 254 -1.000000
236 255 -1.000000
254 255 -1.000000
255 255 4.000000
256 255 -1.000000
274 255 -1.000000
237 256 -1.000000
255 256 -1.000000
256 256 4.000000
257 256 -1.000000
275 256 -1.000000
238 257 -1.000000
256 257 -1.000000
257 257 4.000000
258 257 -1.000000
276 257 -1.000000
239 258 -1.000000
257 258 -1.000000
258 258 4.000000
259 258 -1.000000
277 258 -1.000000
240 259 -1.000000
258 259 -1.000000
259 259 4.000000
260 259 -1.000000
278 259 -1.000000
241 260 -1.000000
259 260 -1.000000
260 260 4.000000
261 260 -1.000000
279 260 -1.000000
242 261 -1.000000
260 261 -1.000000
261 261 4.000000
262 261 -1.000000
280 261 -1.000000
243 262 -1.000000
261 262 -1.000000
262 262 4.000000
263 262 -1.000000
281 262 -1.000000
244 263 -1.000000
262 263 -1.000000
263 263 4.000000
264 263 -1.000000
282 263 -1.000000
245 264 -1.000000
263 264 -1.000000
264 264 4.000000
265 264 -1.000000
283 264 -1.000000
246 265 -1.000000
264 265 -1.000000
265 265 4.000000
266 265 -1.000000
284 265 -1.000000
247 266 -1.000000
265 266 -1.000000
266 266 4.000000
285 266 -1.000000
248 267 -1.000000
267 267 4.000000
268 267 -1.000000
286 267 -1.000000
249 268 -1.000000
267 268 -1.000000
268 268 4.000000
269 268 -1.000000
287 268 -1.000000
250 269 -1.000000
268 269 -1.000000
269 269 4.000000
270 269 -1.000000
288 269 -1.000000
251 270 -1.000000
269 270 -1.000000
270 270 4.000000
271 270 -1.000000
289 270 -1.000000
252 271 -1.000000
270 271 -1.000000
271 271 4.000000
272 271 -1.000000
290 271 -1.000000
253 272 -1.000000
271 272 -1.000000
272 272 4.000000
273 272 -1.000000
291 272 -1.000000
254 273 -1.000000
272 273 -1.000000
273 273 4.000000
274 273 -1.000000
292 273 -1.000000
255 274 -1.000000
273 274 -1.000000
274 274 4.000000
275 274 -1.000000
293 274 -1.000000
256 275 -1.000000
274 275 -1.000000
275 275 4.000000
276 275 -1.000000
294 275 -1.000000
257 276 -1.000000
275 276 -1.000000
276 276 4.000000
277 276 -1.000000
295 276 -1.000000
258 277 -1.000000
276 277 -1.000000
277 277 4.000000
278 277 -1.000000
296 277 -1.000000
259 278 -1.000000
277 278 -1.000000
278 278 4.000000
279 278 -1.000000
297 278 -1.000000
260 279 -1.000000
278 279 -1.000000
279 279 4.000000
280 279 -1.000000
298 279 -1.000000
261 280 -1.000000
279 280 -1.000000
280 280 4.000000
281 280 -1.000000
299 280 -1.000000
262 281 -1.000000
280 281 -1.000000
281 281 4.000000
282 281 -1.000000
300 281 -1.000000
263 282 -1.000000
281 282 -1.000000
282 282 4.000000
283 282 -1.000000
301 282 -1.000000
264 283 -1.000000
282 283 -1.000000
283 283 4.000000
284 283 -1.000000
302 283 -1.000000
265 284 -1.000000
283 284 -1.000000
284 284 4.000000
285 284 -1.000000
303 284 -1.000000
266 285 -1.000000
284 285 -1.000000
285 285 4.000000
304 285 -1.000000
267 286 -1.000000
286 286 4.000000
287 286 -1.000000
305 286 -1.000000
268 287 -1.000000
286 287 -1.000000
287 287 4.000000
288 287 -1.000000
306 287 -1.000000
269 288 -1.000000
287 288 -1.000000
288 288 4.000000
289 288 -1.000000
307 288 -1.000000
270 289 -1.000000
288 289 -1.000000
289 289 4.000000
290 289 -1.000000
308 289 -1.000000
271 290 -1.000000
289 290 -1.000000
290 290 4.000000
291 290 -1.000000
309 290 -1.000000
272 291 -1.000000
290 291 -1.000000
291 291 4.000000
292 291 -1.000000
310 291 -1.000000
273 292 -1.000000
291 292 -1.000000
292 292 4.000000
293 292 -1.000000
311 292 -1.000000
274 293 -1.000000
292 293 -1.000000
293 293 4.000000
294 293 -1.000000
312 293 -1.000000
275 294 -1.000000
293 294 -1.000000
294 294 4.000000
295 294 -1.000000
313 294 -1.000000
276 295 -1.000000
294 295 -1.000000
295 295 4.000000
296 295 -1.000000
314 295 -1.000000
277 296 -1.000000
295 296 -1.000000
296 296 4.000000
297 296 -1.000000
315 296 -1.000000
278 297 -1.000000
296 297 -1.000000
297 297 4.000000
298 297 -1.000000
316 297 -1.000000
279 298 -1.000000
297 298 -1.000000
298 298 4.000000
299 298 -1.000000
317 298 -1.000000
280 299 -1.000000
298 299 -1.000000
299 299 4.000000
300 299 -1.000000
318 299 -1.000000
281 300 -1.000000
299 300 -1.000000
300 300 4.000000
301 300 -1.000000
319 300 -1.000000
282 301 -1.000000
300 301 -1.000000
301 301 4.000000
302 301 -1.000000
320 301 -1.000000
283 302 -1.000000
301 302 -1.000000
302 302 4.000000
303 302 -1.000000
321 302 -1.000000
284 303 -1.000000
302 303 -1.000000
303 303 4.000000
304 303 -1.000000
322 303 -1.000000
285 304 -1.000000
303 304 -1.000000
304 304 4.000000
323 304 -1.000000
286 305 -1.000000
305 305 4.000000
306 305 -1.000000
324 305 -1.000000
287 306 -1.000000
305 306 -1.000000
306 306 4.000000
307 306 -1.000000
325 306 -1.000000
288 307 -1.000000
306 307 -1.000000
307 307 4.000000
308 307 -1.000000
326 307 -1.000000
289 308 -1.000000
307 308 -1.000000
308 308 4.000000
309 308 -1.000000
327 308 -1.000000
290 309 -1.000000
308 309 -1.000000
309 309 4.000000
310 309 -1.000000
328 309 -1.000000
291 310 -1.000000
309 310 -1.000000
310 310 4.000000
311 310 -1.000000
329 310 -1.000000
292 311 -1.000000
310 311 -1.000000
311 311 4.000000
312 311 -1.000000
330 311 -1.000000
293 312 -1.000000
311 312 -1.000000
312 312 4.000000
313 312 -1.000000
331 312 -1.000000
294 313 -1.000000
312 313 -1.000000
313 313 4.000000
314 313 -1.000000
332 313 -1.000000
295 314 -1.000000
313 314 -1.000000
314 314 4.000000
315 314 -1.000000
333 314 -1.000000
296 315 -1.000000
314 315 -1.000000
315 315 4.000000
316 315 -1.000000
334 315 -1.000000
297 316 -1.000000
315 316 -1.000000
316 316 4.000000
317 316 -1.000000
335 316 -1.000000
298 317 -1.000000
316 317 -1.000000
317 317 4.000000
318 317 -1.000000
336 317 -1.000000
299 318 -1.000000
317 318 -1.000000
318 318 4.000000
319 318 -1.000000
337 318 -1.000000
300 319 -1.000000
318 319 -1.000000
319 319 4.000000
320 319 -1.000000
338 319 -1.000000
301 320 -1.000000
319 320 -1.000000
320 320 4.000000
321 320 -1.000000
339 320 -1.000000
302 321 -1.000000
320 321 -1.000000
321 321 4.000000
322 321 -1.000000
340 321 -1.000000
303 322 -1.000000
321 322 -1.000000
322 322 4.000000
323 322 -1.000000
341 322 -1.000000
304 323 -1.000000
322 323 -1.000000
323 323 4.000000
342 323 -1.000000
305 324 -1.000000
324 324 4.000000
325 324 -1.000000
343 324 -1.000000
306 325 -1.000000
324 325 -1.000000
325 325 4.000000
326 325 -1.000000
344 325 -1.000000
307 326 -1.000000
325 326 -1.000000
326 326 4.000000
327 326 -1.000000
345 326 -1.000000
308 327 -1.000000
326 327 -1.000000
327 327 4.000000
328 327 -1.000000
346 327 -1.000000
309 328 -1.000000
327 328 -1.000000
328 328 4.000000
329 328 -1.000000
347 328 -1.000000
310 329 -1.000000
328 329 -1.000000
329 329 4.000000
330 329 -1.000000
348 329 -1.000000
311 330 -1.000000
329 330 -1.000000
330 330 4.000000
331 330 -1.000000
349 330 -1.000000
312 331 -1.000000
330 331 -1.000000
331 331 4.000000
332 331 -1.000000
350 331 -1.000000
313 332 -1.000000
331 332 -1.000000
332 332 4.000000
333 332 -1.000000
351 332 -1.000000
314 333 -1.000000
332 333 -1.000000
333 333 4.000000
334 333 -1.000000
352 333 -1.000000
315 334 -1.000000
333 334 -1.000000
334 334 4.000000
335 334 -1.000000
353 334 -1.000000
316 335 -1.000000
334 335 -1.000000
335 335 4.000000
336 335 -1.000000
354 335 -1.000000
317 336 -1.000000
335 336 -1.000000
336 336 4.000000
337 336 -1.000000
355 336 -1.000000
318 337 -1.000000
336 337 -1.000000
337 337 4.000000
338 337 -1.000000
356 337 -1.000000
319 338 -1.000000
337 338 -1.000000
338 338 4.000000
339 338 -1.000000
357 338 -1.000000
320 339 -1.000000
338 339 -1.000000
339 339 4.000000
340 339 -1.000000
358 339 -1.000000
321 340 -1.000000
339 340 -1.000000
340 340 4.000000
341 340 -1.000000
359 340 -1.000000
322 341 -1.000000
340 341 -1.000000
341 341 4.000000
342 341 -1.000000
360 341 -1.000000
323 342 -1.000000
341 342 -1.000000
342 342 4.000000
361 342 -1.000000
324 343 -1.000000
343 343 4.000000
344 343 -1.000000
325 344 -1.000000
343 344 -1.000000
344 344 4.000000
345 344 -1.000000
326 345 -1.000000
344 345 -1.000000
345 345 4.000000
346 345 -1.000000
327 346 -1.000000
345 346 -1.000000
346 346 4.000000
347 346 -1.000000
328 347 -1.000000
346 347 -1.000000
347 347 4.000000
348 347 -1.000000
329 348 -1.000000
347 348 -1.000000
348 348 4.000000
349 348 -1.000000
330 349 -1.000000
348 349 -1.000000
349 349 4.000000
350 349 -1.000000
331 350 -1.000000
349 350 -1.000000
350 350 4.000000
351 350 -1.000000
332 351 -1.000000
350 351 -1.000000
351 351 4.000000
352 351 -1.000000
333 352 -1.000000
351 352 -1.000000
352 352 4.000000
353 352 -1.000000
334 353 -1.000000
352 353 -1.000000
353 353 4.000000
354 353 -1.000000
335 354 -1.000000
353 354 -1.000000
354 354 4.000000
355 354 -1.000000
336 355 -1.000000
354 355 -1.000000
355 355 4.000000
356 355 -1.000000
337 356 -1.000000
355 356 -1.000000
356 356 4.000000
357 356 -1.000000
338 357 -1.000000
356 357 -1.000000
357 357 4.000000
358 357 -1.000000
339 358 -1.000000
357 358 -1.000000
358 358 4.000000
359 358 -1.000000
340 359 -1.000000
358 359 -1.000000
359 359 4.000000
360 359 -1.000000
341 360 -1.000000
359 360 -1.000000
360 360 4.000000
361 360 -1.000000
342 361 -1.000000
360 361 -1.000000
361 361 4.000000
