1 1 4.000000
2 1 -1.000000
22 1 -1.000000
1 2 -1.000000
2 2 4.000000
3 2 -1.000000
23 2 -1.000000
2 3 -1.000000
3 3 4.000000
4 3 -1.000000
24 3 -1.000000
3 4 -1.000000
4 4 4.000000
5 4 -1.000000
25 4 -1.000000
4 5 -1.000000
5 5 4.000000
6 5 -1.000000
26 5 -1.000000
5 6 -1.000000
6 6 4.000000
7 6 -1.000000
27 6 -1.000000
6 7 -1.000000
7 7 4.000000
8 7 -1.000000
28 7 -1.000000
7 8 -1.000000
8 8 4.000000
9 8 -1.000000
29 8 -1.000000
8 9 -1.000000
9 9 4.000000
10 9 -1.000000
30 9 -1.000000
9 10 -1.000000
10 10 4.000000
11 10 -1.000000
31 10 -1.000000
10 11 -1.000000
11 11 4.000000
12 11 -1.000000
32 11 -1.000000
11 12 -1.000000
12 12 4.000000
13 12 -1.000000
33 12 -1.000000
12 13 -1.000000
13 13 4.000000
14 13 -1.000000
34 13 -1.000000
13 14 -1.000000
14 14 4.000000
15 14 -1.000000
35 14 -1.000000
14 15 -1.000000
15 15 4.000000
16 15 -1.000000
36 15 -1.000000
15 16 -1.000000
16 16 4.000000
17 16 -1.000000
37 16 -1.000000
16 17 -1.000000
17 17 4.000000
18 17 -1.000000
38 17 -1.000000
17 18 -1.000000
18 18 4.000000
19 18 -1.000000
39 18 -1.000000
18 19 -1.000000
19 19 4.000000
20 19 -1.000000
40 19 -1.000000
19 20 -1.000000
20 20 4.000000
21 20 -1.000000
41 20 -1.000000
20 21 -1.000000
21 21 4.000000
42 21 -1.000000
1 22 -1.000000
22 22 4.000000
23 22 -1.000000
43 22 -1.000000
2 23 -1.000000
22 23 -1.000000
23 23 4.000000
24 23 -1.000000
44 23 -1.000000
3 24 -1.000000
23 24 -1.000000
24 24 4.000000
25 24 -1.000000
45 24 -1.000000
4 25 -1.000000
24 25 -1.000000
25 25 4.000000
26 25 -1.000000
46 25 -1.000000
5 26 -1.000000
25 26 -1.000000
26 26 4.000000
27 26 -1.000000
47 26 -1.000000
6 27 -1.000000
26 27 -1.000000
27 27 4.000000
28 27 -1.000000
48 27 -1.000000
7 28 -1.000000
27 28 -1.000000
28 28 4.000000
29 28 -1.000000
49 28 -1.000000
8 29 -1.000000
28 29 -1.000000
29 29 4.000000
30 29 -1.000000
50 29 -1.000000
9 30 -1.000000
29 30 -1.000000
30 30 4.000000
31 30 -1.000000
51 30 -1.000000
10 31 -1.000000
30 31 -1.000000
31 31 4.000000
32 31 -1.000000
52 31 -1.000000
11 32 -1.000000
31 32 -1.000000
32 32 4.000000
33 32 -1.000000
53 32 -1.000000
12 33 -1.000000
32 33 -1.000000
33 33 4.000000
34 33 -1.000000
54 33 -1.000000
13 34 -1.000000
33 34 -1.000000
34 34 4.000000
35 34 -1.000000
55 34 -1.000000
14 35 -1.000000
34 35 -1.000000
35 35 4.000000
36 35 -1.000000
56 35 -1.000000
15 36 -1.000000
35 36 -1.000000
36 36 4.000000
37 36 -1.000000
57 36 -1.000000
16 37 -1.000000
36 37 -1.000000
37 37 4.000000
38 37 -1.000000
58 37 -1.000000
17 38 -1.000000
37 38 -1.000000
38 38 4.000000
39 38 -1.000000
59 38 -1.000000
18 39 -1.000000
38 39 -1.000000
39 39 4.000000
40 39 -1.000000
60 39 -1.000000
19 40 -1.000000
39 40 -1.000000
40 40 4.000000
41 40 -1.000000
61 40 -1.000000
20 41 -1.000000
40 41 -1.000000
41 41 4.000000
42 41 -1.000000
62 41 -1.000000
21 42 -1.000000
41 42 -1.000000
42 42 4.000000
63 42 -1.000000
22 43 -1.000000
43 43 4.000000
44 43 -1.000000
64 43 -1.000000
23 44 -1.000000
43 44 -1.000000
44 44 4.000000
45 44 -1.000000
65 44 -1.000000
24 45 -1.000000
44 45 -1.000000
45 45 4.000000
46 45 -1.000000
66 45 -1.000000
25 46 -1.000000
45 46 -1.000000
46 46 4.000000
47 46 -1.000000
67 46 -1.000000
26 47 -1.000000
46 47 -1.000000
47 47 4.000000
48 47 -1.000000
68 47 -1.000000
27 48 -1.000000
47 48 -1.000000
48 48 4.000000
49 48 -1.000000
69 48 -1.000000
28 49 -1.000000
48 49 -1.000000
49 49 4.000000
50 49 -1.000000
70 49 -1.000000
29 50 -1.000000
49 50 -1.000000
50 50 4.000000
51 50 -1.000000
71 50 -1.000000
30 51 -1.000000
50 51 -1.000000
51 51 4.000000
52 51 -1.000000
72 51 -1.000000
31 52 -1.000000
51 52 -1.000000
52 52 4.000000
53 52 -1.000000
73 52 -1.000000
32 53 -1.000000
52 53 -1.000000
53 53 4.000000
54 53 -1.000000
74 53 -1.000000
33 54 -1.000000
53 54 -1.000000
54 54 4.000000
55 54 -1.000000
75 54 -1.000000
34 55 -1.000000
54 55 -1.000000
55 55 4.000000
56 55 -1.000000
76 55 -1.000000
35 56 -1.000000
55 56 -1.000000
56 56 4.000000
57 56 -1.000000
77 56 -1.000000
36 57 -1.000000
56 57 -1.000000
57 57 4.000000
58 57 -1.000000
78 57 -1.000000
37 58 -1.000000
57 58 -1.000000
58 58 4.000000
59 58 -1.000000
79 58 -1.000000
38 59 -1.000000
58 59 -1.000000
59 59 4.000000
60 59 -1.000000
80 59 -1.000000
39 60 -1.000000
59 60 -1.000000
60 60 4.000000
61 60 -1.000000
81 60 -1.000000
40 61 -1.000000
60 61 -1.000000
61 61 4.000000
62 61 -1.000000
82 61 -1.000000
41 62 -1.000000
61 62 -1.000000
62 62 4.000000
63 62 -1.000000
83 62 -1.000000
42 63 -1.000000
62 63 -1.000000
63 63 4.000000
84 63 -1.000000
43 64 -1.000000
64 64 4.000000
65 64 -1.000000
85 64 -1.000000
44 65 -1.000000
64 65 -1.000000
65 65 4.000000
66 65 -1.000000
86 65 -1.000000
45 66 -1.000000
65 66 -1.000000
66 66 4.000000
67 66 -1.000000
87 66 -1.000000
46 67 -1.000000
66 67 -1.000000
67 67 4.000000
68 67 -1.000000
88 67 -1.000000
47 68 -1.000000
67 68 -1.000000
68 68 4.000000
69 68 -1.000000
89 68 -1.000000
48 69 -1.000000
68 69 -1.000000
69 69 4.000000
70 69 -1.000000
90 69 -1.000000
49 70 -1.000000
69 70 -1.000000
70 70 4.000000
71 70 -1.000000
91 70 -1.000000
50 71 -1.000000
70 71 -1.000000
71 71 4.000000
72 71 -1.000000
92 71 -1.000000
51 72 -1.000000
71 72 -1.000000
72 72 4.000000
73 72 -1.000000
93 72 -1.000000
52 73 -1.000000
72 73 -1.000000
73 73 4.000000
74 73 -1.000000
94 73 -1.000000
53 74 -1.000000
73 74 -1.000000
74 74 4.000000
75 74 -1.000000
95 74 -1.000000
54 75 -1.000000
74 75 -1.000000
75 75 4.000000
76 75 -1.000000
96 75 -1.000000
55 76 -1.000000
75 76 -1.000000
76 76 4.000000
77 76 -1.000000
97 76 -1.000000
56 77 -1.000000
76 77 -1.000000
77 77 4.000000
78 77 -1.000000
98 77 -1.000000
57 78 -1.000000
77 78 -1.000000
78 78 4.000000
79 78 -1.000000
99 78 -1.000000
58 79 -1.000000
78 79 -1.000000
79 79 4.000000
80 79 -1.000000
100 79 -1.000000
59 80 -1.000000
79 80 -1.000000
80 80 4.000000
81 80 -1.000000
101 80 -1.000000
60 81 -1.000000
80 81 -1.000000
81 81 4.000000
82 81 -1.000000
102 81 -1.000000
61 82 -1.000000
81 82 -1.000000
82 82 4.000000
83 82 -1.000000
103 82 -1.000000
62 83 -1.000000
82 83 -1.000000
83 83 4.000000
84 83 -1.000000
104 83 -1.000000
63 84 -1.000000
83 84 -1.000000
84 84 4.000000
105 84 -1.000000
64 85 -1.000000
85 85 4.000000
86 85 -1.000000
106 85 -1.000000
65 86 -1.000000
85 86 -1.000000
86 86 4.000000
87 86 -1.000000
107 86 -1.000000
66 87 -1.000000
86 87 -1.000000
87 87 4.000000
88 87 -1.000000
108 87 -1.000000
67 88 -1.000000
87 88 -1.000000
88 88 4.000000
89 88 -1.000000
109 88 -1.000000
68 89 -1.000000
88 89 -1.000000
89 89 4.000000
90 89 -1.000000
110 89 -1.000000
69 90 -1.000000
89 90 -1.000000
90 90 4.000000
91 90 -1.000000
111 90 -1.000000
70 91 -1.000000
90 91 -1.000000
91 91 4.000000
92 91 -1.000000
112 91 -1.000000
71 92 -1.000000
91 92 -1.000000
92 92 4.000000
93 92 -1.000000
113 92 -1.000000
72 93 -1.000000
92 93 -1.000000
93 93 4.000000
94 93 -1.000000
114 93 -1.000000
73 94 -1.000000
93 94 -1.000000
94 94 4.000000
95 94 -1.000000
115 94 -1.000000
74 95 -1.000000
94 95 -1.000000
95 95 4.000000
96 95 -1.000000
116 95 -1.000000
75 96 -1.000000
95 96 -1.000000
96 96 4.000000
97 96 -1.000000
117 96 -1.000000
76 97 -1.000000
96 97 -1.000000
97 97 4.000000
98 97 -1.000000
118 97 -1.000000
77 98 -1.000000
97 98 -1.000000
98 98 4.000000
99 98 -1.000000
119 98 -1.000000
78 99 -1.000000
98 99 -1.000000
99 99 4.000000
100 99 -1.000000
120 99 -1.000000
79 100 -1.000000
99 100 -1.000000
100 100 4.000000
101 100 -1.000000
121 100 -1.000000
80 101 -1.000000
100 101 -1.000000
101 101 4.000000
102 101 -1.000000
122 101 -1.000000
81 102 -1.000000
101 102 -1.000000
102 102 4.000000
103 102 -1.000000
123 102 -1.000000
82 103 -1.000000
102 103 -1.000000
103 103 4.000000
104 103 -1.000000
124 103 -1.000000
83 104 -1.000000
103 104 -1.000000
104 104 4.000000
105 104 -1.000000
125 104 -1.000000
84 105 -1.000000
104 105 -1.000000
105 105 4.000000
126 105 -1.000000
85 106 -1.000000
106 106 4.000000
107 106 -1.000000
127 106 -1.000000
86 107 -1.000000
106 107 -1.000000
107 107 4.000000
108 107 -1.000000
128 107 -1.000000
87 108 -1.000000
107 108 -1.000000
108 108 4.000000
109 108 -1.000000
129 108 -1.000000
88 109 -1.000000
108 109 -1.000000
109 109 4.000000
110 109 -1.000000
130 109 -1.000000
89 110 -1.000000
109 110 -1.000000
110 110 4.000000
111 110 -1.000000
131 110 -1.000000
90 111 -1.000000
110 111 -1.000000
111 111 4.000000
112 111 -1.000000
132 111 -1.000000
91 112 -1.000000
111 112 -1.000000
112 112 4.000000
113 112 -1.000000
133 112 -1.000000
92 113 -1.000000
112 113 -1.000000
113 113 4.000000
114 113 -1.000000
134 113 -1.000000
93 114 -1.000000
113 114 -1.000000
114 114 4.000000
115 114 -1.000000
135 114 -1.000000
94 115 -1.000000
114 115 -1.000000
115 115 4.000000
116 115 -1.000000
136 115 -1.000000
95 116 -1.000000
115 116 -1.000000
116 116 4.000000
117 116 -1.000000
137 116 -1.000000
96 117 -1.000000
116 117 -1.000000
117 117 4.000000
118 117 -1.000000
138 117 -1.000000
97 118 -1.000000
117 118 -1.000000
118 118 4.000000
119 118 -1.000000
139 118 -1.000000
98 119 -1.000000
118 119 -1.000000
119 119 4.000000
120 119 -1.000000
140 119 -1.000000
99 120 -1.000000
119 120 -1.000000
120 120 4.000000
121 120 -1.000000
141 120 -1.000000
100 121 -1.000000
120 121 -1.000000
121 121 4.000000
122 121 -1.000000
142 121 -1.000000
101 122 -1.000000
121 122 -1.000000
122 122 4.000000
123 122 -1.000000
143 122 -1.000000
102 123 -1.000000
122 123 -1.000000
123 123 4.000000
124 123 -1.000000
144 123 -1.000000
103 124 -1.000000
123 124 -1.000000
124 124 4.000000
125 124 -1.000000
145 124 -1.000000
104 125 -1.000000
124 125 -1.000000
125 125 4.000000
126 125 -1.000000
146 125 -1.000000
105 126 -1.000000
125 126 -1.000000
126 126 4.000000
147 126 -1.000000
106 127 -1.000000
127 127 4.000000
128 127 -1.000000
148 127 -1.000000
107 128 -1.000000
127 128 -1.000000
128 128 4.000000
129 128 -1.000000
149 128 -1.000000
108 129 -1.000000
128 129 -1.000000
129 129 4.000000
130 129 -1.000000
150 129 -1.000000
109 130 -1.000000
129 130 -1.000000
130 130 4.000000
131 130 -1.000000
151 130 -1.000000
110 131 -1.000000
130 131 -1.000000
131 131 4.000000
132 131 -1.000000
152 131 -1.000000
111 132 -1.000000
131 132 -1.000000
132 132 4.000000
133 132 -1.000000
153 132 -1.000000
112 133 -1.000000
132 133 -1.000000
133 133 4.000000
134 133 -1.000000
154 133 -1.000000
113 134 -1.000000
133 134 -1.000000
134 134 4.000000
135 134 -1.000000
155 134 -1.000000
114 135 -1.000000
134 135 -1.000000
135 135 4.000000
136 135 -1.000000
156 135 -1.000000
115 136 -1.000000
135 136 -1.000000
136 136 4.000000
137 136 -1.000000
157 136 -1.000000
116 137 -1.000000
136 137 -1.000000
137 137 4.000000
138 137 -1.000000
158 137 -1.000000
117 138 -1.000000
137 138 -1.000000
138 138 4.000000
139 138 -1.000000
159 138 -1.000000
118 139 -1.000000
138 139 -1.000000
139 139 4.000000
140 139 -1.000000
160 139 -1.000000
119 140 -1.000000
139 140 -1.000000
140 140 4.000000
141 140 -1.000000
161 140 -1.000000
120 141 -1.000000
140 141 -1.000000
141 141 4.000000
142 141 -1.000000
162 141 -1.000000
121 142 -1.000000
141 142 -1.000000
142 142 4.000000
143 142 -1.000000
163 142 -1.000000
122 143 -1.000000
142 143 -1.000000
143 143 4.000000
144 143 -1.000000
164 143 -1.000000
123 144 -1.000000
143 144 -1.000000
144 144 4.000000
145 144 -1.000000
165 144 -1.000000
124 145 -1.000000
144 145 -1.000000
145 145 4.000000
146 145 -1.000000
166 145 -1.000000
125 146 -1.000000
145 146 -1.000000
146 146 4.000000
147 146 -1.000000
167 146 -1.000000
126 147 -1.000000
146 147 -1.000000
147 147 4.000000
168 147 -1.000000
127 148 -1.000000
148 148 4.000000
149 148 -1.000000
169 148 -1.000000
128 149 -1.000000
148 149 -1.000000
149 149 4.000000
150 149 -1.000000
170 149 -1.000000
129 150 -1.000000
149 150 -1.000000
150 150 4.000000
151 150 -1.000000
171 150 -1.000000
130 151 -1.000000
150 151 -1.000000
151 151 4.000000
152 151 -1.000000
172 151 -1.000000
131 152 -1.000000
151 152 -1.000000
152 152 4.000000
153 152 -1.000000
173 152 -1.000000
132 153 -1.000000
152 153 -1.000000
153 153 4.000000
154 153 -1.000000
174 153 -1.000000
133 154 -1.000000
153 154 -1.000000
154 154 4.000000
155 154 -1.000000
175 154 -1.000000
134 155 -1.000000
154 155 -1.000000
155 155 4.000000
156 155 -1.000000
176 155 -1.000000
135 156 -1.000000
155 156 -1.000000
156 156 4.000000
157 156 -1.000000
177 156 -1.000000
136 157 -1.000000
156 157 -1.000000
157 157 4.000000
158 157 -1.000000
178 157 -1.000000
137 158 -1.000000
157 158 -1.000000
158 158 4.000000
159 158 -1.000000
179 158 -1.000000
138 159 -1.000000
158 159 -1.000000
159 159 4.000000
160 159 -1.000000
180 159 -1.000000
139 160 -1.000000
159 160 -1.000000
160 160 4.000000
161 160 -1.000000
181 160 -1.000000
140 161 -1.000000
160 161 -1.000000
161 161 4.000000
162 161 -1.000000
182 161 -1.000000
141 162 -1.000000
161 162 -1.000000
162 162 4.000000
163 162 -1.000000
183 162 -1.000000
142 163 -1.000000
162 163 -1.000000
163 163 4.000000
164 163 -1.000000
184 163 -1.000000
143 164 -1.000000
163 164 -1.000000
164 164 4.000000
165 164 -1.000000
185 164 -1.000000
144 165 -1.000000
164 165 -1.000000
165 165 4.000000
166 165 -1.000000
186 165 -1.000000
145 166 -1.000000
165 166 -1.000000
166 166 4.000000
167 166 -1.000000
187 166 -1.000000
146 167 -1.000000
166 167 -1.000000
167 167 4.000000
168 167 -1.000000
188 167 -1.000000
147 168 -1.000000
167 168 -1.000000
168 168 4.000000
189 168 -1.000000
148 169 -1.000000
169 169 4.000000
170 169 -1.000000
190 169 -1.000000
149 170 -1.000000
169 170 -1.000000
170 170 4.000000
171 170 -1.000000
191 170 -1.000000
150 171 -1.000000
170 171 -1.000000
171 171 4.000000
172 171 -1.000000
192 171 -1.000000
151 172 -1.000000
171 172 -1.000000
172 172 4.000000
173 172 -1.000000
193 172 -1.000000
152 173 -1.000000
172 173 -1.000000
173 173 4.000000
174 173 -1.000000
194 173 -1.000000
153 174 -1.000000
173 174 -1.000000
174 174 4.000000
175 174 -1.000000
195 174 -1.000000
154 175 -1.000000
174 175 -1.000000
175 175 4.000000
176 175 -1.000000
196 175 -1.000000
155 176 -1.000000
175 176 -1.000000
176 176 4.000000
177 176 -1.000000
197 176 -1.000000
156 177 -1.000000
176 177 -1.000000
177 177 4.000000
178 177 -1.000000
198 177 -1.000000
157 178 -1.000000
177 178 -1.000000
178 178 4.000000
179 178 -1.000000
199 178 -1.000000
158 179 -1.000000
178 179 -1.000000
179 179 4.000000
180 179 -1.000000
200 179 -1.000000
159 180 -1.000000
179 180 -1.000000
180 180 4.000000
181 180 -1.000000
201 180 -1.000000
160 181 -1.000000
180 181 -1.000000
181 181 4.000000
182 181 -1.000000
202 181 -1.000000
161 182 -1.000000
181 182 -1.000000
182 182 4.000000
183 182 -1.000000
203 182 -1.000000
162 183 -1.000000
182 183 -1.000000
183 183 4.000000
184 183 -1.000000
204 183 -1.000000
163 184 -1.000000
183 184 -1.000000
184 184 4.000000
185 184 -1.000000
205 184 -1.000000
164 185 -1.000000
184 185 -1.000000
185 185 4.000000
186 185 -1.000000
206 185 -1.000000
165 186 -1.000000
185 186 -1.000000
186 186 4.000000
187 186 -1.000000
207 186 -1.000000
166 187 -1.000000
186 187 -1.000000
187 187 4.000000
188 187 -1.000000
208 187 -1.000000
167 188 -1.000000
187 188 -1.000000
188 188 4.000000
189 188 -1.000000
209 188 -1.000000
168 189 -1.000000
188 189 -1.000000
189 189 4.000000
210 189 -1.000000
169 190 -1.000000
190 190 4.000000
191 190 -1.000000
211 190 -1.000000
170 191 -1.000000
190 191 -1.000000
191 191 4.000000
192 191 -1.000000
212 191 -1.000000
171 192 -1.000000
191 192 -1.000000
192 192 4.000000
193 192 -1.000000
213 192 -1.000000
172 193 -1.000000
192 193 -1.000000
193 193 4.000000
194 193 -1.000000
214 193 -1.000000
173 194 -1.000000
193 194 -1.000000
194 194 4.000000
195 194 -1.000000
215 194 -1.000000
174 195 -1.000000
194 195 -1.000000
195 195 4.000000
196 195 -1.000000
216 195 -1.000000
175 196 -1.000000
195 196 -1.000000
196 196 4.000000
197 196 -1.000000
217 196 -1.000000
176 197 -1.000000
196 197 -1.000000
197 197 4.000000
198 197 -1.000000
218 197 -1.000000
177 198 -1.000000
197 198 -1.000000
198 198 4.000000
199 198 -1.000000
219 198 -1.000000
178 199 -1.000000
198 199 -1.000000
199 199 4.000000
200 199 -1.000000
220 199 -1.000000
179 200 -1.000000
199 200 -1.000000
200 200 4.000000
201 200 -1.000000
221 200 -1.000000
180 201 -1.000000
200 201 -1.000000
201 201 4.000000
202 201 -1.000000
222 201 -1.000000
181 202 -1.000000
201 202 -1.000000
202 202 4.000000
203 202 -1.000000
223 202 -1.000000
182 203 -1.000000
202 203 -1.000000
203 203 4.000000
204 203 -1.000000
224 203 -1.000000
183 204 -1.000000
203 204 -1.000000
204 204 4.000000
205 204 -1.000000
225 204 -1.000000
184 205 -1.000000
204 205 -1.000000
205 205 4.000000
206 205 -1.000000
226 205 -1.000000
185 206 -1.000000
205 206 -1.000000
206 206 4.000000
207 206 -1.000000
227 206 -1.000000
186 207 -1.000000
206 207 -1.000000
207 207 4.000000
208 207 -1.000000
228 207 -1.000000
187 208 -1.000000
207 208 -1.000000
208 208 4.000000
209 208 -1.000000
229 208 -1.000000
188 209 -1.000000
208 209 -1.000000
209 209 4.000000
210 209 -1.000000
230 209 -1.000000
189 210 -1.000000
209 210 -1.000000
210 210 4.000000
231 210 -1.000000
190 211 -1.000000
211 211 4.000000
212 211 -1.000000
232 211 -1.000000
191 212 -1.000000
211 212 -1.000000
212 212 4.000000
213 212 -1.000000
233 212 -1.000000
192 213 -1.000000
212 213 -1.000000
213 213 4.000000
214 213 -1.000000
234 213 -1.000000
193 214 -1.000000
213 214 -1.000000
214 214 4.000000
215 214 -1.000000
235 214 -1.000000
194 215 -1.000000
214 215 -1.000000
215 215 4.000000
216 215 -1.000000
236 215 -1.000000
195 216 -1.000000
215 216 -1.000000
216 216 4.000000
217 216 -1.000000
237 216 -1.000000
196 217 -1.000000
216 217 -1.000000
217 217 4.000000
218 217 -1.000000
238 217 -1.000000
197 218 -1.000000
217 218 -1.000000
218 218 4.000000
219 218 -1.000000
239 218 -1.000000
198 219 -1.000000
218 219 -1.000000
219 219 4.000000
220 219 -1.000000
240 219 -1.000000
199 220 -1.000000
219 220 -1.000000
220 220 4.000000
221 220 -1.000000
241 220 -1.000000
200 221 -1.000000
220 221 -1.000000
221 221 4.000000
222 221 -1.000000
242 221 -1.000000
201 222 -1.000000
221 222 -1.000000
222 222 4.000000
223 222 -1.000000
243 222 -1.000000
202 223 -1.000000
222 223 -1.000000
223 223 4.000000
224 223 -1.000000
244 223 -1.000000
203 224 -1.000000
223 224 -1.000000
224 224 4.000000
225 224 -1.000000
245 224 -1.000000
204 225 -1.000000
224 225 -1.000000
225 225 4.000000
226 225 -1.000000
246 225 -1.000000
205 226 -1.000000
225 226 -1.000000
226 226 4.000000
227 226 -1.000000
247 226 -1.000000
206 227 -1.000000
226 227 -1.000000
227 227 4.000000
228 227 -1.000000
248 227 -1.000000
207 228 -1.000000
227 228 -1.000000
228 228 4.000000
229 228 -1.000000
249 228 -1.000000
208 229 -1.000000
228 229 -1.000000
229 229 4.000000
230 229 -1.000000
250 229 -1.000000
209 230 -1.000000
229 230 -1.000000
230 230 4.000000
231 230 -1.000000
251 230 -1.000000
210 231 -1.000000
230 231 -1.000000
231 231 4.000000
252 231 -1.000000
211 232 -1.000000
232 232 4.000000
233 232 -1.000000
253 232 -1.000000
212 233 -1.000000
232 233 -1.000000
233 233 4.000000
234 233 -1.000000
254 233 -1.000000
213 234 -1.000000
233 234 -1.000000
234 234 4.000000
235 234 -1.000000
255 234 -1.000000
214 235 -1.000000
234 235 -1.000000
235 235 4.000000
236 235 -1.000000
256 235 -1.000000
215 236 -1.000000
235 236 -1.000000
236 236 4.000000
237 236 -1.000000
257 236 -1.000000
216 237 -1.000000
236 237 -1.000000
237 237 4.000000
238 237 -1.000000
258 237 -1.000000
217 238 -1.000000
237 238 -1.000000
238 238 4.000000
239 238 -1.000000
259 238 -1.000000
218 239 -1.000000
238 239 -1.000000
239 239 4.000000
240 239 -1.000000
260 239 -1.000000
219 240 -1.000000
239 240 -1.000000
240 240 4.000000
241 240 -1.000000
261 240 -1.000000
220 241 -1.000000
240 241 -1.000000
241 241 4.000000
242 241 -1.000000
262 241 -1.000000
221 242 -1.000000
241 242 -1.000000
242 242 4.000000
243 242 -1.000000
263 242 -1.000000
222 243 -1.000000
242 243 -1.000000
243 243 4.000000
244 243 -1.000000
264 243 -1.000000
223 244 -1.000000
243 244 -1.000000
244 244 4.000000
245 244 -1.000000
265 244 -1.000000
224 245 -1.000000
244 245 -1.000000
245 245 4.000000
246 245 -1.000000
266 245 -1.000000
225 246 -1.000000
245 246 -1.000000
246 246 4.000000
247 246 -1.000000
267 246 -1.000000
226 247 -1.000000
246 247 -1.000000
247 247 4.000000
248 247 -1.000000
268 247 -1.000000
227 248 -1.000000
247 248 -1.000000
248 248 4.000000
249 248 -1.000000
269 248 -1.000000
228 249 -1.000000
248 249 -1.000000
249 249 4.000000
250 249 -1.000000
270 249 -1.000000
229 250 -1.000000
249 250 -1.000000
250 250 4.000000
251 250 -1.000000
271 250 -1.000000
230 251 -1.000000
250 251 -1.000000
251 251 4.000000
252 251 -1.000000
272 251 -1.000000
231 252 -1.000000
251 252 -1.000000
252 252 4.000000
273 252 -1.000000
232 253 -1.000000
253 253 4.000000
254 253 -1.000000
274 253 -1.000000
233 254 -1.000000
253 254 -1.000000
254 254 4.000000
255 254 -1.000000
275 254 -1.000000
234 255 -1.000000
254 255 -1.000000
255 255 4.000000
256 255 -1.000000
276 255 -1.000000
235 256 -1.000000
255 256 -1.000000
256 256 4.000000
257 256 -1.000000
277 256 -1.000000
236 257 -1.000000
256 257 -1.000000
257 257 4.000000
258 257 -1.000000
278 257 -1.000000
237 258 -1.000000
257 258 -1.000000
258 258 4.000000
259 258 -1.000000
279 258 -1.000000
238 259 -1.000000
258 259 -1.000000
259 259 4.000000
260 259 -1.000000
280 259 -1.000000
239 260 -1.000000
259 260 -1.000000
260 260 4.000000
261 260 -1.000000
281 260 -1.000000
240 261 -1.000000
260 261 -1.000000
261 261 4.000000
262 261 -1.000000
282 261 -1.000000
241 262 -1.000000
261 262 -1.000000
262 262 4.000000
263 262 -1.000000
283 262 -1.000000
242 263 -1.000000
262 263 -1.000000
263 263 4.000000
264 263 -1.000000
284 263 -1.000000
243 264 -1.000000
263 264 -1.000000
264 264 4.000000
265 264 -1.000000
285 264 -1.000000
244 265 -1.000000
264 265 -1.000000
265 265 4.000000
266 265 -1.000000
286 265 -1.000000
245 266 -1.000000
265 266 -1.000000
266 266 4.000000
267 266 -1.000000
287 266 -1.000000
246 267 -1.000000
266 267 -1.000000
267 267 4.000000
268 267 -1.000000
288 267 -1.000000
247 268 -1.000000
267 268 -1.000000
268 268 4.000000
269 268 -1.000000
289 268 -1.000000
248 269 -1.000000
268 269 -1.000000
269 269 4.000000
270 269 -1.000000
290 269 -1.000000
249 270 -1.000000
269 270 -1.000000
270 270 4.000000
271 270 -1.000000
291 270 -1.000000
250 271 -1.000000
270 271 -1.000000
271 271 4.000000
272 271 -1.000000
292 271 -1.000000
251 272 -1.000000
271 272 -1.000000
272 272 4.000000
273 272 -1.000000
293 272 -1.000000
252 273 -1.000000
272 273 -1.000000
273 273 4.000000
294 273 -1.000000
253 274 -1.000000
274 274 4.000000
275 274 -1.000000
295 274 -1.000000
254 275 -1.000000
274 275 -1.000000
275 275 4.000000
276 275 -1.000000
296 275 -1.000000
255 276 -1.000000
275 276 -1.000000
276 276 4.000000
277 276 -1.000000
297 276 -1.000000
256 277 -1.000000
276 277 -1.000000
277 277 4.000000
278 277 -1.000000
298 277 -1.000000
257 278 -1.000000
277 278 -1.000000
278 278 4.000000
279 278 -1.000000
299 278 -1.000000
258 279 -1.000000
278 279 -1.000000
279 279 4.000000
280 279 -1.000000
300 279 -1.000000
259 280 -1.000000
279 280 -1.000000
280 280 4.000000
281 280 -1.000000
301 280 -1.000000
260 281 -1.000000
280 281 -1.000000
281 281 4.000000
282 281 -1.000000
302 281 -1.000000
261 282 -1.000000
281 282 -1.000000
282 282 4.000000
283 282 -1.000000
303 282 -1.000000
262 283 -1.000000
282 283 -1.000000
283 283 4.000000
284 283 -1.000000
304 283 -1.000000
263 284 -1.000000
283 284 -1.000000
284 284 4.000000
285 284 -1.000000
305 284 -1.000000
264 285 -1.000000
284 285 -1.000000
285 285 4.000000
286 285 -1.000000
306 285 -1.000000
265 286 -1.000000
285 286 -1.000000
286 286 4.000000
287 286 -1.000000
307 286 -1.000000
266 287 -1.000000
286 287 -1.000000
287 287 4.000000
288 287 -1.000000
308 287 -1.000000
267 288 -1.000000
287 288 -1.000000
288 288 4.000000
289 288 -1.000000
309 288 -1.000000
268 289 -1.000000
288 289 -1.000000
289 289 4.000000
290 289 -1.000000
310 289 -1.000000
269 290 -1.000000
289 290 -1.000000
290 290 4.000000
291 290 -1.000000
311 290 -1.000000
270 291 -1.000000
290 291 -1.000000
291 291 4.000000
292 291 -1.000000
312 291 -1.000000
271 292 -1.000000
291 292 -1.000000
292 292 4.000000
293 292 -1.000000
313 292 -1.000000
272 293 -1.000000
292 293 -1.000000
293 293 4.000000
294 293 -1.000000
314 293 -1.000000
273 294 -1.000000
293 294 -1.000000
294 294 4.000000
315 294 -1.000000
274 295 -1.000000
295 295 4.000000
296 295 -1.000000
316 295 -1.000000
275 296 -1.000000
295 296 -1.000000
296 296 4.000000
297 296 -1.000000
317 296 -1.000000
276 297 -1.000000
296 297 -1.000000
297 297 4.000000
298 297 -1.000000
318 297 -1.000000
277 298 -1.000000
297 298 -1.000000
298 298 4.000000
299 298 -1.000000
319 298 -1.000000
278 299 -1.000000
298 299 -1.000000
299 299 4.000000
300 299 -1.000000
320 299 -1.000000
279 300 -1.000000
299 300 -1.000000
300 300 4.000000
301 300 -1.000000
321 300 -1.000000
280 301 -1.000000
300 301 -1.000000
301 301 4.000000
302 301 -1.000000
322 301 -1.000000
281 302 -1.000000
301 302 -1.000000
302 302 4.000000
303 302 -1.000000
323 302 -1.000000
282 303 -1.000000
302 303 -1.000000
303 303 4.000000
304 303 -1.000000
324 303 -1.000000
283 304 -1.000000
303 304 -1.000000
304 304 4.000000
305 304 -1.000000
325 304 -1.000000
284 305 -1.000000
304 305 -1.000000
305 305 4.000000
306 305 -1.000000
326 305 -1.000000
285 306 -1.000000
305 306 -1.000000
306 306 4.000000
307 306 -1.000000
327 306 -1.000000
286 307 -1.000000
306 307 -1.000000
307 307 4.000000
308 307 -1.000000
328 307 -1.000000
287 308 -1.000000
307 308 -1.000000
308 308 4.000000
309 308 -1.000000
329 308 -1.000000
288 309 -1.000000
308 309 -1.000000
309 309 4.000000
310 309 -1.000000
330 309 -1.000000
289 310 -1.000000
309 310 -1.000000
310 310 4.000000
311 310 -1.000000
331 310 -1.000000
290 311 -1.000000
310 311 -1.000000
311 311 4.000000
312 311 -1.000000
332 311 -1.000000
291 312 -1.000000
311 312 -1.000000
312 312 4.000000
313 312 -1.000000
333 312 -1.000000
292 313 -1.000000
312 313 -1.000000
313 313 4.000000
314 313 -1.000000
334 313 -1.000000
293 314 -1.000000
313 314 -1.000000
314 314 4.000000
315 314 -1.000000
335 314 -1.000000
294 315 -1.000000
314 315 -1.000000
315 315 4.000000
336 315 -1.000000
295 316 -1.000000
316 316 4.000000
317 316 -1.000000
337 316 -1.000000
296 317 -1.000000
316 317 -1.000000
317 317 4.000000
318 317 -1.000000
338 317 -1.000000
297 318 -1.000000
317 318 -1.000000
318 318 4.000000
319 318 -1.000000
339 318 -1.000000
298 319 -1.000000
318 319 -1.000000
319 319 4.000000
320 319 -1.000000
340 319 -1.000000
299 320 -1.000000
319 320 -1.000000
320 320 4.000000
321 320 -1.000000
341 320 -1.000000
300 321 -1.000000
320 321 -1.000000
321 321 4.000000
322 321 -1.000000
342 321 -1.000000
301 322 -1.000000
321 322 -1.000000
322 322 4.000000
323 322 -1.000000
343 322 -1.000000
302 323 -1.000000
322 323 -1.000000
323 323 4.000000
324 323 -1.000000
344 323 -1.000000
303 324 -1.000000
323 324 -1.000000
324 324 4.000000
325 324 -1.000000
345 324 -1.000000
304 325 -1.000000
324 325 -1.000000
325 325 4.000000
326 325 -1.000000
346 325 -1.000000
305 326 -1.000000
325 326 -1.000000
326 326 4.000000
327 326 -1.000000
347 326 -1.000000
306 327 -1.000000
326 327 -1.000000
327 327 4.000000
328 327 -1.000000
348 327 -1.000000
307 328 -1.000000
327 328 -1.000000
328 328 4.000000
329 328 -1.000000
349 328 -1.000000
308 329 -1.000000
328 329 -1.000000
329 329 4.000000
330 329 -1.000000
350 329 -1.000000
309 330 -1.000000
329 330 -1.000000
330 330 4.000000
331 330 -1.000000
351 330 -1.000000
310 331 -1.000000
330 331 -1.000000
331 331 4.000000
332 331 -1.000000
352 331 -1.000000
311 332 -1.000000
331 332 -1.000000
332 332 4.000000
333 332 -1.000000
353 332 -1.000000
312 333 -1.000000
332 333 -1.000000
333 333 4.000000
334 333 -1.000000
354 333 -1.000000
313 334 -1.000000
333 334 -1.000000
334 334 4.000000
335 334 -1.000000
355 334 -1.000000
314 335 -1.000000
334 335 -1.000000
335 335 4.000000
336 335 -1.000000
356 335 -1.000000
315 336 -1.000000
335 336 -1.000000
336 336 4.000000
357 336 -1.000000
316 337 -1.000000
337 337 4.000000
338 337 -1.000000
358 337 -1.000000
317 338 -1.000000
337 338 -1.000000
338 338 4.000000
339 338 -1.000000
359 338 -1.000000
318 339 -1.000000
338 339 -1.000000
339 339 4.000000
340 339 -1.000000
360 339 -1.000000
319 340 -1.000000
339 340 -1.000000
340 340 4.000000
341 340 -1.000000
361 340 -1.000000
320 341 -1.000000
340 341 -1.000000
341 341 4.000000
342 341 -1.000000
362 341 -1.000000
321 342 -1.000000
341 342 -1.000000
342 342 4.000000
343 342 -1.000000
363 342 -1.000000
322 343 -1.000000
342 343 -1.000000
343 343 4.000000
344 343 -1.000000
364 343 -1.000000
323 344 -1.000000
343 344 -1.000000
344 344 4.000000
345 344 -1.000000
365 344 -1.000000
324 345 -1.000000
344 345 -1.000000
345 345 4.000000
346 345 -1.000000
366 345 -1.000000
325 346 -1.000000
345 346 -1.000000
346 346 4.000000
347 346 -1.000000
367 346 -1.000000
326 347 -1.000000
346 347 -1.000000
347 347 4.000000
348 347 -1.000000
368 347 -1.000000
327 348 -1.000000
347 348 -1.000000
348 348 4.000000
349 348 -1.000000
369 348 -1.000000
328 349 -1.000000
348 349 -1.000000
349 349 4.000000
350 349 -1.000000
370 349 -1.000000
329 350 -1.000000
349 350 -1.000000
350 350 4.000000
351 350 -1.000000
371 350 -1.000000
330 351 -1.000000
350 351 -1.000000
351 351 4.000000
352 351 -1.000000
372 351 -1.000000
331 352 -1.000000
351 352 -1.000000
352 352 4.000000
353 352 -1.000000
373 352 -1.000000
332 353 -1.000000
352 353 -1.000000
353 353 4.000000
354 353 -1.000000
374 353 -1.000000
333 354 -1.000000
353 354 -1.000000
354 354 4.000000
355 354 -1.000000
375 354 -1.000000
334 355 -1.000000
354 355 -1.000000
355 355 4.000000
356 355 -1.000000
376 355 -1.000000
335 356 -1.000000
355 356 -1.000000
356 356 4.000000
357 356 -1.000000
377 356 -1.000000
336 357 -1.000000
356 357 -1.000000
357 357 4.000000
378 357 -1.000000
337 358 -1.000000
358 358 4.000000
359 358 -1.000000
379 358 -1.000000
338 359 -1.000000
358 359 -1.000000
359 359 4.000000
360 359 -1.000000
380 359 -1.000000
339 360 -1.000000
359 360 -1.000000
360 360 4.000000
361 360 -1.000000
381 360 -1.000000
340 361 -1.000000
360 361 -1.000000
361 361 4.000000
362 361 -1.000000
382 361 -1.000000
341 362 -1.000000
361 362 -1.000000
362 362 4.000000
363 362 -1.000000
383 362 -1.000000
342 363 -1.000000
362 363 -1.000000
363 363 4.000000
364 363 -1.000000
384 363 -1.000000
343 364 -1.000000
363 364 -1.000000
364 364 4.000000
365 364 -1.000000
385 364 -1.000000
344 365 -1.000000
364 365 -1.000000
365 365 4.000000
366 365 -1.000000
386 365 -1.000000
345 366 -1.000000
365 366 -1.000000
366 366 4.000000
367 366 -1.000000
387 366 -1.000000
346 367 -1.000000
366 367 -1.000000
367 367 4.000000
368 367 -1.000000
388 367 -1.000000
347 368 -1.000000
367 368 -1.000000
368 368 4.000000
369 368 -1.000000
389 368 -1.000000
348 369 -1.000000
368 369 -1.000000
369 369 4.000000
370 369 -1.000000
390 369 -1.000000
349 370 -1.000000
369 370 -1.000000
370 370 4.000000
371 370 -1.000000
391 370 -1.000000
350 371 -1.000000
370 371 -1.000000
371 371 4.000000
372 371 -1.000000
392 371 -1.000000
351 372 -1.000000
371 372 -1.000000
372 372 4.000000
373 372 -1.000000
393 372 -1.000000
352 373 -1.000000
372 373 -1.000000
373 373 4.000000
374 373 -1.000000
394 373 -1.000000
353 374 -1.000000
373 374 -1.000000
374 374 4.000000
375 374 -1.000000
395 374 -1.000000
354 375 -1.000000
374 375 -1.000000
375 375 4.000000
376 375 -1.000000
396 375 -1.000000
355 376 -1.000000
375 376 -1.000000
376 376 4.000000
377 376 -1.000000
397 376 -1.000000
356 377 -1.000000
376 377 -1.000000
377 377 4.000000
378 377 -1.000000
398 377 -1.000000
357 378 -1.000000
377 378 -1.000000
378 378 4.000000
399 378 -1.000000
358 379 -1.000000
379 379 4.000000
380 379 -1.000000
400 379 -1.000000
359 380 -1.000000
379 380 -1.000000
380 380 4.000000
381 380 -1.000000
401 380 -1.000000
360 381 -1.000000
380 381 -1.000000
381 381 4.000000
382 381 -1.000000
402 381 -1.000000
361 382 -1.000000
381 382 -1.000000
382 382 4.000000
383 382 -1.000000
403 382 -1.000000
362 383 -1.000000
382 383 -1.000000
383 383 4.000000
384 383 -1.000000
404 383 -1.000000
363 384 -1.000000
383 384 -1.000000
384 384 4.000000
385 384 -1.000000
405 384 -1.000000
364 385 -1.000000
384 385 -1.000000
385 385 4.000000
386 385 -1.000000
406 385 -1.000000
365 386 -1.000000
385 386 -1.000000
386 386 4.000000
387 386 -1.000000
407 386 -1.000000
366 387 -1.000000
386 387 -1.000000
387 387 4.000000
388 387 -1.000000
408 387 -1.000000
367 388 -1.000000
387 388 -1.000000
388 388 4.000000
389 388 -1.000000
409 388 -1.000000
368 389 -1.000000
388 389 -1.000000
389 389 4.000000
390 389 -1.000000
410 389 -1.000000
369 390 -1.000000
389 390 -1.000000
390 390 4.000000
391 390 -1.000000
411 390 -1.000000
370 391 -1.000000
390 391 -1.000000
391 391 4.000000
392 391 -1.000000
412 391 -1.000000
371 392 -1.000000
391 392 -1.000000
392 392 4.000000
393 392 -1.000000
413 392 -1.000000
372 393 -1.000000
392 393 -1.000000
393 393 4.000000
394 393 -1.000000
414 393 -1.000000
373 394 -1.000000
393 394 -1.000000
394 394 4.000000
395 394 -1.000000
415 394 -1.000000
374 395 -1.000000
394 395 -1.000000
395 395 4.000000
396 395 -1.000000
416 395 -1.000000
375 396 -1.000000
395 396 -1.000000
396 396 4.000000
397 396 -1.000000
417 396 -1.000000
376 397 -1.000000
396 397 -1.000000
397 397 4.000000
398 397 -1.000000
418 397 -1.000000
377 398 -1.000000
397 398 -1.000000
398 398 4.000000
399 398 -1.000000
419 398 -1.000000
378 399 -1.000000
398 399 -1.000000
399 399 4.000000
420 399 -1.000000
379 400 -1.000000
400 400 4.000000
401 400 -1.000000
421 400 -1.000000
380 401 -1.000000
400 401 -1.000000
401 401 4.000000
402 401 -1.000000
422 401 -1.000000
381 402 -1.000000
401 402 -1.000000
402 402 4.000000
403 402 -1.000000
423 402 -1.000000
382 403 -1.000000
402 403 -1.000000
403 403 4.000000
404 403 -1.000000
424 403 -1.000000
383 404 -1.000000
403 404 -1.000000
404 404 4.000000
405 404 -1.000000
425 404 -1.000000
384 405 -1.000000
404 405 -1.000000
405 405 4.000000
406 405 -1.000000
426 405 -1.000000
385 406 -1.000000
405 406 -1.000000
406 406 4.000000
407 406 -1.000000
427 406 -1.000000
386 407 -1.000000
406 407 -1.000000
407 407 4.000000
408 407 -1.000000
428 407 -1.000000
387 408 -1.000000
407 408 -1.000000
408 408 4.000000
409 408 -1.000000
429 408 -1.000000
388 409 -1.000000
408 409 -1.000000
409 409 4.000000
410 409 -1.000000
430 409 -1.000000
389 410 -1.000000
409 410 -1.000000
410 410 4.000000
411 410 -1.000000
431 410 -1.000000
390 411 -1.000000
410 411 -1.000000
411 411 4.000000
412 411 -1.000000
432 411 -1.000000
391 412 -1.000000
411 412 -1.000000
412 412 4.000000
413 412 -1.000000
433 412 -1.000000
392 413 -1.000000
412 413 -1.000000
413 413 4.000000
414 413 -1.000000
434 413 -1.000000
393 414 -1.000000
413 414 -1.000000
414 414 4.000000
415 414 -1.000000
435 414 -1.000000
394 415 -1.000000
414 415 -1.000000
415 415 4.000000
416 415 -1.000000
436 415 -1.000000
395 416 -1.000000
415 416 -1.000000
416 416 4.000000
417 416 -1.000000
437 416 -1.000000
396 417 -1.000000
416 417 -1.000000
417 417 4.000000
418 417 -1.000000
438 417 -1.000000
397 418 -1.000000
417 418 -1.000000
418 418 4.000000
419 418 -1.000000
439 418 -1.000000
398 419 -1.000000
418 419 -1.000000
419 419 4.000000
420 419 -1.000000
440 419 -1.000000
399 420 -1.000000
419 420 -1.000000
420 420 4.000000
441 420 -1.000000
400 421 -1.000000
421 421 4.000000
422 421 -1.000000
401 422 -1.000000
421 422 -1.000000
422 422 4.000000
423 422 -1.000000
402 423 -1.000000
422 423 -1.000000
423 423 4.000000
424 423 -1.000000
403 424 -1.000000
423 424 -1.000000
424 424 4.000000
425 424 -1.000000
404 425 -1.000000
424 425 -1.000000
425 425 4.000000
426 425 -1.000000
405 426 -1.000000
425 426 -1.000000
426 426 4.000000
427 426 -1.000000
406 427 -1.000000
426 427 -1.000000
427 427 4.000000
428 427 -1.000000
407 428 -1.000000
427 428 -1.000000
428 428 4.000000
429 428 -1.000000
408 429 -1.000000
428 429 -1.000000
429 429 4.000000
430 429 -1.000000
409 430 -1.000000
429 430 -1.000000
430 430 4.000000
431 430 -1.000000
410 431 -1.000000
430 431 -1.000000
431 431 4.000000
432 431 -1.000000
411 432 -1.000000
431 432 -1.000000
432 432 4.000000
433 432 -1.000000
412 433 -1.000000
432 433 -1.000000
433 433 4.000000
434 433 -1.000000
413 434 -1.000000
433 434 -1.000000
434 434 4.000000
435 434 -1.000000
414 435 -1.000000
434 435 -1.000000
435 435 4.000000
436 435 -1.000000
415 436 -1.000000
435 436 -1.000000
436 436 4.000000
437 436 -1.000000
416 437 -1.000000
436 437 -1.000000
437 437 4.000000
438 437 -1.000000
417 438 -1.000000
437 438 -1.000000
438 438 4.000000
439 438 -1.000000
418 439 -1.000000
438 439 -1.000000
439 439 4.000000
440 439 -1.000000
419 440 -1.000000
439 440 -1.000000
440 440 4.000000
441 440 -1.000000
420 441 -1.000000
440 441 -1.000000
441 441 4.000000
