1 1 4.000000
2 1 -1.000000
23 1 -1.000000
1 2 -1.000000
2 2 4.000000
3 2 -1.000000
24 2 -1.000000
2 3 -1.000000
3 3 4.000000
4 3 -1.000000
25 3 -1.000000
3 4 -1.000000
4 4 4.000000
5 4 -1.000000
26 4 -1.000000
4 5 -1.000000
5 5 4.000000
6 5 -1.000000
27 5 -1.000000
5 6 -1.000000
6 6 4.000000
7 6 -1.000000
28 6 -1.000000
6 7 -1.000000
7 7 4.000000
8 7 -1.000000
29 7 -1.000000
7 8 -1.000000
8 8 4.000000
9 8 -1.000000
30 8 -1.000000
8 9 -1.000000
9 9 4.000000
10 9 -1.000000
31 9 -1.000000
9 10 -1.000000
10 10 4.000000
11 10 -1.000000
32 10 -1.000000
10 11 -1.000000
11 11 4.000000
12 11 -1.000000
33 11 -1.000000
11 12 -1.000000
12 12 4.000000
13 12 -1.000000
34 12 -1.000000
12 13 -1.000000
13 13 4.000000
14 13 -1.000000
35 13 -1.000000
13 14 -1.000000
14 14 4.000000
15 14 -1.000000
36 14 -1.000000
14 15 -1.000000
15 15 4.000000
16 15 -1.000000
37 15 -1.000000
15 16 -1.000000
16 16 4.000000
17 16 -1.000000
38 16 -1.000000
16 17 -1.000000
17 17 4.000000
18 17 -1.000000
39 17 -1.000000
17 18 -1.000000
18 18 4.000000
19 18 -1.000000
40 18 -1.000000
18 19 -1.000000
19 19 4.000000
20 19 -1.000000
41 19 -1.000000
19 20 -1.000000
20 20 4.000000
21 20 -1.000000
42 20 -1.000000
20 21 -1.000000
21 21 4.000000
22 21 -1.000000
43 21 -1.000000
21 22 -1.000000
22 22 4.000000
44 22 -1.000000
1 23 -1.000000
23 23 4.000000
24 23 -1.000000
45 23 -1.000000
2 24 -1.000000
23 24 -1.000000
24 24 4.000000
25 24 -1.000000
46 24 -1.000000
3 25 -1.000000
24 25 -1.000000
25 25 4.000000
26 25 -1.000000
47 25 -1.000000
4 26 -1.000000
25 26 -1.000000
26 26 4.000000
27 26 -1.000000
48 26 -1.000000
5 27 -1.000000
26 27 -1.000000
27 27 4.000000
28 27 -1.000000
49 27 -1.000000
6 28 -1.000000
27 28 -1.000000
28 28 4.000000
29 28 -1.000000
50 28 -1.000000
7 29 -1.000000
28 29 -1.000000
29 29 4.000000
30 29 -1.000000
51 29 -1.000000
8 30 -1.000000
29 30 -1.000000
30 30 4.000000
31 30 -1.000000
52 30 -1.000000
9 31 -1.000000
30 31 -1.000000
31 31 4.000000
32 31 -1.000000
53 31 -1.000000
10 32 -1.000000
31 32 -1.000000
32 32 4.000000
33 32 -1.000000
54 32 -1.000000
11 33 -1.000000
32 33 -1.000000
33 33 4.000000
34 33 -1.000000
55 33 -1.000000
12 34 -1.000000
33 34 -1.000000
34 34 4.000000
35 34 -1.000000
56 34 -1.000000
13 35 -1.000000
34 35 -1.000000
35 35 4.000000
36 35 -1.000000
57 35 -1.000000
14 36 -1.000000
35 36 -1.000000
36 36 4.000000
37 36 -1.000000
58 36 -1.000000
15 37 -1.000000
36 37 -1.000000
37 37 4.000000
38 37 -1.000000
59 37 -1.000000
16 38 -1.000000
37 38 -1.000000
38 38 4.000000
39 38 -1.000000
60 38 -1.000000
17 39 -1.000000
38 39 -1.000000
39 39 4.000000
40 39 -1.000000
61 39 -1.000000
18 40 -1.000000
39 40 -1.000000
40 40 4.000000
41 40 -1.000000
62 40 -1.000000
19 41 -1.000000
40 41 -1.000000
41 41 4.000000
42 41 -1.000000
63 41 -1.000000
20 42 -1.000000
41 42 -1.000000
42 42 4.000000
43 42 -1.000000
64 42 -1.000000
21 43 -1.000000
42 43 -1.000000
43 43 4.000000
44 43 -1.000000
65 43 -1.000000
22 44 -1.000000
43 44 -1.000000
44 44 4.000000
66 44 -1.000000
23 45 -1.000000
45 45 4.000000
46 45 -1.000000
67 45 -1.000000
24 46 -1.000000
45 46 -1.000000
46 46 4.000000
47 46 -1.000000
68 46 -1.000000
25 47 -1.000000
46 47 -1.000000
47 47 4.000000
48 47 -1.000000
69 47 -1.000000
26 48 -1.000000
47 48 -1.000000
48 48 4.000000
49 48 -1.000000
70 48 -1.000000
27 49 -1.000000
48 49 -1.000000
49 49 4.000000
50 49 -1.000000
71 49 -1.000000
28 50 -1.000000
49 50 -1.000000
50 50 4.000000
51 50 -1.000000
72 50 -1.000000
29 51 -1.000000
50 51 -1.000000
51 51 4.000000
52 51 -1.000000
73 51 -1.000000
30 52 -1.000000
51 52 -1.000000
52 52 4.000000
53 52 -1.000000
74 52 -1.000000
31 53 -1.000000
52 53 -1.000000
53 53 4.000000
54 53 -1.000000
75 53 -1.000000
32 54 -1.000000
53 54 -1.000000
54 54 4.000000
55 54 -1.000000
76 54 -1.000000
33 55 -1.000000
54 55 -1.000000
55 55 4.000000
56 55 -1.000000
77 55 -1.000000
34 56 -1.000000
55 56 -1.000000
56 56 4.000000
57 56 -1.000000
78 56 -1.000000
35 57 -1.000000
56 57 -1.000000
57 57 4.000000
58 57 -1.000000
79 57 -1.000000
36 58 -1.000000
57 58 -1.000000
58 58 4.000000
59 58 -1.000000
80 58 -1.000000
37 59 -1.000000
58 59 -1.000000
59 59 4.000000
60 59 -1.000000
81 59 -1.000000
38 60 -1.000000
59 60 -1.000000
60 60 4.000000
61 60 -1.000000
82 60 -1.000000
39 61 -1.000000
60 61 -1.000000
61 61 4.000000
62 61 -1.000000
83 61 -1.000000
40 62 -1.000000
61 62 -1.000000
62 62 4.000000
63 62 -1.000000
84 62 -1.000000
41 63 -1.000000
62 63 -1.000000
63 63 4.000000
64 63 -1.000000
85 63 -1.000000
42 64 -1.000000
63 64 -1.000000
64 64 4.000000
65 64 -1.000000
86 64 -1.000000
43 65 -1.000000
64 65 -1.000000
65 65 4.000000
66 65 -1.000000
87 65 -1.000000
44 66 -1.000000
65 66 -1.000000
66 66 4.000000
88 66 -1.000000
45 67 -1.000000
67 67 4.000000
68 67 -1.000000
89 67 -1.000000
46 68 -1.000000
67 68 -1.000000
68 68 4.000000
69 68 -1.000000
90 68 -1.000000
47 69 -1.000000
68 69 -1.000000
69 69 4.000000
70 69 -1.000000
91 69 -1.000000
48 70 -1.000000
69 70 -1.000000
70 70 4.000000
71 70 -1.000000
92 70 -1.000000
49 71 -1.000000
70 71 -1.000000
71 71 4.000000
72 71 -1.000000
93 71 -1.000000
50 72 -1.000000
71 72 -1.000000
72 72 4.000000
73 72 -1.000000
94 72 -1.000000
51 73 -1.000000
72 73 -1.000000
73 73 4.000000
74 73 -1.000000
95 73 -1.000000
52 74 -1.000000
73 74 -1.000000
74 74 4.000000
75 74 -1.000000
96 74 -1.000000
53 75 -1.000000
74 75 -1.000000
75 75 4.000000
76 75 -1.000000
97 75 -1.000000
54 76 -1.000000
75 76 -1.000000
76 76 4.000000
77 76 -1.000000
98 76 -1.000000
55 77 -1.000000
76 77 -1.000000
77 77 4.000000
78 77 -1.000000
99 77 -1.000000
56 78 -1.000000
77 78 -1.000000
78 78 4.000000
79 78 -1.000000
100 78 -1.000000
57 79 -1.000000
78 79 -1.000000
79 79 4.000000
80 79 -1.000000
101 79 -1.000000
58 80 -1.000000
79 80 -1.000000
80 80 4.000000
81 80 -1.000000
102 80 -1.000000
59 81 -1.000000
80 81 -1.000000
81 81 4.000000
82 81 -1.000000
103 81 -1.000000
60 82 -1.000000
81 82 -1.000000
82 82 4.000000
83 82 -1.000000
104 82 -1.000000
61 83 -1.000000
82 83 -1.000000
83 83 4.000000
84 83 -1.000000
105 83 -1.000000
62 84 -1.000000
83 84 -1.000000
84 84 4.000000
85 84 -1.000000
106 84 -1.000000
63 85 -1.000000
84 85 -1.000000
85 85 4.000000
86 85 -1.000000
107 85 -1.000000
64 86 -1.000000
85 86 -1.000000
86 86 4.000000
87 86 -1.000000
108 86 -1.000000
65 87 -1.000000
86 87 -1.000000
87 87 4.000000
88 87 -1.000000
109 87 -1.000000
66 88 -1.000000
87 88 -1.000000
88 88 4.000000
110 88 -1.000000
67 89 -1.000000
89 89 4.000000
90 89 -1.000000
111 89 -1.000000
68 90 -1.000000
89 90 -1.000000
90 90 4.000000
91 90 -1.000000
112 90 -1.000000
69 91 -1.000000
90 91 -1.000000
91 91 4.000000
92 91 -1.000000
113 91 -1.000000
70 92 -1.000000
91 92 -1.000000
92 92 4.000000
93 92 -1.000000
114 92 -1.000000
71 93 -1.000000
92 93 -1.000000
93 93 4.000000
94 93 -1.000000
115 93 -1.000000
72 94 -1.000000
93 94 -1.000000
94 94 4.000000
95 94 -1.000000
116 94 -1.000000
73 95 -1.000000
94 95 -1.000000
95 95 4.000000
96 95 -1.000000
117 95 -1.000000
74 96 -1.000000
95 96 -1.000000
96 96 4.000000
97 96 -1.000000
118 96 -1.000000
75 97 -1.000000
96 97 -1.000000
97 97 4.000000
98 97 -1.000000
119 97 -1.000000
76 98 -1.000000
97 98 -1.000000
98 98 4.000000
99 98 -1.000000
120 98 -1.000000
77 99 -1.000000
98 99 -1.000000
99 99 4.000000
100 99 -1.000000
121 99 -1.000000
78 100 -1.000000
99 100 -1.000000
100 100 4.000000
101 100 -1.000000
122 100 -1.000000
79 101 -1.000000
100 101 -1.000000
101 101 4.000000
102 101 -1.000000
123 101 -1.000000
80 102 -1.000000
101 102 -1.000000
102 102 4.000000
103 102 -1.000000
124 102 -1.000000
81 103 -1.000000
102 103 -1.000000
103 103 4.000000
104 103 -1.000000
125 103 -1.000000
82 104 -1.000000
103 104 -1.000000
104 104 4.000000
105 104 -1.000000
126 104 -1.000000
83 105 -1.000000
104 105 -1.000000
105 105 4.000000
106 105 -1.000000
127 105 -1.000000
84 106 -1.000000
105 106 -1.000000
106 106 4.000000
107 106 -1.000000
128 106 -1.000000
85 107 -1.000000
106 107 -1.000000
107 107 4.000000
108 107 -1.000000
129 107 -1.000000
86 108 -1.000000
107 108 -1.000000
108 108 4.000000
109 108 -1.000000
130 108 -1.000000
87 109 -1.000000
108 109 -1.000000
109 109 4.000000
110 109 -1.000000
131 109 -1.000000
88 110 -1.000000
109 110 -1.000000
110 110 4.000000
132 110 -1.000000
89 111 -1.000000
111 111 4.000000
112 111 -1.000000
133 111 -1.000000
90 112 -1.000000
111 112 -1.000000
112 112 4.000000
113 112 -1.000000
134 112 -1.000000
91 113 -1.000000
112 113 -1.000000
113 113 4.000000
114 113 -1.000000
135 113 -1.000000
92 114 -1.000000
113 114 -1.000000
114 114 4.000000
115 114 -1.000000
136 114 -1.000000
93 115 -1.000000
114 115 -1.000000
115 115 4.000000
116 115 -1.000000
137 115 -1.000000
94 116 -1.000000
115 116 -1.000000
116 116 4.000000
117 116 -1.000000
138 116 -1.000000
95 117 -1.000000
116 117 -1.000000
117 117 4.000000
118 117 -1.000000
139 117 -1.000000
96 118 -1.000000
117 118 -1.000000
118 118 4.000000
119 118 -1.000000
140 118 -1.000000
97 119 -1.000000
118 119 -1.000000
119 119 4.000000
120 119 -1.000000
141 119 -1.000000
98 120 -1.000000
119 120 -1.000000
120 120 4.000000
121 120 -1.000000
142 120 -1.000000
99 121 -1.000000
120 121 -1.000000
121 121 4.000000
122 121 -1.000000
143 121 -1.000000
100 122 -1.000000
121 122 -1.000000
122 122 4.000000
123 122 -1.000000
144 122 -1.000000
101 123 -1.000000
122 123 -1.000000
123 123 4.000000
124 123 -1.000000
145 123 -1.000000
102 124 -1.000000
123 124 -1.000000
124 124 4.000000
125 124 -1.000000
146 124 -1.000000
103 125 -1.000000
124 125 -1.000000
125 125 4.000000
126 125 -1.000000
147 125 -1.000000
104 126 -1.000000
125 126 -1.000000
126 126 4.000000
127 126 -1.000000
148 126 -1.000000
105 127 -1.000000
126 127 -1.000000
127 127 4.000000
128 127 -1.000000
149 127 -1.000000
106 128 -1.000000
127 128 -1.000000
128 128 4.000000
129 128 -1.000000
150 128 -1.000000
107 129 -1.000000
128 129 -1.000000
129 129 4.000000
130 129 -1.000000
151 129 -1.000000
108 130 -1.000000
129 130 -1.000000
130 130 4.000000
131 130 -1.000000
152 130 -1.000000
109 131 -1.000000
130 131 -1.000000
131 131 4.000000
132 131 -1.000000
153 131 -1.000000
110 132 -1.000000
131 132 -1.000000
132 132 4.000000
154 132 -1.000000
111 133 -1.000000
133 133 4.000000
134 133 -1.000000
155 133 -1.000000
112 134 -1.000000
133 134 -1.000000
134 134 4.000000
135 134 -1.000000
156 134 -1.000000
113 135 -1.000000
134 135 -1.000000
135 135 4.000000
136 135 -1.000000
157 135 -1.000000
114 136 -1.000000
135 136 -1.000000
136 136 4.000000
137 136 -1.000000
158 136 -1.000000
115 137 -1.000000
136 137 -1.000000
137 137 4.000000
138 137 -1.000000
159 137 -1.000000
116 138 -1.000000
137 138 -1.000000
138 138 4.000000
139 138 -1.000000
160 138 -1.000000
117 139 -1.000000
138 139 -1.000000
139 139 4.000000
140 139 -1.000000
161 139 -1.000000
118 140 -1.000000
139 140 -1.000000
140 140 4.000000
141 140 -1.000000
162 140 -1.000000
119 141 -1.000000
140 141 -1.000000
141 141 4.000000
142 141 -1.000000
163 141 -1.000000
120 142 -1.000000
141 142 -1.000000
142 142 4.000000
143 142 -1.000000
164 142 -1.000000
121 143 -1.000000
142 143 -1.000000
143 143 4.000000
144 143 -1.000000
165 143 -1.000000
122 144 -1.000000
143 144 -1.000000
144 144 4.000000
145 144 -1.000000
166 144 -1.000000
123 145 -1.000000
144 145 -1.000000
145 145 4.000000
146 145 -1.000000
167 145 -1.000000
124 146 -1.000000
145 146 -1.000000
146 146 4.000000
147 146 -1.000000
168 146 -1.000000
125 147 -1.000000
146 147 -1.000000
147 147 4.000000
148 147 -1.000000
169 147 -1.000000
126 148 -1.000000
147 148 -1.000000
148 148 4.000000
149 148 -1.000000
170 148 -1.000000
127 149 -1.000000
148 149 -1.000000
149 149 4.000000
150 149 -1.000000
171 149 -1.000000
128 150 -1.000000
149 150 -1.000000
150 150 4.000000
151 150 -1.000000
172 150 -1.000000
129 151 -1.000000
150 151 -1.000000
151 151 4.000000
152 151 -1.000000
173 151 -1.000000
130 152 -1.000000
151 152 -1.000000
152 152 4.000000
153 152 -1.000000
174 152 -1.000000
131 153 -1.000000
152 153 -1.000000
153 153 4.000000
154 153 -1.000000
175 153 -1.000000
132 154 -1.000000
153 154 -1.000000
154 154 4.000000
176 154 -1.000000
133 155 -1.000000
155 155 4.000000
156 155 -1.000000
177 155 -1.000000
134 156 -1.000000
155 156 -1.000000
156 156 4.000000
157 156 -1.000000
178 156 -1.000000
135 157 -1.000000
156 157 -1.000000
157 157 4.000000
158 157 -1.000000
179 157 -1.000000
136 158 -1.000000
157 158 -1.000000
158 158 4.000000
159 158 -1.000000
180 158 -1.000000
137 159 -1.000000
158 159 -1.000000
159 159 4.000000
160 159 -1.000000
181 159 -1.000000
138 160 -1.000000
159 160 -1.000000
160 160 4.000000
161 160 -1.000000
182 160 -1.000000
139 161 -1.000000
160 161 -1.000000
161 161 4.000000
162 161 -1.000000
183 161 -1.000000
140 162 -1.000000
161 162 -1.000000
162 162 4.000000
163 162 -1.000000
184 162 -1.000000
141 163 -1.000000
162 163 -1.000000
163 163 4.000000
164 163 -1.000000
185 163 -1.000000
142 164 -1.000000
163 164 -1.000000
164 164 4.000000
165 164 -1.000000
186 164 -1.000000
143 165 -1.000000
164 165 -1.000000
165 165 4.000000
166 165 -1.000000
187 165 -1.000000
144 166 -1.000000
165 166 -1.000000
166 166 4.000000
167 166 -1.000000
188 166 -1.000000
145 167 -1.000000
166 167 -1.000000
167 167 4.000000
168 167 -1.000000
189 167 -1.000000
146 168 -1.000000
167 168 -1.000000
168 168 4.000000
169 168 -1.000000
190 168 -1.000000
147 169 -1.000000
168 169 -1.000000
169 169 4.000000
170 169 -1.000000
191 169 -1.000000
148 170 -1.000000
169 170 -1.000000
170 170 4.000000
171 170 -1.000000
192 170 -1.000000
149 171 -1.000000
170 171 -1.000000
171 171 4.000000
172 171 -1.000000
193 171 -1.000000
150 172 -1.000000
171 172 -1.000000
172 172 4.000000
173 172 -1.000000
194 172 -1.000000
151 173 -1.000000
172 173 -1.000000
173 173 4.000000
174 173 -1.000000
195 173 -1.000000
152 174 -1.000000
173 174 -1.000000
174 174 4.000000
175 174 -1.000000
196 174 -1.000000
153 175 -1.000000
174 175 -1.000000
175 175 4.000000
176 175 -1.000000
197 175 -1.000000
154 176 -1.000000
175 176 -1.000000
176 176 4.000000
198 176 -1.000000
155 177 -1.000000
177 177 4.000000
178 177 -1.000000
199 177 -1.000000
156 178 -1.000000
177 178 -1.000000
178 178 4.000000
179 178 -1.000000
200 178 -1.000000
157 179 -1.000000
178 179 -1.000000
179 179 4.000000
180 179 -1.000000
201 179 -1.000000
158 180 -1.000000
179 180 -1.000000
180 180 4.000000
181 180 -1.000000
202 180 -1.000000
159 181 -1.000000
180 181 -1.000000
181 181 4.000000
182 181 -1.000000
203 181 -1.000000
160 182 -1.000000
181 182 -1.000000
182 182 4.000000
183 182 -1.000000
204 182 -1.000000
161 183 -1.000000
182 183 -1.000000
183 183 4.000000
184 183 -1.000000
205 183 -1.000000
162 184 -1.000000
183 184 -1.000000
184 184 4.000000
185 184 -1.000000
206 184 -1.000000
163 185 -1.000000
184 185 -1.000000
185 185 4.000000
186 185 -1.000000
207 185 -1.000000
164 186 -1.000000
185 186 -1.000000
186 186 4.000000
187 186 -1.000000
208 186 -1.000000
165 187 -1.000000
186 187 -1.000000
187 187 4.000000
188 187 -1.000000
209 187 -1.000000
166 188 -1.000000
187 188 -1.000000
188 188 4.000000
189 188 -1.000000
210 188 -1.000000
167 189 -1.000000
188 189 -1.000000
189 189 4.000000
190 189 -1.000000
211 189 -1.000000
168 190 -1.000000
189 190 -1.000000
190 190 4.000000
191 190 -1.000000
212 190 -1.000000
169 191 -1.000000
190 191 -1.000000
191 191 4.000000
192 191 -1.000000
213 191 -1.000000
170 192 -1.000000
191 192 -1.000000
192 192 4.000000
193 192 -1.000000
214 192 -1.000000
171 193 -1.000000
192 193 -1.000000
193 193 4.000000
194 193 -1.000000
215 193 -1.000000
172 194 -1.000000
193 194 -1.000000
194 194 4.000000
195 194 -1.000000
216 194 -1.000000
173 195 -1.000000
194 195 -1.000000
195 195 4.000000
196 195 -1.000000
217 195 -1.000000
174 196 -1.000000
195 196 -1.000000
196 196 4.000000
197 196 -1.000000
218 196 -1.000000
175 197 -1.000000
196 197 -1.000000
197 197 4.000000
198 197 -1.000000
219 197 -1.000000
176 198 -1.000000
197 198 -1.000000
198 198 4.000000
220 198 -1.000000
177 199 -1.000000
199 199 4.000000
200 199 -1.000000
221 199 -1.000000
178 200 -1.000000
199 200 -1.000000
200 200 4.000000
201 200 -1.000000
222 200 -1.000000
179 201 -1.000000
200 201 -1.000000
201 201 4.000000
202 201 -1.000000
223 201 -1.000000
180 202 -1.000000
201 202 -1.000000
202 202 4.000000
203 202 -1.000000
224 202 -1.000000
181 203 -1.000000
202 203 -1.000000
203 203 4.000000
204 203 -1.000000
225 203 -1.000000
182 204 -1.000000
203 204 -1.000000
204 204 4.000000
205 204 -1.000000
226 204 -1.000000
183 205 -1.000000
204 205 -1.000000
205 205 4.000000
206 205 -1.000000
227 205 -1.000000
184 206 -1.000000
205 206 -1.000000
206 206 4.000000
207 206 -1.000000
228 206 -1.000000
185 207 -1.000000
206 207 -1.000000
207 207 4.000000
208 207 -1.000000
229 207 -1.000000
186 208 -1.000000
207 208 -1.000000
208 208 4.000000
209 208 -1.000000
230 208 -1.000000
187 209 -1.000000
208 209 -1.000000
209 209 4.000000
210 209 -1.000000
231 209 -1.000000
188 210 -1.000000
209 210 -1.000000
210 210 4.000000
211 210 -1.000000
232 210 -1.000000
189 211 -1.000000
210 211 -1.000000
211 211 4.000000
212 211 -1.000000
233 211 -1.000000
190 212 -1.000000
211 212 -1.000000
212 212 4.000000
213 212 -1.000000
234 212 -1.000000
191 213 -1.000000
212 213 -1.000000
213 213 4.000000
214 213 -1.000000
235 213 -1.000000
192 214 -1.000000
213 214 -1.000000
214 214 4.000000
215 214 -1.000000
236 214 -1.000000
193 215 -1.000000
214 215 -1.000000
215 215 4.000000
216 215 -1.000000
237 215 -1.000000
194 216 -1.000000
215 216 -1.000000
216 216 4.000000
217 216 -1.000000
238 216 -1.000000
195 217 -1.000000
216 217 -1.000000
217 217 4.000000
218 217 -1.000000
239 217 -1.000000
196 218 -1.000000
217 218 -1.000000
218 218 4.000000
219 218 -1.000000
240 218 -1.000000
197 219 -1.000000
218 219 -1.000000
219 219 4.000000
220 219 -1.000000
241 219 -1.000000
198 220 -1.000000
219 220 -1.000000
220 220 4.000000
242 220 -1.000000
199 221 -1.000000
221 221 4.000000
222 221 -1.000000
243 221 -1.000000
200 222 -1.000000
221 222 -1.000000
222 222 4.000000
223 222 -1.000000
244 222 -1.000000
201 223 -1.000000
222 223 -1.000000
223 223 4.000000
224 223 -1.000000
245 223 -1.000000
202 224 -1.000000
223 224 -1.000000
224 224 4.000000
225 224 -1.000000
246 224 -1.000000
203 225 -1.000000
224 225 -1.000000
225 225 4.000000
226 225 -1.000000
247 225 -1.000000
204 226 -1.000000
225 226 -1.000000
226 226 4.000000
227 226 -1.000000
248 226 -1.000000
205 227 -1.000000
226 227 -1.000000
227 227 4.000000
228 227 -1.000000
249 227 -1.000000
206 228 -1.000000
227 228 -1.000000
228 228 4.000000
229 228 -1.000000
250 228 -1.000000
207 229 -1.000000
228 229 -1.000000
229 229 4.000000
230 229 -1.000000
251 229 -1.000000
208 230 -1.000000
229 230 -1.000000
230 230 4.000000
231 230 -1.000000
252 230 -1.000000
209 231 -1.000000
230 231 -1.000000
231 231 4.000000
232 231 -1.000000
253 231 -1.000000
210 232 -1.000000
231 232 -1.000000
232 232 4.000000
233 232 -1.000000
254 232 -1.000000
211 233 -1.000000
232 233 -1.000000
233 233 4.000000
234 233 -1.000000
255 233 -1.000000
212 234 -1.000000
233 234 -1.000000
234 234 4.000000
235 234 -1.000000
256 234 -1.000000
213 235 -1.000000
234 235 -1.000000
235 235 4.000000
236 235 -1.000000
257 235 -1.000000
214 236 -1.000000
235 236 -1.000000
236 236 4.000000
237 236 -1.000000
258 236 -1.000000
215 237 -1.000000
236 237 -1.000000
237 237 4.000000
238 237 -1.000000
259 237 -1.000000
216 238 -1.000000
237 238 -1.000000
238 238 4.000000
239 238 -1.000000
260 238 -1.000000
217 239 -1.000000
238 239 -1.000000
239 239 4.000000
240 239 -1.000000
261 239 -1.000000
218 240 -1.000000
239 240 -1.000000
240 240 4.000000
241 240 -1.000000
262 240 -1.000000
219 241 -1.000000
240 241 -1.000000
241 241 4.000000
242 241 -1.000000
263 241 -1.000000
220 242 -1.000000
241 242 -1.000000
242 242 4.000000
264 242 -1.000000
221 243 -1.000000
243 243 4.000000
244 243 -1.000000
265 243 -1.000000
222 244 -1.000000
243 244 -1.000000
244 244 4.000000
245 244 -1.000000
266 244 -1.000000
223 245 -1.000000
244 245 -1.000000
245 245 4.000000
246 245 -1.000000
267 245 -1.000000
224 246 -1.000000
245 246 -1.000000
246 246 4.000000
247 246 -1.000000
268 246 -1.000000
225 247 -1.000000
246 247 -1.000000
247 247 4.000000
248 247 -1.000000
269 247 -1.000000
226 248 -1.000000
247 248 -1.000000
248 248 4.000000
249 248 -1.000000
270 248 -1.000000
227 249 -1.000000
248 249 -1.000000
249 249 4.000000
250 249 -1.000000
271 249 -1.000000
228 250 -1.000000
249 250 -1.000000
250 250 4.000000
251 250 -1.000000
272 250 -1.000000
229 251 -1.000000
250 251 -1.000000
251 251 4.000000
252 251 -1.000000
273 251 -1.000000
230 252 -1.000000
251 252 -1.000000
252 252 4.000000
253 252 -1.000000
274 252 -1.000000
231 253 -1.000000
252 253 -1.000000
253 253 4.000000
254 253 -1.000000
275 253 -1.000000
232 254 -1.000000
253 254 -1.000000
254 254 4.000000
255 254 -1.000000
276 254 -1.000000
233 255 -1.000000
254 255 -1.000000
255 255 4.000000
256 255 -1.000000
277 255 -1.000000
234 256 -1.000000
255 256 -1.000000
256 256 4.000000
257 256 -1.000000
278 256 -1.000000
235 257 -1.000000
256 257 -1.000000
257 257 4.000000
258 257 -1.000000
279 257 -1.000000
236 258 -1.000000
257 258 -1.000000
258 258 4.000000
259 258 -1.000000
280 258 -1.000000
237 259 -1.000000
258 259 -1.000000
259 259 4.000000
260 259 -1.000000
281 259 -1.000000
238 260 -1.000000
259 260 -1.000000
260 260 4.000000
261 260 -1.000000
282 260 -1.000000
239 261 -1.000000
260 261 -1.000000
261 261 4.000000
262 261 -1.000000
283 261 -1.000000
240 262 -1.000000
261 262 -1.000000
262 262 4.000000
263 262 -1.000000
284 262 -1.000000
241 263 -1.000000
262 263 -1.000000
263 263 4.000000
264 263 -1.000000
285 263 -1.000000
242 264 -1.000000
263 264 -1.000000
264 264 4.000000
286 264 -1.000000
243 265 -1.000000
265 265 4.000000
266 265 -1.000000
287 265 -1.000000
244 266 -1.000000
265 266 -1.000000
266 266 4.000000
267 266 -1.000000
288 266 -1.000000
245 267 -1.000000
266 267 -1.000000
267 267 4.000000
268 267 -1.000000
289 267 -1.000000
246 268 -1.000000
267 268 -1.000000
268 268 4.000000
269 268 -1.000000
290 268 -1.000000
247 269 -1.000000
268 269 -1.000000
269 269 4.000000
270 269 -1.000000
291 269 -1.000000
248 270 -1.000000
269 270 -1.000000
270 270 4.000000
271 270 -1.000000
292 270 -1.000000
249 271 -1.000000
270 271 -1.000000
271 271 4.000000
272 271 -1.000000
293 271 -1.000000
250 272 -1.000000
271 272 -1.000000
272 272 4.000000
273 272 -1.000000
294 272 -1.000000
251 273 -1.000000
272 273 -1.000000
273 273 4.000000
274 273 -1.000000
295 273 -1.000000
252 274 -1.000000
273 274 -1.000000
274 274 4.000000
275 274 -1.000000
296 274 -1.000000
253 275 -1.000000
274 275 -1.000000
275 275 4.000000
276 275 -1.000000
297 275 -1.000000
254 276 -1.000000
275 276 -1.000000
276 276 4.000000
277 276 -1.000000
298 276 -1.000000
255 277 -1.000000
276 277 -1.000000
277 277 4.000000
278 277 -1.000000
299 277 -1.000000
256 278 -1.000000
277 278 -1.000000
278 278 4.000000
279 278 -1.000000
300 278 -1.000000
257 279 -1.000000
278 279 -1.000000
279 279 4.000000
280 279 -1.000000
301 279 -1.000000
258 280 -1.000000
279 280 -1.000000
280 280 4.000000
281 280 -1.000000
302 280 -1.000000
259 281 -1.000000
280 281 -1.000000
281 281 4.000000
282 281 -1.000000
303 281 -1.000000
260 282 -1.000000
281 282 -1.000000
282 282 4.000000
283 282 -1.000000
304 282 -1.000000
261 283 -1.000000
282 283 -1.000000
283 283 4.000000
284 283 -1.000000
305 283 -1.000000
262 284 -1.000000
283 284 -1.000000
284 284 4.000000
285 284 -1.000000
306 284 -1.000000
263 285 -1.000000
284 285 -1.000000
285 285 4.000000
286 285 -1.000000
307 285 -1.000000
264 286 -1.000000
285 286 -1.000000
286 286 4.000000
308 286 -1.000000
265 287 -1.000000
287 287 4.000000
288 287 -1.000000
309 287 -1.000000
266 288 -1.000000
287 288 -1.000000
288 288 4.000000
289 288 -1.000000
310 288 -1.000000
267 289 -1.000000
288 289 -1.000000
289 289 4.000000
290 289 -1.000000
311 289 -1.000000
268 290 -1.000000
289 290 -1.000000
290 290 4.000000
291 290 -1.000000
312 290 -1.000000
269 291 -1.000000
290 291 -1.000000
291 291 4.000000
292 291 -1.000000
313 291 -1.000000
270 292 -1.000000
291 292 -1.000000
292 292 4.000000
293 292 -1.000000
314 292 -1.000000
271 293 -1.000000
292 293 -1.000000
293 293 4.000000
294 293 -1.000000
315 293 -1.000000
272 294 -1.000000
293 294 -1.000000
294 294 4.000000
295 294 -1.000000
316 294 -1.000000
273 295 -1.000000
294 295 -1.000000
295 295 4.000000
296 295 -1.000000
317 295 -1.000000
274 296 -1.000000
295 296 -1.000000
296 296 4.000000
297 296 -1.000000
318 296 -1.000000
275 297 -1.000000
296 297 -1.000000
297 297 4.000000
298 297 -1.000000
319 297 -1.000000
276 298 -1.000000
297 298 -1.000000
298 298 4.000000
299 298 -1.000000
320 298 -1.000000
277 299 -1.000000
298 299 -1.000000
299 299 4.000000
300 299 -1.000000
321 299 -1.000000
278 300 -1.000000
299 300 -1.000000
300 300 4.000000
301 300 -1.000000
322 300 -1.000000
279 301 -1.000000
300 301 -1.000000
301 301 4.000000
302 301 -1.000000
323 301 -1.000000
280 302 -1.000000
301 302 -1.000000
302 302 4.000000
303 302 -1.000000
324 302 -1.000000
281 303 -1.000000
302 303 -1.000000
303 303 4.000000
304 303 -1.000000
325 303 -1.000000
282 304 -1.000000
303 304 -1.000000
304 304 4.000000
305 304 -1.000000
326 304 -1.000000
283 305 -1.000000
304 305 -1.000000
305 305 4.000000
306 305 -1.000000
327 305 -1.000000
284 306 -1.000000
305 306 -1.000000
306 306 4.000000
307 306 -1.000000
328 306 -1.000000
285 307 -1.000000
306 307 -1.000000
307 307 4.000000
308 307 -1.000000
329 307 -1.000000
286 308 -1.000000
307 308 -1.000000
308 308 4.000000
330 308 -1.000000
287 309 -1.000000
309 309 4.000000
310 309 -1.000000
331 309 -1.000000
288 310 -1.000000
309 310 -1.000000
310 310 4.000000
311 310 -1.000000
332 310 -1.000000
289 311 -1.000000
310 311 -1.000000
311 311 4.000000
312 311 -1.000000
333 311 -1.000000
290 312 -1.000000
311 312 -1.000000
312 312 4.000000
313 312 -1.000000
334 312 -1.000000
291 313 -1.000000
312 313 -1.000000
313 313 4.000000
314 313 -1.000000
335 313 -1.000000
292 314 -1.000000
313 314 -1.000000
314 314 4.000000
315 314 -1.000000
336 314 -1.000000
293 315 -1.000000
314 315 -1.000000
315 315 4.000000
316 315 -1.000000
337 315 -1.000000
294 316 -1.000000
315 316 -1.000000
316 316 4.000000
317 316 -1.000000
338 316 -1.000000
295 317 -1.000000
316 317 -1.000000
317 317 4.000000
318 317 -1.000000
339 317 -1.000000
296 318 -1.000000
317 318 -1.000000
318 318 4.000000
319 318 -1.000000
340 318 -1.000000
297 319 -1.000000
318 319 -1.000000
319 319 4.000000
320 319 -1.000000
341 319 -1.000000
298 320 -1.000000
319 320 -1.000000
320 320 4.000000
321 320 -1.000000
342 320 -1.000000
299 321 -1.000000
320 321 -1.000000
321 321 4.000000
322 321 -1.000000
343 321 -1.000000
300 322 -1.000000
321 322 -1.000000
322 322 4.000000
323 322 -1.000000
344 322 -1.000000
301 323 -1.000000
322 323 -1.000000
323 323 4.000000
324 323 -1.000000
345 323 -1.000000
302 324 -1.000000
323 324 -1.000000
324 324 4.000000
325 324 -1.000000
346 324 -1.000000
303 325 -1.000000
324 325 -1.000000
325 325 4.000000
326 325 -1.000000
347 325 -1.000000
304 326 -1.000000
325 326 -1.000000
326 326 4.000000
327 326 -1.000000
348 326 -1.000000
305 327 -1.000000
326 327 -1.000000
327 327 4.000000
328 327 -1.000000
349 327 -1.000000
306 328 -1.000000
327 328 -1.000000
328 328 4.000000
329 328 -1.000000
350 328 -1.000000
307 329 -1.000000
328 329 -1.000000
329 329 4.000000
330 329 -1.000000
351 329 -1.000000
308 330 -1.000000
329 330 -1.000000
330 330 4.000000
352 330 -1.000000
309 331 -1.000000
331 331 4.000000
332 331 -1.000000
353 331 -1.000000
310 332 -1.000000
331 332 -1.000000
332 332 4.000000
333 332 -1.000000
354 332 -1.000000
311 333 -1.000000
332 333 -1.000000
333 333 4.000000
334 333 -1.000000
355 333 -1.000000
312 334 -1.000000
333 334 -1.000000
334 334 4.000000
335 334 -1.000000
356 334 -1.000000
313 335 -1.000000
334 335 -1.000000
335 335 4.000000
336 335 -1.000000
357 335 -1.000000
314 336 -1.000000
335 336 -1.000000
336 336 4.000000
337 336 -1.000000
358 336 -1.000000
315 337 -1.000000
336 337 -1.000000
337 337 4.000000
338 337 -1.000000
359 337 -1.000000
316 338 -1.000000
337 338 -1.000000
338 338 4.000000
339 338 -1.000000
360 338 -1.000000
317 339 -1.000000
338 339 -1.000000
339 339 4.000000
340 339 -1.000000
361 339 -1.000000
318 340 -1.000000
339 340 -1.000000
340 340 4.000000
341 340 -1.000000
362 340 -1.000000
319 341 -1.000000
340 341 -1.000000
341 341 4.000000
342 341 -1.000000
363 341 -1.000000
320 342 -1.000000
341 342 -1.000000
342 342 4.000000
343 342 -1.000000
364 342 -1.000000
321 343 -1.000000
342 343 -1.000000
343 343 4.000000
344 343 -1.000000
365 343 -1.000000
322 344 -1.000000
343 344 -1.000000
344 344 4.000000
345 344 -1.000000
366 344 -1.000000
323 345 -1.000000
344 345 -1.000000
345 345 4.000000
346 345 -1.000000
367 345 -1.000000
324 346 -1.000000
345 346 -1.000000
346 346 4.000000
347 346 -1.000000
368 346 -1.000000
325 347 -1.000000
346 347 -1.000000
347 347 4.000000
348 347 -1.000000
369 347 -1.000000
326 348 -1.000000
347 348 -1.000000
348 348 4.000000
349 348 -1.000000
370 348 -1.000000
327 349 -1.000000
348 349 -1.000000
349 349 4.000000
350 349 -1.000000
371 349 -1.000000
328 350 -1.000000
349 350 -1.000000
350 350 4.000000
351 350 -1.000000
372 350 -1.000000
329 351 -1.000000
350 351 -1.000000
351 351 4.000000
352 351 -1.000000
373 351 -1.000000
330 352 -1.000000
351 352 -1.000000
352 352 4.000000
374 352 -1.000000
331 353 -1.000000
353 353 4.000000
354 353 -1.000000
375 353 -1.000000
332 354 -1.000000
353 354 -1.000000
354 354 4.000000
355 354 -1.000000
376 354 -1.000000
333 355 -1.000000
354 355 -1.000000
355 355 4.000000
356 355 -1.000000
377 355 -1.000000
334 356 -1.000000
355 356 -1.000000
356 356 4.000000
357 356 -1.000000
378 356 -1.000000
335 357 -1.000000
356 357 -1.000000
357 357 4.000000
358 357 -1.000000
379 357 -1.000000
336 358 -1.000000
357 358 -1.000000
358 358 4.000000
359 358 -1.000000
380 358 -1.000000
337 359 -1.000000
358 359 -1.000000
359 359 4.000000
360 359 -1.000000
381 359 -1.000000
338 360 -1.000000
359 360 -1.000000
360 360 4.000000
361 360 -1.000000
382 360 -1.000000
339 361 -1.000000
360 361 -1.000000
361 361 4.000000
362 361 -1.000000
383 361 -1.000000
340 362 -1.000000
361 362 -1.000000
362 362 4.000000
363 362 -1.000000
384 362 -1.000000
341 363 -1.000000
362 363 -1.000000
363 363 4.000000
364 363 -1.000000
385 363 -1.000000
342 364 -1.000000
363 364 -1.000000
364 364 4.000000
365 364 -1.000000
386 364 -1.000000
343 365 -1.000000
364 365 -1.000000
365 365 4.000000
366 365 -1.000000
387 365 -1.000000
344 366 -1.000000
365 366 -1.000000
366 366 4.000000
367 366 -1.000000
388 366 -1.000000
345 367 -1.000000
366 367 -1.000000
367 367 4.000000
368 367 -1.000000
389 367 -1.000000
346 368 -1.000000
367 368 -1.000000
368 368 4.000000
369 368 -1.000000
390 368 -1.000000
347 369 -1.000000
368 369 -1.000000
369 369 4.000000
370 369 -1.000000
391 369 -1.000000
348 370 -1.000000
369 370 -1.000000
370 370 4.000000
371 370 -1.000000
392 370 -1.000000
349 371 -1.000000
370 371 -1.000000
371 371 4.000000
372 371 -1.000000
393 371 -1.000000
350 372 -1.000000
371 372 -1.000000
372 372 4.000000
373 372 -1.000000
394 372 -1.000000
351 373 -1.000000
372 373 -1.000000
373 373 4.000000
374 373 -1.000000
395 373 -1.000000
352 374 -1.000000
373 374 -1.000000
374 374 4.000000
396 374 -1.000000
353 375 -1.000000
375 375 4.000000
376 375 -1.000000
397 375 -1.000000
354 376 -1.000000
375 376 -1.000000
376 376 4.000000
377 376 -1.000000
398 376 -1.000000
355 377 -1.000000
376 377 -1.000000
377 377 4.000000
378 377 -1.000000
399 377 -1.000000
356 378 -1.000000
377 378 -1.000000
378 378 4.000000
379 378 -1.000000
400 378 -1.000000
357 379 -1.000000
378 379 -1.000000
379 379 4.000000
380 379 -1.000000
401 379 -1.000000
358 380 -1.000000
379 380 -1.000000
380 380 4.000000
381 380 -1.000000
402 380 -1.000000
359 381 -1.000000
380 381 -1.000000
381 381 4.000000
382 381 -1.000000
403 381 -1.000000
360 382 -1.000000
381 382 -1.000000
382 382 4.000000
383 382 -1.000000
404 382 -1.000000
361 383 -1.000000
382 383 -1.000000
383 383 4.000000
384 383 -1.000000
405 383 -1.000000
362 384 -1.000000
383 384 -1.000000
384 384 4.000000
385 384 -1.000000
406 384 -1.000000
363 385 -1.000000
384 385 -1.000000
385 385 4.000000
386 385 -1.000000
407 385 -1.000000
364 386 -1.000000
385 386 -1.000000
386 386 4.000000
387 386 -1.000000
408 386 -1.000000
365 387 -1.000000
386 387 -1.000000
387 387 4.000000
388 387 -1.000000
409 387 -1.000000
366 388 -1.000000
387 388 -1.000000
388 388 4.000000
389 388 -1.000000
410 388 -1.000000
367 389 -1.000000
388 389 -1.000000
389 389 4.000000
390 389 -1.000000
411 389 -1.000000
368 390 -1.000000
389 390 -1.000000
390 390 4.000000
391 390 -1.000000
412 390 -1.000000
369 391 -1.000000
390 391 -1.000000
391 391 4.000000
392 391 -1.000000
413 391 -1.000000
370 392 -1.000000
391 392 -1.000000
392 392 4.000000
393 392 -1.000000
414 392 -1.000000
371 393 -1.000000
392 393 -1.000000
393 393 4.000000
394 393 -1.000000
415 393 -1.000000
372 394 -1.000000
393 394 -1.000000
394 394 4.000000
395 394 -1.000000
416 394 -1.000000
373 395 -1.000000
394 395 -1.000000
395 395 4.000000
396 395 -1.000000
417 395 -1.000000
374 396 -1.000000
395 396 -1.000000
396 396 4.000000
418 396 -1.000000
375 397 -1.000000
397 397 4.000000
398 397 -1.000000
419 397 -1.000000
376 398 -1.000000
397 398 -1.000000
398 398 4.000000
399 398 -1.000000
420 398 -1.000000
377 399 -1.000000
398 399 -1.000000
399 399 4.000000
400 399 -1.000000
421 399 -1.000000
378 400 -1.000000
399 400 -1.000000
400 400 4.000000
401 400 -1.000000
422 400 -1.000000
379 401 -1.000000
400 401 -1.000000
401 401 4.000000
402 401 -1.000000
423 401 -1.000000
380 402 -1.000000
401 402 -1.000000
402 402 4.000000
403 402 -1.000000
424 402 -1.000000
381 403 -1.000000
402 403 -1.000000
403 403 4.000000
404 403 -1.000000
425 403 -1.000000
382 404 -1.000000
403 404 -1.000000
404 404 4.000000
405 404 -1.000000
426 404 -1.000000
383 405 -1.000000
404 405 -1.000000
405 405 4.000000
406 405 -1.000000
427 405 -1.000000
384 406 -1.000000
405 406 -1.000000
406 406 4.000000
407 406 -1.000000
428 406 -1.000000
385 407 -1.000000
406 407 -1.000000
407 407 4.000000
408 407 -1.000000
429 407 -1.000000
386 408 -1.000000
407 408 -1.000000
408 408 4.000000
409 408 -1.000000
430 408 -1.000000
387 409 -1.000000
408 409 -1.000000
409 409 4.000000
410 409 -1.000000
431 409 -1.000000
388 410 -1.000000
409 410 -1.000000
410 410 4.000000
411 410 -1.000000
432 410 -1.000000
389 411 -1.000000
410 411 -1.000000
411 411 4.000000
412 411 -1.000000
433 411 -1.000000
390 412 -1.000000
411 412 -1.000000
412 412 4.000000
413 412 -1.000000
434 412 -1.000000
391 413 -1.000000
412 413 -1.000000
413 413 4.000000
414 413 -1.000000
435 413 -1.000000
392 414 -1.000000
413 414 -1.000000
414 414 4.000000
415 414 -1.000000
436 414 -1.000000
393 415 -1.000000
414 415 -1.000000
415 415 4.000000
416 415 -1.000000
437 415 -1.000000
394 416 -1.000000
415 416 -1.000000
416 416 4.000000
417 416 -1.000000
438 416 -1.000000
395 417 -1.000000
416 417 -1.000000
417 417 4.000000
418 417 -1.000000
439 417 -1.000000
396 418 -1.000000
417 418 -1.000000
418 418 4.000000
440 418 -1.000000
397 419 -1.000000
419 419 4.000000
420 419 -1.000000
441 419 -1.000000
398 420 -1.000000
419 420 -1.000000
420 420 4.000000
421 420 -1.000000
442 420 -1.000000
399 421 -1.000000
420 421 -1.000000
421 421 4.000000
422 421 -1.000000
443 421 -1.000000
400 422 -1.000000
421 422 -1.000000
422 422 4.000000
423 422 -1.000000
444 422 -1.000000
401 423 -1.000000
422 423 -1.000000
423 423 4.000000
424 423 -1.000000
445 423 -1.000000
402 424 -1.000000
423 424 -1.000000
424 424 4.000000
425 424 -1.000000
446 424 -1.000000
403 425 -1.000000
424 425 -1.000000
425 425 4.000000
426 425 -1.000000
447 425 -1.000000
404 426 -1.000000
425 426 -1.000000
426 426 4.000000
427 426 -1.000000
448 426 -1.000000
405 427 -1.000000
426 427 -1.000000
427 427 4.000000
428 427 -1.000000
449 427 -1.000000
406 428 -1.000000
427 428 -1.000000
428 428 4.000000
429 428 -1.000000
450 428 -1.000000
407 429 -1.000000
428 429 -1.000000
429 429 4.000000
430 429 -1.000000
451 429 -1.000000
408 430 -1.000000
429 430 -1.000000
430 430 4.000000
431 430 -1.000000
452 430 -1.000000
409 431 -1.000000
430 431 -1.000000
431 431 4.000000
432 431 -1.000000
453 431 -1.000000
410 432 -1.000000
431 432 -1.000000
432 432 4.000000
433 432 -1.000000
454 432 -1.000000
411 433 -1.000000
432 433 -1.000000
433 433 4.000000
434 433 -1.000000
455 433 -1.000000
412 434 -1.000000
433 434 -1.000000
434 434 4.000000
435 434 -1.000000
456 434 -1.000000
413 435 -1.000000
434 435 -1.000000
435 435 4.000000
436 435 -1.000000
457 435 -1.000000
414 436 -1.000000
435 436 -1.000000
436 436 4.000000
437 436 -1.000000
458 436 -1.000000
415 437 -1.000000
436 437 -1.000000
437 437 4.000000
438 437 -1.000000
459 437 -1.000000
416 438 -1.000000
437 438 -1.000000
438 438 4.000000
439 438 -1.000000
460 438 -1.000000
417 439 -1.000000
438 439 -1.000000
439 439 4.000000
440 439 -1.000000
461 439 -1.000000
418 440 -1.000000
439 440 -1.000000
440 440 4.000000
462 440 -1.000000
419 441 -1.000000
441 441 4.000000
442 441 -1.000000
463 441 -1.000000
420 442 -1.000000
441 442 -1.000000
442 442 4.000000
443 442 -1.000000
464 442 -1.000000
421 443 -1.000000
442 443 -1.000000
443 443 4.000000
444 443 -1.000000
465 443 -1.000000
422 444 -1.000000
443 444 -1.000000
444 444 4.000000
445 444 -1.000000
466 444 -1.000000
423 445 -1.000000
444 445 -1.000000
445 445 4.000000
446 445 -1.000000
467 445 -1.000000
424 446 -1.000000
445 446 -1.000000
446 446 4.000000
447 446 -1.000000
468 446 -1.000000
425 447 -1.000000
446 447 -1.000000
447 447 4.000000
448 447 -1.000000
469 447 -1.000000
426 448 -1.000000
447 448 -1.000000
448 448 4.000000
449 448 -1.000000
470 448 -1.000000
427 449 -1.000000
448 449 -1.000000
449 449 4.000000
450 449 -1.000000
471 449 -1.000000
428 450 -1.000000
449 450 -1.000000
450 450 4.000000
451 450 -1.000000
472 450 -1.000000
429 451 -1.000000
450 451 -1.000000
451 451 4.000000
452 451 -1.000000
473 451 -1.000000
430 452 -1.000000
451 452 -1.000000
452 452 4.000000
453 452 -1.000000
474 452 -1.000000
431 453 -1.000000
452 453 -1.000000
453 453 4.000000
454 453 -1.000000
475 453 -1.000000
432 454 -1.000000
453 454 -1.000000
454 454 4.000000
455 454 -1.000000
476 454 -1.000000
433 455 -1.000000
454 455 -1.000000
455 455 4.000000
456 455 -1.000000
477 455 -1.000000
434 456 -1.000000
455 456 -1.000000
456 456 4.000000
457 456 -1.000000
478 456 -1.000000
435 457 -1.000000
456 457 -1.000000
457 457 4.000000
458 457 -1.000000
479 457 -1.000000
436 458 -1.000000
457 458 -1.000000
458 458 4.000000
459 458 -1.000000
480 458 -1.000000
437 459 -1.000000
458 459 -1.000000
459 459 4.000000
460 459 -1.000000
481 459 -1.000000
438 460 -1.000000
459 460 -1.000000
460 460 4.000000
461 460 -1.000000
482 460 -1.000000
439 461 -1.000000
460 461 -1.000000
461 461 4.000000
462 461 -1.000000
483 461 -1.000000
440 462 -1.000000
461 462 -1.000000
462 462 4.000000
484 462 -1.000000
441 463 -1.000000
463 463 4.000000
464 463 -1.000000
442 464 -1.000000
463 464 -1.000000
464 464 4.000000
465 464 -1.000000
443 465 -1.000000
464 465 -1.000000
465 465 4.000000
466 465 -1.000000
444 466 -1.000000
465 466 -1.000000
466 466 4.000000
467 466 -1.000000
445 467 -1.000000
466 467 -1.000000
467 467 4.000000
468 467 -1.000000
446 468 -1.000000
467 468 -1.000000
468 468 4.000000
469 468 -1.000000
447 469 -1.000000
468 469 -1.000000
469 469 4.000000
470 469 -1.000000
448 470 -1.000000
469 470 -1.000000
470 470 4.000000
471 470 -1.000000
449 471 -1.000000
470 471 -1.000000
471 471 4.000000
472 471 -1.000000
450 472 -1.000000
471 472 -1.000000
472 472 4.000000
473 472 -1.000000
451 473 -1.000000
472 473 -1.000000
473 473 4.000000
474 473 -1.000000
452 474 -1.000000
473 474 -1.000000
474 474 4.000000
475 474 -1.000000
453 475 -1.000000
474 475 -1.000000
475 475 4.000000
476 475 -1.000000
454 476 -1.000000
475 476 -1.000000
476 476 4.000000
477 476 -1.000000
455 477 -1.000000
476 477 -1.000000
477 477 4.000000
478 477 -1.000000
456 478 -1.000000
477 478 -1.000000
478 478 4.000000
479 478 -1.000000
457 479 -1.000000
478 479 -1.000000
479 479 4.000000
480 479 -1.000000
458 480 -1.000000
479 480 -1.000000
480 480 4.000000
481 480 -1.000000
459 481 -1.000000
480 481 -1.000000
481 481 4.000000
482 481 -1.000000
460 482 -1.000000
481 482 -1.000000
482 482 4.000000
483 482 -1.000000
461 483 -1.000000
482 483 -1.000000
483 483 4.000000
484 483 -1.000000
462 484 -1.000000
483 484 -1.000000
484 484 4.000000
