1 1 4.000000
2 1 -1.000000
24 1 -1.000000
1 2 -1.000000
2 2 4.000000
3 2 -1.000000
25 2 -1.000000
2 3 -1.000000
3 3 4.000000
4 3 -1.000000
26 3 -1.000000
3 4 -1.000000
4 4 4.000000
5 4 -1.000000
27 4 -1.000000
4 5 -1.000000
5 5 4.000000
6 5 -1.000000
28 5 -1.000000
5 6 -1.000000
6 6 4.000000
7 6 -1.000000
29 6 -1.000000
6 7 -1.000000
7 7 4.000000
8 7 -1.000000
30 7 -1.000000
7 8 -1.000000
8 8 4.000000
9 8 -1.000000
31 8 -1.000000
8 9 -1.000000
9 9 4.000000
10 9 -1.000000
32 9 -1.000000
9 10 -1.000000
10 10 4.000000
11 10 -1.000000
33 10 -1.000000
10 11 -1.000000
11 11 4.000000
12 11 -1.000000
34 11 -1.000000
11 12 -1.000000
12 12 4.000000
13 12 -1.000000
35 12 -1.000000
12 13 -1.000000
13 13 4.000000
14 13 -1.000000
36 13 -1.000000
13 14 -1.000000
14 14 4.000000
15 14 -1.000000
37 14 -1.000000
14 15 -1.000000
15 15 4.000000
16 15 -1.000000
38 15 -1.000000
15 16 -1.000000
16 16 4.000000
17 16 -1.000000
39 16 -1.000000
16 17 -1.000000
17 17 4.000000
18 17 -1.000000
40 17 -1.000000
17 18 -1.000000
18 18 4.000000
19 18 -1.000000
41 18 -1.000000
18 19 -1.000000
19 19 4.000000
20 19 -1.000000
42 19 -1.000000
19 20 -1.000000
20 20 4.000000
21 20 -1.000000
43 20 -1.000000
20 21 -1.000000
21 21 4.000000
22 21 -1.000000
44 21 -1.000000
21 22 -1.000000
22 22 4.000000
23 22 -1.000000
45 22 -1.000000
22 23 -1.000000
23 23 4.000000
46 23 -1.000000
1 24 -1.000000
24 24 4.000000
25 24 -1.000000
47 24 -1.000000
2 25 -1.000000
24 25 -1.000000
25 25 4.000000
26 25 -1.000000
48 25 -1.000000
3 26 -1.000000
25 26 -1.000000
26 26 4.000000
27 26 -1.000000
49 26 -1.000000
4 27 -1.000000
26 27 -1.000000
27 27 4.000000
28 27 -1.000000
50 27 -1.000000
5 28 -1.000000
27 28 -1.000000
28 28 4.000000
29 28 -1.000000
51 28 -1.000000
6 29 -1.000000
28 29 -1.000000
29 29 4.000000
30 29 -1.000000
52 29 -1.000000
7 30 -1.000000
29 30 -1.000000
30 30 4.000000
31 30 -1.000000
53 30 -1.000000
8 31 -1.000000
30 31 -1.000000
31 31 4.000000
32 31 -1.000000
54 31 -1.000000
9 32 -1.000000
31 32 -1.000000
32 32 4.000000
33 32 -1.000000
55 32 -1.000000
10 33 -1.000000
32 33 -1.000000
33 33 4.000000
34 33 -1.000000
56 33 -1.000000
11 34 -1.000000
33 34 -1.000000
34 34 4.000000
35 34 -1.000000
57 34 -1.000000
12 35 -1.000000
34 35 -1.000000
35 35 4.000000
36 35 -1.000000
58 35 -1.000000
13 36 -1.000000
35 36 -1.000000
36 36 4.000000
37 36 -1.000000
59 36 -1.000000
14 37 -1.000000
36 37 -1.000000
37 37 4.000000
38 37 -1.000000
60 37 -1.000000
15 38 -1.000000
37 38 -1.000000
38 38 4.000000
39 38 -1.000000
61 38 -1.000000
16 39 -1.000000
38 39 -1.000000
39 39 4.000000
40 39 -1.000000
62 39 -1.000000
17 40 -1.000000
39 40 -1.000000
40 40 4.000000
41 40 -1.000000
63 40 -1.000000
18 41 -1.000000
40 41 -1.000000
41 41 4.000000
42 41 -1.000000
64 41 -1.000000
19 42 -1.000000
41 42 -1.000000
42 42 4.000000
43 42 -1.000000
65 42 -1.000000
20 43 -1.000000
42 43 -1.000000
43 43 4.000000
44 43 -1.000000
66 43 -1.000000
21 44 -1.000000
43 44 -1.000000
44 44 4.000000
45 44 -1.000000
67 44 -1.000000
22 45 -1.000000
44 45 -1.000000
45 45 4.000000
46 45 -1.000000
68 45 -1.000000
23 46 -1.000000
45 46 -1.000000
46 46 4.000000
69 46 -1.000000
24 47 -1.000000
47 47 4.000000
48 47 -1.000000
70 47 -1.000000
25 48 -1.000000
47 48 -1.000000
48 48 4.000000
49 48 -1.000000
71 48 -1.000000
26 49 -1.000000
48 49 -1.000000
49 49 4.000000
50 49 -1.000000
72 49 -1.000000
27 50 -1.000000
49 50 -1.000000
50 50 4.000000
51 50 -1.000000
73 50 -1.000000
28 51 -1.000000
50 51 -1.000000
51 51 4.000000
52 51 -1.000000
74 51 -1.000000
29 52 -1.000000
51 52 -1.000000
52 52 4.000000
53 52 -1.000000
75 52 -1.000000
30 53 -1.000000
52 53 -1.000000
53 53 4.000000
54 53 -1.000000
76 53 -1.000000
31 54 -1.000000
53 54 -1.000000
54 54 4.000000
55 54 -1.000000
77 54 -1.000000
32 55 -1.000000
54 55 -1.000000
55 55 4.000000
56 55 -1.000000
78 55 -1.000000
33 56 -1.000000
55 56 -1.000000
56 56 4.000000
57 56 -1.000000
79 56 -1.000000
34 57 -1.000000
56 57 -1.000000
57 57 4.000000
58 57 -1.000000
80 57 -1.000000
35 58 -1.000000
57 58 -1.000000
58 58 4.000000
59 58 -1.000000
81 58 -1.000000
36 59 -1.000000
58 59 -1.000000
59 59 4.000000
60 59 -1.000000
82 59 -1.000000
37 60 -1.000000
59 60 -1.000000
60 60 4.000000
61 60 -1.000000
83 60 -1.000000
38 61 -1.000000
60 61 -1.000000
61 61 4.000000
62 61 -1.000000
84 61 -1.000000
39 62 -1.000000
61 62 -1.000000
62 62 4.000000
63 62 -1.000000
85 62 -1.000000
40 63 -1.000000
62 63 -1.000000
63 63 4.000000
64 63 -1.000000
86 63 -1.000000
41 64 -1.000000
63 64 -1.000000
64 64 4.000000
65 64 -1.000000
87 64 -1.000000
42 65 -1.000000
64 65 -1.000000
65 65 4.000000
66 65 -1.000000
88 65 -1.000000
43 66 -1.000000
65 66 -1.000000
66 66 4.000000
67 66 -1.000000
89 66 -1.000000
44 67 -1.000000
66 67 -1.000000
67 67 4.000000
68 67 -1.000000
90 67 -1.000000
45 68 -1.000000
67 68 -1.000000
68 68 4.000000
69 68 -1.000000
91 68 -1.000000
46 69 -1.000000
68 69 -1.000000
69 69 4.000000
92 69 -1.000000
47 70 -1.000000
70 70 4.000000
71 70 -1.000000
93 70 -1.000000
48 71 -1.000000
70 71 -1.000000
71 71 4.000000
72 71 -1.000000
94 71 -1.000000
49 72 -1.000000
71 72 -1.000000
72 72 4.000000
73 72 -1.000000
95 72 -1.000000
50 73 -1.000000
72 73 -1.000000
73 73 4.000000
74 73 -1.000000
96 73 -1.000000
51 74 -1.000000
73 74 -1.000000
74 74 4.000000
75 74 -1.000000
97 74 -1.000000
52 75 -1.000000
74 75 -1.000000
75 75 4.000000
76 75 -1.000000
98 75 -1.000000
53 76 -1.000000
75 76 -1.000000
76 76 4.000000
77 76 -1.000000
99 76 -1.000000
54 77 -1.000000
76 77 -1.000000
77 77 4.000000
78 77 -1.000000
100 77 -1.000000
55 78 -1.000000
77 78 -1.000000
78 78 4.000000
79 78 -1.000000
101 78 -1.000000
56 79 -1.000000
78 79 -1.000000
79 79 4.000000
80 79 -1.000000
102 79 -1.000000
57 80 -1.000000
79 80 -1.000000
80 80 4.000000
81 80 -1.000000
103 80 -1.000000
58 81 -1.000000
80 81 -1.000000
81 81 4.000000
82 81 -1.000000
104 81 -1.000000
59 82 -1.000000
81 82 -1.000000
82 82 4.000000
83 82 -1.000000
105 82 -1.000000
60 83 -1.000000
82 83 -1.000000
83 83 4.000000
84 83 -1.000000
106 83 -1.000000
61 84 -1.000000
83 84 -1.000000
84 84 4.000000
85 84 -1.000000
107 84 -1.000000
62 85 -1.000000
84 85 -1.000000
85 85 4.000000
86 85 -1.000000
108 85 -1.000000
63 86 -1.000000
85 86 -1.000000
86 86 4.000000
87 86 -1.000000
109 86 -1.000000
64 87 -1.000000
86 87 -1.000000
87 87 4.000000
88 87 -1.000000
110 87 -1.000000
65 88 -1.000000
87 88 -1.000000
88 88 4.000000
89 88 -1.000000
111 88 -1.000000
66 89 -1.000000
88 89 -1.000000
89 89 4.000000
90 89 -1.000000
112 89 -1.000000
67 90 -1.000000
89 90 -1.000000
90 90 4.000000
91 90 -1.000000
113 90 -1.000000
68 91 -1.000000
90 91 -1.000000
91 91 4.000000
92 91 -1.000000
114 91 -1.000000
69 92 -1.000000
91 92 -1.000000
92 92 4.000000
115 92 -1.000000
70 93 -1.000000
93 93 4.000000
94 93 -1.000000
116 93 -1.000000
71 94 -1.000000
93 94 -1.000000
94 94 4.000000
95 94 -1.000000
117 94 -1.000000
72 95 -1.000000
94 95 -1.000000
95 95 4.000000
96 95 -1.000000
118 95 -1.000000
73 96 -1.000000
95 96 -1.000000
96 96 4.000000
97 96 -1.000000
119 96 -1.000000
74 97 -1.000000
96 97 -1.000000
97 97 4.000000
98 97 -1.000000
120 97 -1.000000
75 98 -1.000000
97 98 -1.000000
98 98 4.000000
99 98 -1.000000
121 98 -1.000000
76 99 -1.000000
98 99 -1.000000
99 99 4.000000
100 99 -1.000000
122 99 -1.000000
77 100 -1.000000
99 100 -1.000000
100 100 4.000000
101 100 -1.000000
123 100 -1.000000
78 101 -1.000000
100 101 -1.000000
101 101 4.000000
102 101 -1.000000
124 101 -1.000000
79 102 -1.000000
101 102 -1.000000
102 102 4.000000
103 102 -1.000000
125 102 -1.000000
80 103 -1.000000
102 103 -1.000000
103 103 4.000000
104 103 -1.000000
126 103 -1.000000
81 104 -1.000000
103 104 -1.000000
104 104 4.000000
105 104 -1.000000
127 104 -1.000000
82 105 -1.000000
104 105 -1.000000
105 105 4.000000
106 105 -1.000000
128 105 -1.000000
83 106 -1.000000
105 106 -1.000000
106 106 4.000000
107 106 -1.000000
129 106 -1.000000
84 107 -1.000000
106 107 -1.000000
107 107 4.000000
108 107 -1.000000
130 107 -1.000000
85 108 -1.000000
107 108 -1.000000
108 108 4.000000
109 108 -1.000000
131 108 -1.000000
86 109 -1.000000
108 109 -1.000000
109 109 4.000000
110 109 -1.000000
132 109 -1.000000
87 110 -1.000000
109 110 -1.000000
110 110 4.000000
111 110 -1.000000
133 110 -1.000000
88 111 -1.000000
110 111 -1.000000
111 111 4.000000
112 111 -1.000000
134 111 -1.000000
89 112 -1.000000
111 112 -1.000000
112 112 4.000000
113 112 -1.000000
135 112 -1.000000
90 113 -1.000000
112 113 -1.000000
113 113 4.000000
114 113 -1.000000
136 113 -1.000000
91 114 -1.000000
113 114 -1.000000
114 114 4.000000
115 114 -1.000000
137 114 -1.000000
92 115 -1.000000
114 115 -1.000000
115 115 4.000000
138 115 -1.000000
93 116 -1.000000
116 116 4.000000
117 116 -1.000000
139 116 -1.000000
94 117 -1.000000
116 117 -1.000000
117 117 4.000000
118 117 -1.000000
140 117 -1.000000
95 118 -1.000000
117 118 -1.000000
118 118 4.000000
119 118 -1.000000
141 118 -1.000000
96 119 -1.000000
118 119 -1.000000
119 119 4.000000
120 119 -1.000000
142 119 -1.000000
97 120 -1.000000
119 120 -1.000000
120 120 4.000000
121 120 -1.000000
143 120 -1.000000
98 121 -1.000000
120 121 -1.000000
121 121 4.000000
122 121 -1.000000
144 121 -1.000000
99 122 -1.000000
121 122 -1.000000
122 122 4.000000
123 122 -1.000000
145 122 -1.000000
100 123 -1.000000
122 123 -1.000000
123 123 4.000000
124 123 -1.000000
146 123 -1.000000
101 124 -1.000000
123 124 -1.000000
124 124 4.000000
125 124 -1.000000
147 124 -1.000000
102 125 -1.000000
124 125 -1.000000
125 125 4.000000
126 125 -1.000000
148 125 -1.000000
103 126 -1.000000
125 126 -1.000000
126 126 4.000000
127 126 -1.000000
149 126 -1.000000
104 127 -1.000000
126 127 -1.000000
127 127 4.000000
128 127 -1.000000
150 127 -1.000000
105 128 -1.000000
127 128 -1.000000
128 128 4.000000
129 128 -1.000000
151 128 -1.000000
106 129 -1.000000
128 129 -1.000000
129 129 4.000000
130 129 -1.000000
152 129 -1.000000
107 130 -1.000000
129 130 -1.000000
130 130 4.000000
131 130 -1.000000
153 130 -1.000000
108 131 -1.000000
130 131 -1.000000
131 131 4.000000
132 131 -1.000000
154 131 -1.000000
109 132 -1.000000
131 132 -1.000000
132 132 4.000000
133 132 -1.000000
155 132 -1.000000
110 133 -1.000000
132 133 -1.000000
133 133 4.000000
134 133 -1.000000
156 133 -1.000000
111 134 -1.000000
133 134 -1.000000
134 134 4.000000
135 134 -1.000000
157 134 -1.000000
112 135 -1.000000
134 135 -1.000000
135 135 4.000000
136 135 -1.000000
158 135 -1.000000
113 136 -1.000000
135 136 -1.000000
136 136 4.000000
137 136 -1.000000
159 136 -1.000000
114 137 -1.000000
136 137 -1.000000
137 137 4.000000
138 137 -1.000000
160 137 -1.000000
115 138 -1.000000
137 138 -1.000000
138 138 4.000000
161 138 -1.000000
116 139 -1.000000
139 139 4.000000
140 139 -1.000000
162 139 -1.000000
117 140 -1.000000
139 140 -1.000000
140 140 4.000000
141 140 -1.000000
163 140 -1.000000
118 141 -1.000000
140 141 -1.000000
141 141 4.000000
142 141 -1.000000
164 141 -1.000000
119 142 -1.000000
141 142 -1.000000
142 142 4.000000
143 142 -1.000000
165 142 -1.000000
120 143 -1.000000
142 143 -1.000000
143 143 4.000000
144 143 -1.000000
166 143 -1.000000
121 144 -1.000000
143 144 -1.000000
144 144 4.000000
145 144 -1.000000
167 144 -1.000000
122 145 -1.000000
144 145 -1.000000
145 145 4.000000
146 145 -1.000000
168 145 -1.000000
123 146 -1.000000
145 146 -1.000000
146 146 4.000000
147 146 -1.000000
169 146 -1.000000
124 147 -1.000000
146 147 -1.000000
147 147 4.000000
148 147 -1.000000
170 147 -1.000000
125 148 -1.000000
147 148 -1.000000
148 148 4.000000
149 148 -1.000000
171 148 -1.000000
126 149 -1.000000
148 149 -1.000000
149 149 4.000000
150 149 -1.000000
172 149 -1.000000
127 150 -1.000000
149 150 -1.000000
150 150 4.000000
151 150 -1.000000
173 150 -1.000000
128 151 -1.000000
150 151 -1.000000
151 151 4.000000
152 151 -1.000000
174 151 -1.000000
129 152 -1.000000
151 152 -1.000000
152 152 4.000000
153 152 -1.000000
175 152 -1.000000
130 153 -1.000000
152 153 -1.000000
153 153 4.000000
154 153 -1.000000
176 153 -1.000000
131 154 -1.000000
153 154 -1.000000
154 154 4.000000
155 154 -1.000000
177 154 -1.000000
132 155 -1.000000
154 155 -1.000000
155 155 4.000000
156 155 -1.000000
178 155 -1.000000
133 156 -1.000000
155 156 -1.000000
156 156 4.000000
157 156 -1.000000
179 156 -1.000000
134 157 -1.000000
156 157 -1.000000
157 157 4.000000
158 157 -1.000000
180 157 -1.000000
135 158 -1.000000
157 158 -1.000000
158 158 4.000000
159 158 -1.000000
181 158 -1.000000
136 159 -1.000000
158 159 -1.000000
159 159 4.000000
160 159 -1.000000
182 159 -1.000000
137 160 -1.000000
159 160 -1.000000
160 160 4.000000
161 160 -1.000000
183 160 -1.000000
138 161 -1.000000
160 161 -1.000000
161 161 4.000000
184 161 -1.000000
139 162 -1.000000
162 162 4.000000
163 162 -1.000000
185 162 -1.000000
140 163 -1.000000
162 163 -1.000000
163 163 4.000000
164 163 -1.000000
186 163 -1.000000
141 164 -1.000000
163 164 -1.000000
164 164 4.000000
165 164 -1.000000
187 164 -1.000000
142 165 -1.000000
164 165 -1.000000
165 165 4.000000
166 165 -1.000000
188 165 -1.000000
143 166 -1.000000
165 166 -1.000000
166 166 4.000000
167 166 -1.000000
189 166 -1.000000
144 167 -1.000000
166 167 -1.000000
167 167 4.000000
168 167 -1.000000
190 167 -1.000000
145 168 -1.000000
167 168 -1.000000
168 168 4.000000
169 168 -1.000000
191 168 -1.000000
146 169 -1.000000
168 169 -1.000000
169 169 4.000000
170 169 -1.000000
192 169 -1.000000
147 170 -1.000000
169 170 -1.000000
170 170 4.000000
171 170 -1.000000
193 170 -1.000000
148 171 -1.000000
170 171 -1.000000
171 171 4.000000
172 171 -1.000000
194 171 -1.000000
149 172 -1.000000
171 172 -1.000000
172 172 4.000000
173 172 -1.000000
195 172 -1.000000
150 173 -1.000000
172 173 -1.000000
173 173 4.000000
174 173 -1.000000
196 173 -1.000000
151 174 -1.000000
173 174 -1.000000
174 174 4.000000
175 174 -1.000000
197 174 -1.000000
152 175 -1.000000
174 175 -1.000000
175 175 4.000000
176 175 -1.000000
198 175 -1.000000
153 176 -1.000000
175 176 -1.000000
176 176 4.000000
177 176 -1.000000
199 176 -1.000000
154 177 -1.000000
176 177 -1.000000
177 177 4.000000
178 177 -1.000000
200 177 -1.000000
155 178 -1.000000
177 178 -1.000000
178 178 4.000000
179 178 -1.000000
201 178 -1.000000
156 179 -1.000000
178 179 -1.000000
179 179 4.000000
180 179 -1.000000
202 179 -1.000000
157 180 -1.000000
179 180 -1.000000
180 180 4.000000
181 180 -1.000000
203 180 -1.000000
158 181 -1.000000
180 181 -1.000000
181 181 4.000000
182 181 -1.000000
204 181 -1.000000
159 182 -1.000000
181 182 -1.000000
182 182 4.000000
183 182 -1.000000
205 182 -1.000000
160 183 -1.000000
182 183 -1.000000
183 183 4.000000
184 183 -1.000000
206 183 -1.000000
161 184 -1.000000
183 184 -1.000000
184 184 4.000000
207 184 -1.000000
162 185 -1.000000
185 185 4.000000
186 185 -1.000000
208 185 -1.000000
163 186 -1.000000
185 186 -1.000000
186 186 4.000000
187 186 -1.000000
209 186 -1.000000
164 187 -1.000000
186 187 -1.000000
187 187 4.000000
188 187 -1.000000
210 187 -1.000000
165 188 -1.000000
187 188 -1.000000
188 188 4.000000
189 188 -1.000000
211 188 -1.000000
166 189 -1.000000
188 189 -1.000000
189 189 4.000000
190 189 -1.000000
212 189 -1.000000
167 190 -1.000000
189 190 -1.000000
190 190 4.000000
191 190 -1.000000
213 190 -1.000000
168 191 -1.000000
190 191 -1.000000
191 191 4.000000
192 191 -1.000000
214 191 -1.000000
169 192 -1.000000
191 192 -1.000000
192 192 4.000000
193 192 -1.000000
215 192 -1.000000
170 193 -1.000000
192 193 -1.000000
193 193 4.000000
194 193 -1.000000
216 193 -1.000000
171 194 -1.000000
193 194 -1.000000
194 194 4.000000
195 194 -1.000000
217 194 -1.000000
172 195 -1.000000
194 195 -1.000000
195 195 4.000000
196 195 -1.000000
218 195 -1.000000
173 196 -1.000000
195 196 -1.000000
196 196 4.000000
197 196 -1.000000
219 196 -1.000000
174 197 -1.000000
196 197 -1.000000
197 197 4.000000
198 197 -1.000000
220 197 -1.000000
175 198 -1.000000
197 198 -1.000000
198 198 4.000000
199 198 -1.000000
221 198 -1.000000
176 199 -1.000000
198 199 -1.000000
199 199 4.000000
200 199 -1.000000
222 199 -1.000000
177 200 -1.000000
199 200 -1.000000
200 200 4.000000
201 200 -1.000000
223 200 -1.000000
178 201 -1.000000
200 201 -1.000000
201 201 4.000000
202 201 -1.000000
224 201 -1.000000
179 202 -1.000000
201 202 -1.000000
202 202 4.000000
203 202 -1.000000
225 202 -1.000000
180 203 -1.000000
202 203 -1.000000
203 203 4.000000
204 203 -1.000000
226 203 -1.000000
181 204 -1.000000
203 204 -1.000000
204 204 4.000000
205 204 -1.000000
227 204 -1.000000
182 205 -1.000000
204 205 -1.000000
205 205 4.000000
206 205 -1.000000
228 205 -1.000000
183 206 -1.000000
205 206 -1.000000
206 206 4.000000
207 206 -1.000000
229 206 -1.000000
184 207 -1.000000
206 207 -1.000000
207 207 4.000000
230 207 -1.000000
185 208 -1.000000
208 208 4.000000
209 208 -1.000000
231 208 -1.000000
186 209 -1.000000
208 209 -1.000000
209 209 4.000000
210 209 -1.000000
232 209 -1.000000
187 210 -1.000000
209 210 -1.000000
210 210 4.000000
211 210 -1.000000
233 210 -1.000000
188 211 -1.000000
210 211 -1.000000
211 211 4.000000
212 211 -1.000000
234 211 -1.000000
189 212 -1.000000
211 212 -1.000000
212 212 4.000000
213 212 -1.000000
235 212 -1.000000
190 213 -1.000000
212 213 -1.000000
213 213 4.000000
214 213 -1.000000
236 213 -1.000000
191 214 -1.000000
213 214 -1.000000
214 214 4.000000
215 214 -1.000000
237 214 -1.000000
192 215 -1.000000
214 215 -1.000000
215 215 4.000000
216 215 -1.000000
238 215 -1.000000
193 216 -1.000000
215 216 -1.000000
216 216 4.000000
217 216 -1.000000
239 216 -1.000000
194 217 -1.000000
216 217 -1.000000
217 217 4.000000
218 217 -1.000000
240 217 -1.000000
195 218 -1.000000
217 218 -1.000000
218 218 4.000000
219 218 -1.000000
241 218 -1.000000
196 219 -1.000000
218 219 -1.000000
219 219 4.000000
220 219 -1.000000
242 219 -1.000000
197 220 -1.000000
219 220 -1.000000
220 220 4.000000
221 220 -1.000000
243 220 -1.000000
198 221 -1.000000
220 221 -1.000000
221 221 4.000000
222 221 -1.000000
244 221 -1.000000
199 222 -1.000000
221 222 -1.000000
222 222 4.000000
223 222 -1.000000
245 222 -1.000000
200 223 -1.000000
222 223 -1.000000
223 223 4.000000
224 223 -1.000000
246 223 -1.000000
201 224 -1.000000
223 224 -1.000000
224 224 4.000000
225 224 -1.000000
247 224 -1.000000
202 225 -1.000000
224 225 -1.000000
225 225 4.000000
226 225 -1.000000
248 225 -1.000000
203 226 -1.000000
225 226 -1.000000
226 226 4.000000
227 226 -1.000000
249 226 -1.000000
204 227 -1.000000
226 227 -1.000000
227 227 4.000000
228 227 -1.000000
250 227 -1.000000
205 228 -1.000000
227 228 -1.000000
228 228 4.000000
229 228 -1.000000
251 228 -1.000000
206 229 -1.000000
228 229 -1.000000
229 229 4.000000
230 229 -1.000000
252 229 -1.000000
207 230 -1.000000
229 230 -1.000000
230 230 4.000000
253 230 -1.000000
208 231 -1.000000
231 231 4.000000
232 231 -1.000000
254 231 -1.000000
209 232 -1.000000
231 232 -1.000000
232 232 4.000000
233 232 -1.000000
255 232 -1.000000
210 233 -1.000000
232 233 -1.000000
233 233 4.000000
234 233 -1.000000
256 233 -1.000000
211 234 -1.000000
233 234 -1.000000
234 234 4.000000
235 234 -1.000000
257 234 -1.000000
212 235 -1.000000
234 235 -1.000000
235 235 4.000000
236 235 -1.000000
258 235 -1.000000
213 236 -1.000000
235 236 -1.000000
236 236 4.000000
237 236 -1.000000
259 236 -1.000000
214 237 -1.000000
236 237 -1.000000
237 237 4.000000
238 237 -1.000000
260 237 -1.000000
215 238 -1.000000
237 238 -1.000000
238 238 4.000000
239 238 -1.000000
261 238 -1.000000
216 239 -1.000000
238 239 -1.000000
239 239 4.000000
240 239 -1.000000
262 239 -1.000000
217 240 -1.000000
239 240 -1.000000
240 240 4.000000
241 240 -1.000000
263 240 -1.000000
218 241 -1.000000
240 241 -1.000000
241 241 4.000000
242 241 -1.000000
264 241 -1.000000
219 242 -1.000000
241 242 -1.000000
242 242 4.000000
243 242 -1.000000
265 242 -1.000000
220 243 -1.000000
242 243 -1.000000
243 243 4.000000
244 243 -1.000000
266 243 -1.000000
221 244 -1.000000
243 244 -1.000000
244 244 4.000000
245 244 -1.000000
267 244 -1.000000
222 245 -1.000000
244 245 -1.000000
245 245 4.000000
246 245 -1.000000
268 245 -1.000000
223 246 -1.000000
245 246 -1.000000
246 246 4.000000
247 246 -1.000000
269 246 -1.000000
224 247 -1.000000
246 247 -1.000000
247 247 4.000000
248 247 -1.000000
270 247 -1.000000
225 248 -1.000000
247 248 -1.000000
248 248 4.000000
249 248 -1.000000
271 248 -1.000000
226 249 -1.000000
248 249 -1.000000
249 249 4.000000
250 249 -1.000000
272 249 -1.000000
227 250 -1.000000
249 250 -1.000000
250 250 4.000000
251 250 -1.000000
273 250 -1.000000
228 251 -1.000000
250 251 -1.000000
251 251 4.000000
252 251 -1.000000
274 251 -1.000000
229 252 -1.000000
251 252 -1.000000
252 252 4.000000
253 252 -1.000000
275 252 -1.000000
230 253 -1.000000
252 253 -1.000000
253 253 4.000000
276 253 -1.000000
231 254 -1.000000
254 254 4.000000
255 254 -1.000000
277 254 -1.000000
232 255 -1.000000
254 255 -1.000000
255 255 4.000000
256 255 -1.000000
278 255 -1.000000
233 256 -1.000000
255 256 -1.000000
256 256 4.000000
257 256 -1.000000
279 256 -1.000000
234 257 -1.000000
256 257 -1.000000
257 257 4.000000
258 257 -1.000000
280 257 -1.000000
235 258 -1.000000
257 258 -1.000000
258 258 4.000000
259 258 -1.000000
281 258 -1.000000
236 259 -1.000000
258 259 -1.000000
259 259 4.000000
260 259 -1.000000
282 259 -1.000000
237 260 -1.000000
259 260 -1.000000
260 260 4.000000
261 260 -1.000000
283 260 -1.000000
238 261 -1.000000
260 261 -1.000000
261 261 4.000000
262 261 -1.000000
284 261 -1.000000
239 262 -1.000000
261 262 -1.000000
262 262 4.000000
263 262 -1.000000
285 262 -1.000000
240 263 -1.000000
262 263 -1.000000
263 263 4.000000
264 263 -1.000000
286 263 -1.000000
241 264 -1.000000
263 264 -1.000000
264 264 4.000000
265 264 -1.000000
287 264 -1.000000
242 265 -1.000000
264 265 -1.000000
265 265 4.000000
266 265 -1.000000
288 265 -1.000000
243 266 -1.000000
265 266 -1.000000
266 266 4.000000
267 266 -1.000000
289 266 -1.000000
244 267 -1.000000
266 267 -1.000000
267 267 4.000000
268 267 -1.000000
290 267 -1.000000
245 268 -1.000000
267 268 -1.000000
268 268 4.000000
269 268 -1.000000
291 268 -1.000000
246 269 -1.000000
268 269 -1.000000
269 269 4.000000
270 269 -1.000000
292 269 -1.000000
247 270 -1.000000
269 270 -1.000000
270 270 4.000000
271 270 -1.000000
293 270 -1.000000
248 271 -1.000000
270 271 -1.000000
271 271 4.000000
272 271 -1.000000
294 271 -1.000000
249 272 -1.000000
271 272 -1.000000
272 272 4.000000
273 272 -1.000000
295 272 -1.000000
250 273 -1.000000
272 273 -1.000000
273 273 4.000000
274 273 -1.000000
296 273 -1.000000
251 274 -1.000000
273 274 -1.000000
274 274 4.000000
275 274 -1.000000
297 274 -1.000000
252 275 -1.000000
274 275 -1.000000
275 275 4.000000
276 275 -1.000000
298 275 -1.000000
253 276 -1.000000
275 276 -1.000000
276 276 4.000000
299 276 -1.000000
254 277 -1.000000
277 277 4.000000
278 277 -1.000000
300 277 -1.000000
255 278 -1.000000
277 278 -1.000000
278 278 4.000000
279 278 -1.000000
301 278 -1.000000
256 279 -1.000000
278 279 -1.000000
279 279 4.000000
280 279 -1.000000
302 279 -1.000000
257 280 -1.000000
279 280 -1.000000
280 280 4.000000
281 280 -1.000000
303 280 -1.000000
258 281 -1.000000
280 281 -1.000000
281 281 4.000000
282 281 -1.000000
304 281 -1.000000
259 282 -1.000000
281 282 -1.000000
282 282 4.000000
283 282 -1.000000
305 282 -1.000000
260 283 -1.000000
282 283 -1.000000
283 283 4.000000
284 283 -1.000000
306 283 -1.000000
261 284 -1.000000
283 284 -1.000000
284 284 4.000000
285 284 -1.000000
307 284 -1.000000
262 285 -1.000000
284 285 -1.000000
285 285 4.000000
286 285 -1.000000
308 285 -1.000000
263 286 -1.000000
285 286 -1.000000
286 286 4.000000
287 286 -1.000000
309 286 -1.000000
264 287 -1.000000
286 287 -1.000000
287 287 4.000000
288 287 -1.000000
310 287 -1.000000
265 288 -1.000000
287 288 -1.000000
288 288 4.000000
289 288 -1.000000
311 288 -1.000000
266 289 -1.000000
288 289 -1.000000
289 289 4.000000
290 289 -1.000000
312 289 -1.000000
267 290 -1.000000
289 290 -1.000000
290 290 4.000000
291 290 -1.000000
313 290 -1.000000
268 291 -1.000000
290 291 -1.000000
291 291 4.000000
292 291 -1.000000
314 291 -1.000000
269 292 -1.000000
291 292 -1.000000
292 292 4.000000
293 292 -1.000000
315 292 -1.000000
270 293 -1.000000
292 293 -1.000000
293 293 4.000000
294 293 -1.000000
316 293 -1.000000
271 294 -1.000000
293 294 -1.000000
294 294 4.000000
295 294 -1.000000
317 294 -1.000000
272 295 -1.000000
294 295 -1.000000
295 295 4.000000
296 295 -1.000000
318 295 -1.000000
273 296 -1.000000
295 296 -1.000000
296 296 4.000000
297 296 -1.000000
319 296 -1.000000
274 297 -1.000000
296 297 -1.000000
297 297 4.000000
298 297 -1.000000
320 297 -1.000000
275 298 -1.000000
297 298 -1.000000
298 298 4.000000
299 298 -1.000000
321 298 -1.000000
276 299 -1.000000
298 299 -1.000000
299 299 4.000000
322 299 -1.000000
277 300 -1.000000
300 300 4.000000
301 300 -1.000000
323 300 -1.000000
278 301 -1.000000
300 301 -1.000000
301 301 4.000000
302 301 -1.000000
324 301 -1.000000
279 302 -1.000000
301 302 -1.000000
302 302 4.000000
303 302 -1.000000
325 302 -1.000000
280 303 -1.000000
302 303 -1.000000
303 303 4.000000
304 303 -1.000000
326 303 -1.000000
281 304 -1.000000
303 304 -1.000000
304 304 4.000000
305 304 -1.000000
327 304 -1.000000
282 305 -1.000000
304 305 -1.000000
305 305 4.000000
306 305 -1.000000
328 305 -1.000000
283 306 -1.000000
305 306 -1.000000
306 306 4.000000
307 306 -1.000000
329 306 -1.000000
284 307 -1.000000
306 307 -1.000000
307 307 4.000000
308 307 -1.000000
330 307 -1.000000
285 308 -1.000000
307 308 -1.000000
308 308 4.000000
309 308 -1.000000
331 308 -1.000000
286 309 -1.000000
308 309 -1.000000
309 309 4.000000
310 309 -1.000000
332 309 -1.000000
287 310 -1.000000
309 310 -1.000000
310 310 4.000000
311 310 -1.000000
333 310 -1.000000
288 311 -1.000000
310 311 -1.000000
311 311 4.000000
312 311 -1.000000
334 311 -1.000000
289 312 -1.000000
311 312 -1.000000
312 312 4.000000
313 312 -1.000000
335 312 -1.000000
290 313 -1.000000
312 313 -1.000000
313 313 4.000000
314 313 -1.000000
336 313 -1.000000
291 314 -1.000000
313 314 -1.000000
314 314 4.000000
315 314 -1.000000
337 314 -1.000000
292 315 -1.000000
314 315 -1.000000
315 315 4.000000
316 315 -1.000000
338 315 -1.000000
293 316 -1.000000
315 316 -1.000000
316 316 4.000000
317 316 -1.000000
339 316 -1.000000
294 317 -1.000000
316 317 -1.000000
317 317 4.000000
318 317 -1.000000
340 317 -1.000000
295 318 -1.000000
317 318 -1.000000
318 318 4.000000
319 318 -1.000000
341 318 -1.000000
296 319 -1.000000
318 319 -1.000000
319 319 4.000000
320 319 -1.000000
342 319 -1.000000
297 320 -1.000000
319 320 -1.000000
320 320 4.000000
321 320 -1.000000
343 320 -1.000000
298 321 -1.000000
320 321 -1.000000
321 321 4.000000
322 321 -1.000000
344 321 -1.000000
299 322 -1.000000
321 322 -1.000000
322 322 4.000000
345 322 -1.000000
300 323 -1.000000
323 323 4.000000
324 323 -1.000000
346 323 -1.000000
301 324 -1.000000
323 324 -1.000000
324 324 4.000000
325 324 -1.000000
347 324 -1.000000
302 325 -1.000000
324 325 -1.000000
325 325 4.000000
326 325 -1.000000
348 325 -1.000000
303 326 -1.000000
325 326 -1.000000
326 326 4.000000
327 326 -1.000000
349 326 -1.000000
304 327 -1.000000
326 327 -1.000000
327 327 4.000000
328 327 -1.000000
350 327 -1.000000
305 328 -1.000000
327 328 -1.000000
328 328 4.000000
329 328 -1.000000
351 328 -1.000000
306 329 -1.000000
328 329 -1.000000
329 329 4.000000
330 329 -1.000000
352 329 -1.000000
307 330 -1.000000
329 330 -1.000000
330 330 4.000000
331 330 -1.000000
353 330 -1.000000
308 331 -1.000000
330 331 -1.000000
331 331 4.000000
332 331 -1.000000
354 331 -1.000000
309 332 -1.000000
331 332 -1.000000
332 332 4.000000
333 332 -1.000000
355 332 -1.000000
310 333 -1.000000
332 333 -1.000000
333 333 4.000000
334 333 -1.000000
356 333 -1.000000
311 334 -1.000000
333 334 -1.000000
334 334 4.000000
335 334 -1.000000
357 334 -1.000000
312 335 -1.000000
334 335 -1.000000
335 335 4.000000
336 335 -1.000000
358 335 -1.000000
313 336 -1.000000
335 336 -1.000000
336 336 4.000000
337 336 -1.000000
359 336 -1.000000
314 337 -1.000000
336 337 -1.000000
337 337 4.000000
338 337 -1.000000
360 337 -1.000000
315 338 -1.000000
337 338 -1.000000
338 338 4.000000
339 338 -1.000000
361 338 -1.000000
316 339 -1.000000
338 339 -1.000000
339 339 4.000000
340 339 -1.000000
362 339 -1.000000
317 340 -1.000000
339 340 -1.000000
340 340 4.000000
341 340 -1.000000
363 340 -1.000000
318 341 -1.000000
340 341 -1.000000
341 341 4.000000
342 341 -1.000000
364 341 -1.000000
319 342 -1.000000
341 342 -1.000000
342 342 4.000000
343 342 -1.000000
365 342 -1.000000
320 343 -1.000000
342 343 -1.000000
343 343 4.000000
344 343 -1.000000
366 343 -1.000000
321 344 -1.000000
343 344 -1.000000
344 344 4.000000
345 344 -1.000000
367 344 -1.000000
322 345 -1.000000
344 345 -1.000000
345 345 4.000000
368 345 -1.000000
323 346 -1.000000
346 346 4.000000
347 346 -1.000000
369 346 -1.000000
324 347 -1.000000
346 347 -1.000000
347 347 4.000000
348 347 -1.000000
370 347 -1.000000
325 348 -1.000000
347 348 -1.000000
348 348 4.000000
349 348 -1.000000
371 348 -1.000000
326 349 -1.000000
348 349 -1.000000
349 349 4.000000
350 349 -1.000000
372 349 -1.000000
327 350 -1.000000
349 350 -1.000000
350 350 4.000000
351 350 -1.000000
373 350 -1.000000
328 351 -1.000000
350 351 -1.000000
351 351 4.000000
352 351 -1.000000
374 351 -1.000000
329 352 -1.000000
351 352 -1.000000
352 352 4.000000
353 352 -1.000000
375 352 -1.000000
330 353 -1.000000
352 353 -1.000000
353 353 4.000000
354 353 -1.000000
376 353 -1.000000
331 354 -1.000000
353 354 -1.000000
354 354 4.000000
355 354 -1.000000
377 354 -1.000000
332 355 -1.000000
354 355 -1.000000
355 355 4.000000
356 355 -1.000000
378 355 -1.000000
333 356 -1.000000
355 356 -1.000000
356 356 4.000000
357 356 -1.000000
379 356 -1.000000
334 357 -1.000000
356 357 -1.000000
357 357 4.000000
358 357 -1.000000
380 357 -1.000000
335 358 -1.000000
357 358 -1.000000
358 358 4.000000
359 358 -1.000000
381 358 -1.000000
336 359 -1.000000
358 359 -1.000000
359 359 4.000000
360 359 -1.000000
382 359 -1.000000
337 360 -1.000000
359 360 -1.000000
360 360 4.000000
361 360 -1.000000
383 360 -1.000000
338 361 -1.000000
360 361 -1.000000
361 361 4.000000
362 361 -1.000000
384 361 -1.000000
339 362 -1.000000
361 362 -1.000000
362 362 4.000000
363 362 -1.000000
385 362 -1.000000
340 363 -1.000000
362 363 -1.000000
363 363 4.000000
364 363 -1.000000
386 363 -1.000000
341 364 -1.000000
363 364 -1.000000
364 364 4.000000
365 364 -1.000000
387 364 -1.000000
342 365 -1.000000
364 365 -1.000000
365 365 4.000000
366 365 -1.000000
388 365 -1.000000
343 366 -1.000000
365 366 -1.000000
366 366 4.000000
367 366 -1.000000
389 366 -1.000000
344 367 -1.000000
366 367 -1.000000
367 367 4.000000
368 367 -1.000000
390 367 -1.000000
345 368 -1.000000
367 368 -1.000000
368 368 4.000000
391 368 -1.000000
346 369 -1.000000
369 369 4.000000
370 369 -1.000000
392 369 -1.000000
347 370 -1.000000
369 370 -1.000000
370 370 4.000000
371 370 -1.000000
393 370 -1.000000
348 371 -1.000000
370 371 -1.000000
371 371 4.000000
372 371 -1.000000
394 371 -1.000000
349 372 -1.000000
371 372 -1.000000
372 372 4.000000
373 372 -1.000000
395 372 -1.000000
350 373 -1.000000
372 373 -1.000000
373 373 4.000000
374 373 -1.000000
396 373 -1.000000
351 374 -1.000000
373 374 -1.000000
374 374 4.000000
375 374 -1.000000
397 374 -1.000000
352 375 -1.000000
374 375 -1.000000
375 375 4.000000
376 375 -1.000000
398 375 -1.000000
353 376 -1.000000
375 376 -1.000000
376 376 4.000000
377 376 -1.000000
399 376 -1.000000
354 377 -1.000000
376 377 -1.000000
377 377 4.000000
378 377 -1.000000
400 377 -1.000000
355 378 -1.000000
377 378 -1.000000
378 378 4.000000
379 378 -1.000000
401 378 -1.000000
356 379 -1.000000
378 379 -1.000000
379 379 4.000000
380 379 -1.000000
402 379 -1.000000
357 380 -1.000000
379 380 -1.000000
380 380 4.000000
381 380 -1.000000
403 380 -1.000000
358 381 -1.000000
380 381 -1.000000
381 381 4.000000
382 381 -1.000000
404 381 -1.000000
359 382 -1.000000
381 382 -1.000000
382 382 4.000000
383 382 -1.000000
405 382 -1.000000
360 383 -1.000000
382 383 -1.000000
383 383 4.000000
384 383 -1.000000
406 383 -1.000000
361 384 -1.000000
383 384 -1.000000
384 384 4.000000
385 384 -1.000000
407 384 -1.000000
362 385 -1.000000
384 385 -1.000000
385 385 4.000000
386 385 -1.000000
408 385 -1.000000
363 386 -1.000000
385 386 -1.000000
386 386 4.000000
387 386 -1.000000
409 386 -1.000000
364 387 -1.000000
386 387 -1.000000
387 387 4.000000
388 387 -1.000000
410 387 -1.000000
365 388 -1.000000
387 388 -1.000000
388 388 4.000000
389 388 -1.000000
411 388 -1.000000
366 389 -1.000000
388 389 -1.000000
389 389 4.000000
390 389 -1.000000
412 389 -1.000000
367 390 -1.000000
389 390 -1.000000
390 390 4.000000
391 390 -1.000000
413 390 -1.000000
368 391 -1.000000
390 391 -1.000000
391 391 4.000000
414 391 -1.000000
369 392 -1.000000
392 392 4.000000
393 392 -1.000000
415 392 -1.000000
370 393 -1.000000
392 393 -1.000000
393 393 4.000000
394 393 -1.000000
416 393 -1.000000
371 394 -1.000000
393 394 -1.000000
394 394 4.000000
395 394 -1.000000
417 394 -1.000000
372 395 -1.000000
394 395 -1.000000
395 395 4.000000
396 395 -1.000000
418 395 -1.000000
373 396 -1.000000
395 396 -1.000000
396 396 4.000000
397 396 -1.000000
419 396 -1.000000
374 397 -1.000000
396 397 -1.000000
397 397 4.000000
398 397 -1.000000
420 397 -1.000000
375 398 -1.000000
397 398 -1.000000
398 398 4.000000
399 398 -1.000000
421 398 -1.000000
376 399 -1.000000
398 399 -1.000000
399 399 4.000000
400 399 -1.000000
422 399 -1.000000
377 400 -1.000000
399 400 -1.000000
400 400 4.000000
401 400 -1.000000
423 400 -1.000000
378 401 -1.000000
400 401 -1.000000
401 401 4.000000
402 401 -1.000000
424 401 -1.000000
379 402 -1.000000
401 402 -1.000000
402 402 4.000000
403 402 -1.000000
425 402 -1.000000
380 403 -1.000000
402 403 -1.000000
403 403 4.000000
404 403 -1.000000
426 403 -1.000000
381 404 -1.000000
403 404 -1.000000
404 404 4.000000
405 404 -1.000000
427 404 -1.000000
382 405 -1.000000
404 405 -1.000000
405 405 4.000000
406 405 -1.000000
428 405 -1.000000
383 406 -1.000000
405 406 -1.000000
406 406 4.000000
407 406 -1.000000
429 406 -1.000000
384 407 -1.000000
406 407 -1.000000
407 407 4.000000
408 407 -1.000000
430 407 -1.000000
385 408 -1.000000
407 408 -1.000000
408 408 4.000000
409 408 -1.000000
431 408 -1.000000
386 409 -1.000000
408 409 -1.000000
409 409 4.000000
410 409 -1.000000
432 409 -1.000000
387 410 -1.000000
409 410 -1.000000
410 410 4.000000
411 410 -1.000000
433 410 -1.000000
388 411 -1.000000
410 411 -1.000000
411 411 4.000000
412 411 -1.000000
434 411 -1.000000
389 412 -1.000000
411 412 -1.000000
412 412 4.000000
413 412 -1.000000
435 412 -1.000000
390 413 -1.000000
412 413 -1.000000
413 413 4.000000
414 413 -1.000000
436 413 -1.000000
391 414 -1.000000
413 414 -1.000000
414 414 4.000000
437 414 -1.000000
392 415 -1.000000
415 415 4.000000
416 415 -1.000000
438 415 -1.000000
393 416 -1.000000
415 416 -1.000000
416 416 4.000000
417 416 -1.000000
439 416 -1.000000
394 417 -1.000000
416 417 -1.000000
417 417 4.000000
418 417 -1.000000
440 417 -1.000000
395 418 -1.000000
417 418 -1.000000
418 418 4.000000
419 418 -1.000000
441 418 -1.000000
396 419 -1.000000
418 419 -1.000000
419 419 4.000000
420 419 -1.000000
442 419 -1.000000
397 420 -1.000000
419 420 -1.000000
420 420 4.000000
421 420 -1.000000
443 420 -1.000000
398 421 -1.000000
420 421 -1.000000
421 421 4.000000
422 421 -1.000000
444 421 -1.000000
399 422 -1.000000
421 422 -1.000000
422 422 4.000000
423 422 -1.000000
445 422 -1.000000
400 423 -1.000000
422 423 -1.000000
423 423 4.000000
424 423 -1.000000
446 423 -1.000000
401 424 -1.000000
423 424 -1.000000
424 424 4.000000
425 424 -1.000000
447 424 -1.000000
402 425 -1.000000
424 425 -1.000000
425 425 4.000000
426 425 -1.000000
448 425 -1.000000
403 426 -1.000000
425 426 -1.000000
426 426 4.000000
427 426 -1.000000
449 426 -1.000000
404 427 -1.000000
426 427 -1.000000
427 427 4.000000
428 427 -1.000000
450 427 -1.000000
405 428 -1.000000
427 428 -1.000000
428 428 4.000000
429 428 -1.000000
451 428 -1.000000
406 429 -1.000000
428 429 -1.000000
429 429 4.000000
430 429 -1.000000
452 429 -1.000000
407 430 -1.000000
429 430 -1.000000
430 430 4.000000
431 430 -1.000000
453 430 -1.000000
408 431 -1.000000
430 431 -1.000000
431 431 4.000000
432 431 -1.000000
454 431 -1.000000
409 432 -1.000000
431 432 -1.000000
432 432 4.000000
433 432 -1.000000
455 432 -1.000000
410 433 -1.000000
432 433 -1.000000
433 433 4.000000
434 433 -1.000000
456 433 -1.000000
411 434 -1.000000
433 434 -1.000000
434 434 4.000000
435 434 -1.000000
457 434 -1.000000
412 435 -1.000000
434 435 -1.000000
435 435 4.000000
436 435 -1.000000
458 435 -1.000000
413 436 -1.000000
435 436 -1.000000
436 436 4.000000
437 436 -1.000000
459 436 -1.000000
414 437 -1.000000
436 437 -1.000000
437 437 4.000000
460 437 -1.000000
415 438 -1.000000
438 438 4.000000
439 438 -1.000000
461 438 -1.000000
416 439 -1.000000
438 439 -1.000000
439 439 4.000000
440 439 -1.000000
462 439 -1.000000
417 440 -1.000000
439 440 -1.000000
440 440 4.000000
441 440 -1.000000
463 440 -1.000000
418 441 -1.000000
440 441 -1.000000
441 441 4.000000
442 441 -1.000000
464 441 -1.000000
419 442 -1.000000
441 442 -1.000000
442 442 4.000000
443 442 -1.000000
465 442 -1.000000
420 443 -1.000000
442 443 -1.000000
443 443 4.000000
444 443 -1.000000
466 443 -1.000000
421 444 -1.000000
443 444 -1.000000
444 444 4.000000
445 444 -1.000000
467 444 -1.000000
422 445 -1.000000
444 445 -1.000000
445 445 4.000000
446 445 -1.000000
468 445 -1.000000
423 446 -1.000000
445 446 -1.000000
446 446 4.000000
447 446 -1.000000
469 446 -1.000000
424 447 -1.000000
446 447 -1.000000
447 447 4.000000
448 447 -1.000000
470 447 -1.000000
425 448 -1.000000
447 448 -1.000000
448 448 4.000000
449 448 -1.000000
471 448 -1.000000
426 449 -1.000000
448 449 -1.000000
449 449 4.000000
450 449 -1.000000
472 449 -1.000000
427 450 -1.000000
449 450 -1.000000
450 450 4.000000
451 450 -1.000000
473 450 -1.000000
428 451 -1.000000
450 451 -1.000000
451 451 4.000000
452 451 -1.000000
474 451 -1.000000
429 452 -1.000000
451 452 -1.000000
452 452 4.000000
453 452 -1.000000
475 452 -1.000000
430 453 -1.000000
452 453 -1.000000
453 453 4.000000
454 453 -1.000000
476 453 -1.000000
431 454 -1.000000
453 454 -1.000000
454 454 4.000000
455 454 -1.000000
477 454 -1.000000
432 455 -1.000000
454 455 -1.000000
455 455 4.000000
456 455 -1.000000
478 455 -1.000000
433 456 -1.000000
455 456 -1.000000
456 456 4.000000
457 456 -1.000000
479 456 -1.000000
434 457 -1.000000
456 457 -1.000000
457 457 4.000000
458 457 -1.000000
480 457 -1.000000
435 458 -1.000000
457 458 -1.000000
458 458 4.000000
459 458 -1.000000
481 458 -1.000000
436 459 -1.000000
458 459 -1.000000
459 459 4.000000
460 459 -1.000000
482 459 -1.000000
437 460 -1.000000
459 460 -1.000000
460 460 4.000000
483 460 -1.000000
438 461 -1.000000
461 461 4.000000
462 461 -1.000000
484 461 -1.000000
439 462 -1.000000
461 462 -1.000000
462 462 4.000000
463 462 -1.000000
485 462 -1.000000
440 463 -1.000000
462 463 -1.000000
463 463 4.000000
464 463 -1.000000
486 463 -1.000000
441 464 -1.000000
463 464 -1.000000
464 464 4.000000
465 464 -1.000000
487 464 -1.000000
442 465 -1.000000
464 465 -1.000000
465 465 4.000000
466 465 -1.000000
488 465 -1.000000
443 466 -1.000000
465 466 -1.000000
466 466 4.000000
467 466 -1.000000
489 466 -1.000000
444 467 -1.000000
466 467 -1.000000
467 467 4.000000
468 467 -1.000000
490 467 -1.000000
445 468 -1.000000
467 468 -1.000000
468 468 4.000000
469 468 -1.000000
491 468 -1.000000
446 469 -1.000000
468 469 -1.000000
469 469 4.000000
470 469 -1.000000
492 469 -1.000000
447 470 -1.000000
469 470 -1.000000
470 470 4.000000
471 470 -1.000000
493 470 -1.000000
448 471 -1.000000
470 471 -1.000000
471 471 4.000000
472 471 -1.000000
494 471 -1.000000
449 472 -1.000000
471 472 -1.000000
472 472 4.000000
473 472 -1.000000
495 472 -1.000000
450 473 -1.000000
472 473 -1.000000
473 473 4.000000
474 473 -1.000000
496 473 -1.000000
451 474 -1.000000
473 474 -1.000000
474 474 4.000000
475 474 -1.000000
497 474 -1.000000
452 475 -1.000000
474 475 -1.000000
475 475 4.000000
476 475 -1.000000
498 475 -1.000000
453 476 -1.000000
475 476 -1.000000
476 476 4.000000
477 476 -1.000000
499 476 -1.000000
454 477 -1.000000
476 477 -1.000000
477 477 4.000000
478 477 -1.000000
500 477 -1.000000
455 478 -1.000000
477 478 -1.000000
478 478 4.000000
479 478 -1.000000
501 478 -1.000000
456 479 -1.000000
478 479 -1.000000
479 479 4.000000
480 479 -1.000000
502 479 -1.000000
457 480 -1.000000
479 480 -1.000000
480 480 4.000000
481 480 -1.000000
503 480 -1.000000
458 481 -1.000000
480 481 -1.000000
481 481 4.000000
482 481 -1.000000
504 481 -1.000000
459 482 -1.000000
481 482 -1.000000
482 482 4.000000
483 482 -1.000000
505 482 -1.000000
460 483 -1.000000
482 483 -1.000000
483 483 4.000000
506 483 -1.000000
461 484 -1.000000
484 484 4.000000
485 484 -1.000000
507 484 -1.000000
462 485 -1.000000
484 485 -1.000000
485 485 4.000000
486 485 -1.000000
508 485 -1.000000
463 486 -1.000000
485 486 -1.000000
486 486 4.000000
487 486 -1.000000
509 486 -1.000000
464 487 -1.000000
486 487 -1.000000
487 487 4.000000
488 487 -1.000000
510 487 -1.000000
465 488 -1.000000
487 488 -1.000000
488 488 4.000000
489 488 -1.000000
511 488 -1.000000
466 489 -1.000000
488 489 -1.000000
489 489 4.000000
490 489 -1.000000
512 489 -1.000000
467 490 -1.000000
489 490 -1.000000
490 490 4.000000
491 490 -1.000000
513 490 -1.000000
468 491 -1.000000
490 491 -1.000000
491 491 4.000000
492 491 -1.000000
514 491 -1.000000
469 492 -1.000000
491 492 -1.000000
492 492 4.000000
493 492 -1.000000
515 492 -1.000000
470 493 -1.000000
492 493 -1.000000
493 493 4.000000
494 493 -1.000000
516 493 -1.000000
471 494 -1.000000
493 494 -1.000000
494 494 4.000000
495 494 -1.000000
517 494 -1.000000
472 495 -1.000000
494 495 -1.000000
495 495 4.000000
496 495 -1.000000
518 495 -1.000000
473 496 -1.000000
495 496 -1.000000
496 496 4.000000
497 496 -1.000000
519 496 -1.000000
474 497 -1.000000
496 497 -1.000000
497 497 4.000000
498 497 -1.000000
520 497 -1.000000
475 498 -1.000000
497 498 -1.000000
498 498 4.000000
499 498 -1.000000
521 498 -1.000000
476 499 -1.000000
498 499 -1.000000
499 499 4.000000
500 499 -1.000000
522 499 -1.000000
477 500 -1.000000
499 500 -1.000000
500 500 4.000000
501 500 -1.000000
523 500 -1.000000
478 501 -1.000000
500 501 -1.000000
501 501 4.000000
502 501 -1.000000
524 501 -1.000000
479 502 -1.000000
501 502 -1.000000
502 502 4.000000
503 502 -1.000000
525 502 -1.000000
480 503 -1.000000
502 503 -1.000000
503 503 4.000000
504 503 -1.000000
526 503 -1.000000
481 504 -1.000000
503 504 -1.000000
504 504 4.000000
505 504 -1.000000
527 504 -1.000000
482 505 -1.000000
504 505 -1.000000
505 505 4.000000
506 505 -1.000000
528 505 -1.000000
483 506 -1.000000
505 506 -1.000000
506 506 4.000000
529 506 -1.000000
484 507 -1.000000
507 507 4.000000
508 507 -1.000000
485 508 -1.000000
507 508 -1.000000
508 508 4.000000
509 508 -1.000000
486 509 -1.000000
508 509 -1.000000
509 509 4.000000
510 509 -1.000000
487 510 -1.000000
509 510 -1.000000
510 510 4.000000
511 510 -1.000000
488 511 -1.000000
510 511 -1.000000
511 511 4.000000
512 511 -1.000000
489 512 -1.000000
511 512 -1.000000
512 512 4.000000
513 512 -1.000000
490 513 -1.000000
512 513 -1.000000
513 513 4.000000
514 513 -1.000000
491 514 -1.000000
513 514 -1.000000
514 514 4.000000
515 514 -1.000000
492 515 -1.000000
514 515 -1.000000
515 515 4.000000
516 515 -1.000000
493 516 -1.000000
515 516 -1.000000
516 516 4.000000
517 516 -1.000000
494 517 -1.000000
516 517 -1.000000
517 517 4.000000
518 517 -1.000000
495 518 -1.000000
517 518 -1.000000
518 518 4.000000
519 518 -1.000000
496 519 -1.000000
518 519 -1.000000
519 519 4.000000
520 519 -1.000000
497 520 -1.000000
519 520 -1.000000
520 520 4.000000
521 520 -1.000000
498 521 -1.000000
520 521 -1.000000
521 521 4.000000
522 521 -1.000000
499 522 -1.000000
521 522 -1.000000
522 522 4.000000
523 522 -1.000000
500 523 -1.000000
522 523 -1.000000
523 523 4.000000
524 523 -1.000000
501 524 -1.000000
523 524 -1.000000
524 524 4.000000
525 524 -1.000000
502 525 -1.000000
524 525 -1.000000
525 525 4.000000
526 525 -1.000000
503 526 -1.000000
525 526 -1.000000
526 526 4.000000
527 526 -1.000000
504 527 -1.000000
526 527 -1.000000
527 527 4.000000
528 527 -1.000000
505 528 -1.000000
527 528 -1.000000
528 528 4.000000
529 528 -1.000000
506 529 -1.000000
528 529 -1.000000
529 529 4.000000
