1 1 4.000000
2 1 -1.000000
26 1 -1.000000
1 2 -1.000000
2 2 4.000000
3 2 -1.000000
27 2 -1.000000
2 3 -1.000000
3 3 4.000000
4 3 -1.000000
28 3 -1.000000
3 4 -1.000000
4 4 4.000000
5 4 -1.000000
29 4 -1.000000
4 5 -1.000000
5 5 4.000000
6 5 -1.000000
30 5 -1.000000
5 6 -1.000000
6 6 4.000000
7 6 -1.000000
31 6 -1.000000
6 7 -1.000000
7 7 4.000000
8 7 -1.000000
32 7 -1.000000
7 8 -1.000000
8 8 4.000000
9 8 -1.000000
33 8 -1.000000
8 9 -1.000000
9 9 4.000000
10 9 -1.000000
34 9 -1.000000
9 10 -1.000000
10 10 4.000000
11 10 -1.000000
35 10 -1.000000
10 11 -1.000000
11 11 4.000000
12 11 -1.000000
36 11 -1.000000
11 12 -1.000000
12 12 4.000000
13 12 -1.000000
37 12 -1.000000
12 13 -1.000000
13 13 4.000000
14 13 -1.000000
38 13 -1.000000
13 14 -1.000000
14 14 4.000000
15 14 -1.000000
39 14 -1.000000
14 15 -1.000000
15 15 4.000000
16 15 -1.000000
40 15 -1.000000
15 16 -1.000000
16 16 4.000000
17 16 -1.000000
41 16 -1.000000
16 17 -1.000000
17 17 4.000000
18 17 -1.000000
42 17 -1.000000
17 18 -1.000000
18 18 4.000000
19 18 -1.000000
43 18 -1.000000
18 19 -1.000000
19 19 4.000000
20 19 -1.000000
44 19 -1.000000
19 20 -1.000000
20 20 4.000000
21 20 -1.000000
45 20 -1.000000
20 21 -1.000000
21 21 4.000000
22 21 -1.000000
46 21 -1.000000
21 22 -1.000000
22 22 4.000000
23 22 -1.000000
47 22 -1.000000
22 23 -1.000000
23 23 4.000000
24 23 -1.000000
48 23 -1.000000
23 24 -1.000000
24 24 4.000000
25 24 -1.000000
49 24 -1.000000
24 25 -1.000000
25 25 4.000000
50 25 -1.000000
1 26 -1.000000
26 26 4.000000
27 26 -1.000000
51 26 -1.000000
2 27 -1.000000
26 27 -1.000000
27 27 4.000000
28 27 -1.000000
52 27 -1.000000
3 28 -1.000000
27 28 -1.000000
28 28 4.000000
29 28 -1.000000
53 28 -1.000000
4 29 -1.000000
28 29 -1.000000
29 29 4.000000
30 29 -1.000000
54 29 -1.000000
5 30 -1.000000
29 30 -1.000000
30 30 4.000000
31 30 -1.000000
55 30 -1.000000
6 31 -1.000000
30 31 -1.000000
31 31 4.000000
32 31 -1.000000
56 31 -1.000000
7 32 -1.000000
31 32 -1.000000
32 32 4.000000
33 32 -1.000000
57 32 -1.000000
8 33 -1.000000
32 33 -1.000000
33 33 4.000000
34 33 -1.000000
58 33 -1.000000
9 34 -1.000000
33 34 -1.000000
34 34 4.000000
35 34 -1.000000
59 34 -1.000000
10 35 -1.000000
34 35 -1.000000
35 35 4.000000
36 35 -1.000000
60 35 -1.000000
11 36 -1.000000
35 36 -1.000000
36 36 4.000000
37 36 -1.000000
61 36 -1.000000
12 37 -1.000000
36 37 -1.000000
37 37 4.000000
38 37 -1.000000
62 37 -1.000000
13 38 -1.000000
37 38 -1.000000
38 38 4.000000
39 38 -1.000000
63 38 -1.000000
14 39 -1.000000
38 39 -1.000000
39 39 4.000000
40 39 -1.000000
64 39 -1.000000
15 40 -1.000000
39 40 -1.000000
40 40 4.000000
41 40 -1.000000
65 40 -1.000000
16 41 -1.000000
40 41 -1.000000
41 41 4.000000
42 41 -1.000000
66 41 -1.000000
17 42 -1.000000
41 42 -1.000000
42 42 4.000000
43 42 -1.000000
67 42 -1.000000
18 43 -1.000000
42 43 -1.000000
43 43 4.000000
44 43 -1.000000
68 43 -1.000000
19 44 -1.000000
43 44 -1.000000
44 44 4.000000
45 44 -1.000000
69 44 -1.000000
20 45 -1.000000
44 45 -1.000000
45 45 4.000000
46 45 -1.000000
70 45 -1.000000
21 46 -1.000000
45 46 -1.000000
46 46 4.000000
47 46 -1.000000
71 46 -1.000000
22 47 -1.000000
46 47 -1.000000
47 47 4.000000
48 47 -1.000000
72 47 -1.000000
23 48 -1.000000
47 48 -1.000000
48 48 4.000000
49 48 -1.000000
73 48 -1.000000
24 49 -1.000000
48 49 -1.000000
49 49 4.000000
50 49 -1.000000
74 49 -1.000000
25 50 -1.000000
49 50 -1.000000
50 50 4.000000
75 50 -1.000000
26 51 -1.000000
51 51 4.000000
52 51 -1.000000
76 51 -1.000000
27 52 -1.000000
51 52 -1.000000
52 52 4.000000
53 52 -1.000000
77 52 -1.000000
28 53 -1.000000
52 53 -1.000000
53 53 4.000000
54 53 -1.000000
78 53 -1.000000
29 54 -1.000000
53 54 -1.000000
54 54 4.000000
55 54 -1.000000
79 54 -1.000000
30 55 -1.000000
54 55 -1.000000
55 55 4.000000
56 55 -1.000000
80 55 -1.000000
31 56 -1.000000
55 56 -1.000000
56 56 4.000000
57 56 -1.000000
81 56 -1.000000
32 57 -1.000000
56 57 -1.000000
57 57 4.000000
58 57 -1.000000
82 57 -1.000000
33 58 -1.000000
57 58 -1.000000
58 58 4.000000
59 58 -1.000000
83 58 -1.000000
34 59 -1.000000
58 59 -1.000000
59 59 4.000000
60 59 -1.000000
84 59 -1.000000
35 60 -1.000000
59 60 -1.000000
60 60 4.000000
61 60 -1.000000
85 60 -1.000000
36 61 -1.000000
60 61 -1.000000
61 61 4.000000
62 61 -1.000000
86 61 -1.000000
37 62 -1.000000
61 62 -1.000000
62 62 4.000000
63 62 -1.000000
87 62 -1.000000
38 63 -1.000000
62 63 -1.000000
63 63 4.000000
64 63 -1.000000
88 63 -1.000000
39 64 -1.000000
63 64 -1.000000
64 64 4.000000
65 64 -1.000000
89 64 -1.000000
40 65 -1.000000
64 65 -1.000000
65 65 4.000000
66 65 -1.000000
90 65 -1.000000
41 66 -1.000000
65 66 -1.000000
66 66 4.000000
67 66 -1.000000
91 66 -1.000000
42 67 -1.000000
66 67 -1.000000
67 67 4.000000
68 67 -1.000000
92 67 -1.000000
43 68 -1.000000
67 68 -1.000000
68 68 4.000000
69 68 -1.000000
93 68 -1.000000
44 69 -1.000000
68 69 -1.000000
69 69 4.000000
70 69 -1.000000
94 69 -1.000000
45 70 -1.000000
69 70 -1.000000
70 70 4.000000
71 70 -1.000000
95 70 -1.000000
46 71 -1.000000
70 71 -1.000000
71 71 4.000000
72 71 -1.000000
96 71 -1.000000
47 72 -1.000000
71 72 -1.000000
72 72 4.000000
73 72 -1.000000
97 72 -1.000000
48 73 -1.000000
72 73 -1.000000
73 73 4.000000
74 73 -1.000000
98 73 -1.000000
49 74 -1.000000
73 74 -1.000000
74 74 4.000000
75 74 -1.000000
99 74 -1.000000
50 75 -1.000000
74 75 -1.000000
75 75 4.000000
100 75 -1.000000
51 76 -1.000000
76 76 4.000000
77 76 -1.000000
101 76 -1.000000
52 77 -1.000000
76 77 -1.000000
77 77 4.000000
78 77 -1.000000
102 77 -1.000000
53 78 -1.000000
77 78 -1.000000
78 78 4.000000
79 78 -1.000000
103 78 -1.000000
54 79 -1.000000
78 79 -1.000000
79 79 4.000000
80 79 -1.000000
104 79 -1.000000
55 80 -1.000000
79 80 -1.000000
80 80 4.000000
81 80 -1.000000
105 80 -1.000000
56 81 -1.000000
80 81 -1.000000
81 81 4.000000
82 81 -1.000000
106 81 -1.000000
57 82 -1.000000
81 82 -1.000000
82 82 4.000000
83 82 -1.000000
107 82 -1.000000
58 83 -1.000000
82 83 -1.000000
83 83 4.000000
84 83 -1.000000
108 83 -1.000000
59 84 -1.000000
83 84 -1.000000
84 84 4.000000
85 84 -1.000000
109 84 -1.000000
60 85 -1.000000
84 85 -1.000000
85 85 4.000000
86 85 -1.000000
110 85 -1.000000
61 86 -1.000000
85 86 -1.000000
86 86 4.000000
87 86 -1.000000
111 86 -1.000000
62 87 -1.000000
86 87 -1.000000
87 87 4.000000
88 87 -1.000000
112 87 -1.000000
63 88 -1.000000
87 88 -1.000000
88 88 4.000000
89 88 -1.000000
113 88 -1.000000
64 89 -1.000000
88 89 -1.000000
89 89 4.000000
90 89 -1.000000
114 89 -1.000000
65 90 -1.000000
89 90 -1.000000
90 90 4.000000
91 90 -1.000000
115 90 -1.000000
66 91 -1.000000
90 91 -1.000000
91 91 4.000000
92 91 -1.000000
116 91 -1.000000
67 92 -1.000000
91 92 -1.000000
92 92 4.000000
93 92 -1.000000
117 92 -1.000000
68 93 -1.000000
92 93 -1.000000
93 93 4.000000
94 93 -1.000000
118 93 -1.000000
69 94 -1.000000
93 94 -1.000000
94 94 4.000000
95 94 -1.000000
119 94 -1.000000
70 95 -1.000000
94 95 -1.000000
95 95 4.000000
96 95 -1.000000
120 95 -1.000000
71 96 -1.000000
95 96 -1.000000
96 96 4.000000
97 96 -1.000000
121 96 -1.000000
72 97 -1.000000
96 97 -1.000000
97 97 4.000000
98 97 -1.000000
122 97 -1.000000
73 98 -1.000000
97 98 -1.000000
98 98 4.000000
99 98 -1.000000
123 98 -1.000000
74 99 -1.000000
98 99 -1.000000
99 99 4.000000
100 99 -1.000000
124 99 -1.000000
75 100 -1.000000
99 100 -1.000000
100 100 4.000000
125 100 -1.000000
76 101 -1.000000
101 101 4.000000
102 101 -1.000000
126 101 -1.000000
77 102 -1.000000
101 102 -1.000000
102 102 4.000000
103 102 -1.000000
127 102 -1.000000
78 103 -1.000000
102 103 -1.000000
103 103 4.000000
104 103 -1.000000
128 103 -1.000000
79 104 -1.000000
103 104 -1.000000
104 104 4.000000
105 104 -1.000000
129 104 -1.000000
80 105 -1.000000
104 105 -1.000000
105 105 4.000000
106 105 -1.000000
130 105 -1.000000
81 106 -1.000000
105 106 -1.000000
106 106 4.000000
107 106 -1.000000
131 106 -1.000000
82 107 -1.000000
106 107 -1.000000
107 107 4.000000
108 107 -1.000000
132 107 -1.000000
83 108 -1.000000
107 108 -1.000000
108 108 4.000000
109 108 -1.000000
133 108 -1.000000
84 109 -1.000000
108 109 -1.000000
109 109 4.000000
110 109 -1.000000
134 109 -1.000000
85 110 -1.000000
109 110 -1.000000
110 110 4.000000
111 110 -1.000000
135 110 -1.000000
86 111 -1.000000
110 111 -1.000000
111 111 4.000000
112 111 -1.000000
136 111 -1.000000
87 112 -1.000000
111 112 -1.000000
112 112 4.000000
113 112 -1.000000
137 112 -1.000000
88 113 -1.000000
112 113 -1.000000
113 113 4.000000
114 113 -1.000000
138 113 -1.000000
89 114 -1.000000
113 114 -1.000000
114 114 4.000000
115 114 -1.000000
139 114 -1.000000
90 115 -1.000000
114 115 -1.000000
115 115 4.000000
116 115 -1.000000
140 115 -1.000000
91 116 -1.000000
115 116 -1.000000
116 116 4.000000
117 116 -1.000000
141 116 -1.000000
92 117 -1.000000
116 117 -1.000000
117 117 4.000000
118 117 -1.000000
142 117 -1.000000
93 118 -1.000000
117 118 -1.000000
118 118 4.000000
119 118 -1.000000
143 118 -1.000000
94 119 -1.000000
118 119 -1.000000
119 119 4.000000
120 119 -1.000000
144 119 -1.000000
95 120 -1.000000
119 120 -1.000000
120 120 4.000000
121 120 -1.000000
145 120 -1.000000
96 121 -1.000000
120 121 -1.000000
121 121 4.000000
122 121 -1.000000
146 121 -1.000000
97 122 -1.000000
121 122 -1.000000
122 122 4.000000
123 122 -1.000000
147 122 -1.000000
98 123 -1.000000
122 123 -1.000000
123 123 4.000000
124 123 -1.000000
148 123 -1.000000
99 124 -1.000000
123 124 -1.000000
124 124 4.000000
125 124 -1.000000
149 124 -1.000000
100 125 -1.000000
124 125 -1.000000
125 125 4.000000
150 125 -1.000000
101 126 -1.000000
126 126 4.000000
127 126 -1.000000
151 126 -1.000000
102 127 -1.000000
126 127 -1.000000
127 127 4.000000
128 127 -1.000000
152 127 -1.000000
103 128 -1.000000
127 128 -1.000000
128 128 4.000000
129 128 -1.000000
153 128 -1.000000
104 129 -1.000000
128 129 -1.000000
129 129 4.000000
130 129 -1.000000
154 129 -1.000000
105 130 -1.000000
129 130 -1.000000
130 130 4.000000
131 130 -1.000000
155 130 -1.000000
106 131 -1.000000
130 131 -1.000000
131 131 4.000000
132 131 -1.000000
156 131 -1.000000
107 132 -1.000000
131 132 -1.000000
132 132 4.000000
133 132 -1.000000
157 132 -1.000000
108 133 -1.000000
132 133 -1.000000
133 133 4.000000
134 133 -1.000000
158 133 -1.000000
109 134 -1.000000
133 134 -1.000000
134 134 4.000000
135 134 -1.000000
159 134 -1.000000
110 135 -1.000000
134 135 -1.000000
135 135 4.000000
136 135 -1.000000
160 135 -1.000000
111 136 -1.000000
135 136 -1.000000
136 136 4.000000
137 136 -1.000000
161 136 -1.000000
112 137 -1.000000
136 137 -1.000000
137 137 4.000000
138 137 -1.000000
162 137 -1.000000
113 138 -1.000000
137 138 -1.000000
138 138 4.000000
139 138 -1.000000
163 138 -1.000000
114 139 -1.000000
138 139 -1.000000
139 139 4.000000
140 139 -1.000000
164 139 -1.000000
115 140 -1.000000
139 140 -1.000000
140 140 4.000000
141 140 -1.000000
165 140 -1.000000
116 141 -1.000000
140 141 -1.000000
141 141 4.000000
142 141 -1.000000
166 141 -1.000000
117 142 -1.000000
141 142 -1.000000
142 142 4.000000
143 142 -1.000000
167 142 -1.000000
118 143 -1.000000
142 143 -1.000000
143 143 4.000000
144 143 -1.000000
168 143 -1.000000
119 144 -1.000000
143 144 -1.000000
144 144 4.000000
145 144 -1.000000
169 144 -1.000000
120 145 -1.000000
144 145 -1.000000
145 145 4.000000
146 145 -1.000000
170 145 -1.000000
121 146 -1.000000
145 146 -1.000000
146 146 4.000000
147 146 -1.000000
171 146 -1.000000
122 147 -1.000000
146 147 -1.000000
147 147 4.000000
148 147 -1.000000
172 147 -1.000000
123 148 -1.000000
147 148 -1.000000
148 148 4.000000
149 148 -1.000000
173 148 -1.000000
124 149 -1.000000
148 149 -1.000000
149 149 4.000000
150 149 -1.000000
174 149 -1.000000
125 150 -1.000000
149 150 -1.000000
150 150 4.000000
175 150 -1.000000
126 151 -1.000000
151 151 4.000000
152 151 -1.000000
176 151 -1.000000
127 152 -1.000000
151 152 -1.000000
152 152 4.000000
153 152 -1.000000
177 152 -1.000000
128 153 -1.000000
152 153 -1.000000
153 153 4.000000
154 153 -1.000000
178 153 -1.000000
129 154 -1.000000
153 154 -1.000000
154 154 4.000000
155 154 -1.000000
179 154 -1.000000
130 155 -1.000000
154 155 -1.000000
155 155 4.000000
156 155 -1.000000
180 155 -1.000000
131 156 -1.000000
155 156 -1.000000
156 156 4.000000
157 156 -1.000000
181 156 -1.000000
132 157 -1.000000
156 157 -1.000000
157 157 4.000000
158 157 -1.000000
182 157 -1.000000
133 158 -1.000000
157 158 -1.000000
158 158 4.000000
159 158 -1.000000
183 158 -1.000000
134 159 -1.000000
158 159 -1.000000
159 159 4.000000
160 159 -1.000000
184 159 -1.000000
135 160 -1.000000
159 160 -1.000000
160 160 4.000000
161 160 -1.000000
185 160 -1.000000
136 161 -1.000000
160 161 -1.000000
161 161 4.000000
162 161 -1.000000
186 161 -1.000000
137 162 -1.000000
161 162 -1.000000
162 162 4.000000
163 162 -1.000000
187 162 -1.000000
138 163 -1.000000
162 163 -1.000000
163 163 4.000000
164 163 -1.000000
188 163 -1.000000
139 164 -1.000000
163 164 -1.000000
164 164 4.000000
165 164 -1.000000
189 164 -1.000000
140 165 -1.000000
164 165 -1.000000
165 165 4.000000
166 165 -1.000000
190 165 -1.000000
141 166 -1.000000
165 166 -1.000000
166 166 4.000000
167 166 -1.000000
191 166 -1.000000
142 167 -1.000000
166 167 -1.000000
167 167 4.000000
168 167 -1.000000
192 167 -1.000000
143 168 -1.000000
167 168 -1.000000
168 168 4.000000
169 168 -1.000000
193 168 -1.000000
144 169 -1.000000
168 169 -1.000000
169 169 4.000000
170 169 -1.000000
194 169 -1.000000
145 170 -1.000000
169 170 -1.000000
170 170 4.000000
171 170 -1.000000
195 170 -1.000000
146 171 -1.000000
170 171 -1.000000
171 171 4.000000
172 171 -1.000000
196 171 -1.000000
147 172 -1.000000
171 172 -1.000000
172 172 4.000000
173 172 -1.000000
197 172 -1.000000
148 173 -1.000000
172 173 -1.000000
173 173 4.000000
174 173 -1.000000
198 173 -1.000000
149 174 -1.000000
173 174 -1.000000
174 174 4.000000
175 174 -1.000000
199 174 -1.000000
150 175 -1.000000
174 175 -1.000000
175 175 4.000000
200 175 -1.000000
151 176 -1.000000
176 176 4.000000
177 176 -1.000000
201 176 -1.000000
152 177 -1.000000
176 177 -1.000000
177 177 4.000000
178 177 -1.000000
202 177 -1.000000
153 178 -1.000000
177 178 -1.000000
178 178 4.000000
179 178 -1.000000
203 178 -1.000000
154 179 -1.000000
178 179 -1.000000
179 179 4.000000
180 179 -1.000000
204 179 -1.000000
155 180 -1.000000
179 180 -1.000000
180 180 4.000000
181 180 -1.000000
205 180 -1.000000
156 181 -1.000000
180 181 -1.000000
181 181 4.000000
182 181 -1.000000
206 181 -1.000000
157 182 -1.000000
181 182 -1.000000
182 182 4.000000
183 182 -1.000000
207 182 -1.000000
158 183 -1.000000
182 183 -1.000000
183 183 4.000000
184 183 -1.000000
208 183 -1.000000
159 184 -1.000000
183 184 -1.000000
184 184 4.000000
185 184 -1.000000
209 184 -1.000000
160 185 -1.000000
184 185 -1.000000
185 185 4.000000
186 185 -1.000000
210 185 -1.000000
161 186 -1.000000
185 186 -1.000000
186 186 4.000000
187 186 -1.000000
211 186 -1.000000
162 187 -1.000000
186 187 -1.000000
187 187 4.000000
188 187 -1.000000
212 187 -1.000000
163 188 -1.000000
187 188 -1.000000
188 188 4.000000
189 188 -1.000000
213 188 -1.000000
164 189 -1.000000
188 189 -1.000000
189 189 4.000000
190 189 -1.000000
214 189 -1.000000
165 190 -1.000000
189 190 -1.000000
190 190 4.000000
191 190 -1.000000
215 190 -1.000000
166 191 -1.000000
190 191 -1.000000
191 191 4.000000
192 191 -1.000000
216 191 -1.000000
167 192 -1.000000
191 192 -1.000000
192 192 4.000000
193 192 -1.000000
217 192 -1.000000
168 193 -1.000000
192 193 -1.000000
193 193 4.000000
194 193 -1.000000
218 193 -1.000000
169 194 -1.000000
193 194 -1.000000
194 194 4.000000
195 194 -1.000000
219 194 -1.000000
170 195 -1.000000
194 195 -1.000000
195 195 4.000000
196 195 -1.000000
220 195 -1.000000
171 196 -1.000000
195 196 -1.000000
196 196 4.000000
197 196 -1.000000
221 196 -1.000000
172 197 -1.000000
196 197 -1.000000
197 197 4.000000
198 197 -1.000000
222 197 -1.000000
173 198 -1.000000
197 198 -1.000000
198 198 4.000000
199 198 -1.000000
223 198 -1.000000
174 199 -1.000000
198 199 -1.000000
199 199 4.000000
200 199 -1.000000
224 199 -1.000000
175 200 -1.000000
199 200 -1.000000
200 200 4.000000
225 200 -1.000000
176 201 -1.000000
201 201 4.000000
202 201 -1.000000
226 201 -1.000000
177 202 -1.000000
201 202 -1.000000
202 202 4.000000
203 202 -1.000000
227 202 -1.000000
178 203 -1.000000
202 203 -1.000000
203 203 4.000000
204 203 -1.000000
228 203 -1.000000
179 204 -1.000000
203 204 -1.000000
204 204 4.000000
205 204 -1.000000
229 204 -1.000000
180 205 -1.000000
204 205 -1.000000
205 205 4.000000
206 205 -1.000000
230 205 -1.000000
181 206 -1.000000
205 206 -1.000000
206 206 4.000000
207 206 -1.000000
231 206 -1.000000
182 207 -1.000000
206 207 -1.000000
207 207 4.000000
208 207 -1.000000
232 207 -1.000000
183 208 -1.000000
207 208 -1.000000
208 208 4.000000
209 208 -1.000000
233 208 -1.000000
184 209 -1.000000
208 209 -1.000000
209 209 4.000000
210 209 -1.000000
234 209 -1.000000
185 210 -1.000000
209 210 -1.000000
210 210 4.000000
211 210 -1.000000
235 210 -1.000000
186 211 -1.000000
210 211 -1.000000
211 211 4.000000
212 211 -1.000000
236 211 -1.000000
187 212 -1.000000
211 212 -1.000000
212 212 4.000000
213 212 -1.000000
237 212 -1.000000
188 213 -1.000000
212 213 -1.000000
213 213 4.000000
214 213 -1.000000
238 213 -1.000000
189 214 -1.000000
213 214 -1.000000
214 214 4.000000
215 214 -1.000000
239 214 -1.000000
190 215 -1.000000
214 215 -1.000000
215 215 4.000000
216 215 -1.000000
240 215 -1.000000
191 216 -1.000000
215 216 -1.000000
216 216 4.000000
217 216 -1.000000
241 216 -1.000000
192 217 -1.000000
216 217 -1.000000
217 217 4.000000
218 217 -1.000000
242 217 -1.000000
193 218 -1.000000
217 218 -1.000000
218 218 4.000000
219 218 -1.000000
243 218 -1.000000
194 219 -1.000000
218 219 -1.000000
219 219 4.000000
220 219 -1.000000
244 219 -1.000000
195 220 -1.000000
219 220 -1.000000
220 220 4.000000
221 220 -1.000000
245 220 -1.000000
196 221 -1.000000
220 221 -1.000000
221 221 4.000000
222 221 -1.000000
246 221 -1.000000
197 222 -1.000000
221 222 -1.000000
222 222 4.000000
223 222 -1.000000
247 222 -1.000000
198 223 -1.000000
222 223 -1.000000
223 223 4.000000
224 223 -1.000000
248 223 -1.000000
199 224 -1.000000
223 224 -1.000000
224 224 4.000000
225 224 -1.000000
249 224 -1.000000
200 225 -1.000000
224 225 -1.000000
225 225 4.000000
250 225 -1.000000
201 226 -1.000000
226 226 4.000000
227 226 -1.000000
251 226 -1.000000
202 227 -1.000000
226 227 -1.000000
227 227 4.000000
228 227 -1.000000
252 227 -1.000000
203 228 -1.000000
227 228 -1.000000
228 228 4.000000
229 228 -1.000000
253 228 -1.000000
204 229 -1.000000
228 229 -1.000000
229 229 4.000000
230 229 -1.000000
254 229 -1.000000
205 230 -1.000000
229 230 -1.000000
230 230 4.000000
231 230 -1.000000
255 230 -1.000000
206 231 -1.000000
230 231 -1.000000
231 231 4.000000
232 231 -1.000000
256 231 -1.000000
207 232 -1.000000
231 232 -1.000000
232 232 4.000000
233 232 -1.000000
257 232 -1.000000
208 233 -1.000000
232 233 -1.000000
233 233 4.000000
234 233 -1.000000
258 233 -1.000000
209 234 -1.000000
233 234 -1.000000
234 234 4.000000
235 234 -1.000000
259 234 -1.000000
210 235 -1.000000
234 235 -1.000000
235 235 4.000000
236 235 -1.000000
260 235 -1.000000
211 236 -1.000000
235 236 -1.000000
236 236 4.000000
237 236 -1.000000
261 236 -1.000000
212 237 -1.000000
236 237 -1.000000
237 237 4.000000
238 237 -1.000000
262 237 -1.000000
213 238 -1.000000
237 238 -1.000000
238 238 4.000000
239 238 -1.000000
263 238 -1.000000
214 239 -1.000000
238 239 -1.000000
239 239 4.000000
240 239 -1.000000
264 239 -1.000000
215 240 -1.000000
239 240 -1.000000
240 240 4.000000
241 240 -1.000000
265 240 -1.000000
216 241 -1.000000
240 241 -1.000000
241 241 4.000000
242 241 -1.000000
266 241 -1.000000
217 242 -1.000000
241 242 -1.000000
242 242 4.000000
243 242 -1.000000
267 242 -1.000000
218 243 -1.000000
242 243 -1.000000
243 243 4.000000
244 243 -1.000000
268 243 -1.000000
219 244 -1.000000
243 244 -1.000000
244 244 4.000000
245 244 -1.000000
269 244 -1.000000
220 245 -1.000000
244 245 -1.000000
245 245 4.000000
246 245 -1.000000
270 245 -1.000000
221 246 -1.000000
245 246 -1.000000
246 246 4.000000
247 246 -1.000000
271 246 -1.000000
222 247 -1.000000
246 247 -1.000000
247 247 4.000000
248 247 -1.000000
272 247 -1.000000
223 248 -1.000000
247 248 -1.000000
248 248 4.000000
249 248 -1.000000
273 248 -1.000000
224 249 -1.000000
248 249 -1.000000
249 249 4.000000
250 249 -1.000000
274 249 -1.000000
225 250 -1.000000
249 250 -1.000000
250 250 4.000000
275 250 -1.000000
226 251 -1.000000
251 251 4.000000
252 251 -1.000000
276 251 -1.000000
227 252 -1.000000
251 252 -1.000000
252 252 4.000000
253 252 -1.000000
277 252 -1.000000
228 253 -1.000000
252 253 -1.000000
253 253 4.000000
254 253 -1.000000
278 253 -1.000000
229 254 -1.000000
253 254 -1.000000
254 254 4.000000
255 254 -1.000000
279 254 -1.000000
230 255 -1.000000
254 255 -1.000000
255 255 4.000000
256 255 -1.000000
280 255 -1.000000
231 256 -1.000000
255 256 -1.000000
256 256 4.000000
257 256 -1.000000
281 256 -1.000000
232 257 -1.000000
256 257 -1.000000
257 257 4.000000
258 257 -1.000000
282 257 -1.000000
233 258 -1.000000
257 258 -1.000000
258 258 4.000000
259 258 -1.000000
283 258 -1.000000
234 259 -1.000000
258 259 -1.000000
259 259 4.000000
260 259 -1.000000
284 259 -1.000000
235 260 -1.000000
259 260 -1.000000
260 260 4.000000
261 260 -1.000000
285 260 -1.000000
236 261 -1.000000
260 261 -1.000000
261 261 4.000000
262 261 -1.000000
286 261 -1.000000
237 262 -1.000000
261 262 -1.000000
262 262 4.000000
263 262 -1.000000
287 262 -1.000000
238 263 -1.000000
262 263 -1.000000
263 263 4.000000
264 263 -1.000000
288 263 -1.000000
239 264 -1.000000
263 264 -1.000000
264 264 4.000000
265 264 -1.000000
289 264 -1.000000
240 265 -1.000000
264 265 -1.000000
265 265 4.000000
266 265 -1.000000
290 265 -1.000000
241 266 -1.000000
265 266 -1.000000
266 266 4.000000
267 266 -1.000000
291 266 -1.000000
242 267 -1.000000
266 267 -1.000000
267 267 4.000000
268 267 -1.000000
292 267 -1.000000
243 268 -1.000000
267 268 -1.000000
268 268 4.000000
269 268 -1.000000
293 268 -1.000000
244 269 -1.000000
268 269 -1.000000
269 269 4.000000
270 269 -1.000000
294 269 -1.000000
245 270 -1.000000
269 270 -1.000000
270 270 4.000000
271 270 -1.000000
295 270 -1.000000
246 271 -1.000000
270 271 -1.000000
271 271 4.000000
272 271 -1.000000
296 271 -1.000000
247 272 -1.000000
271 272 -1.000000
272 272 4.000000
273 272 -1.000000
297 272 -1.000000
248 273 -1.000000
272 273 -1.000000
273 273 4.000000
274 273 -1.000000
298 273 -1.000000
249 274 -1.000000
273 274 -1.000000
274 274 4.000000
275 274 -1.000000
299 274 -1.000000
250 275 -1.000000
274 275 -1.000000
275 275 4.000000
300 275 -1.000000
251 276 -1.000000
276 276 4.000000
277 276 -1.000000
301 276 -1.000000
252 277 -1.000000
276 277 -1.000000
277 277 4.000000
278 277 -1.000000
302 277 -1.000000
253 278 -1.000000
277 278 -1.000000
278 278 4.000000
279 278 -1.000000
303 278 -1.000000
254 279 -1.000000
278 279 -1.000000
279 279 4.000000
280 279 -1.000000
304 279 -1.000000
255 280 -1.000000
279 280 -1.000000
280 280 4.000000
281 280 -1.000000
305 280 -1.000000
256 281 -1.000000
280 281 -1.000000
281 281 4.000000
282 281 -1.000000
306 281 -1.000000
257 282 -1.000000
281 282 -1.000000
282 282 4.000000
283 282 -1.000000
307 282 -1.000000
258 283 -1.000000
282 283 -1.000000
283 283 4.000000
284 283 -1.000000
308 283 -1.000000
259 284 -1.000000
283 284 -1.000000
284 284 4.000000
285 284 -1.000000
309 284 -1.000000
260 285 -1.000000
284 285 -1.000000
285 285 4.000000
286 285 -1.000000
310 285 -1.000000
261 286 -1.000000
285 286 -1.000000
286 286 4.000000
287 286 -1.000000
311 286 -1.000000
262 287 -1.000000
286 287 -1.000000
287 287 4.000000
288 287 -1.000000
312 287 -1.000000
263 288 -1.000000
287 288 -1.000000
288 288 4.000000
289 288 -1.000000
313 288 -1.000000
264 289 -1.000000
288 289 -1.000000
289 289 4.000000
290 289 -1.000000
314 289 -1.000000
265 290 -1.000000
289 290 -1.000000
290 290 4.000000
291 290 -1.000000
315 290 -1.000000
266 291 -1.000000
290 291 -1.000000
291 291 4.000000
292 291 -1.000000
316 291 -1.000000
267 292 -1.000000
291 292 -1.000000
292 292 4.000000
293 292 -1.000000
317 292 -1.000000
268 293 -1.000000
292 293 -1.000000
293 293 4.000000
294 293 -1.000000
318 293 -1.000000
269 294 -1.000000
293 294 -1.000000
294 294 4.000000
295 294 -1.000000
319 294 -1.000000
270 295 -1.000000
294 295 -1.000000
295 295 4.000000
296 295 -1.000000
320 295 -1.000000
271 296 -1.000000
295 296 -1.000000
296 296 4.000000
297 296 -1.000000
321 296 -1.000000
272 297 -1.000000
296 297 -1.000000
297 297 4.000000
298 297 -1.000000
322 297 -1.000000
273 298 -1.000000
297 298 -1.000000
298 298 4.000000
299 298 -1.000000
323 298 -1.000000
274 299 -1.000000
298 299 -1.000000
299 299 4.000000
300 299 -1.000000
324 299 -1.000000
275 300 -1.000000
299 300 -1.000000
300 300 4.000000
325 300 -1.000000
276 301 -1.000000
301 301 4.000000
302 301 -1.000000
326 301 -1.000000
277 302 -1.000000
301 302 -1.000000
302 302 4.000000
303 302 -1.000000
327 302 -1.000000
278 303 -1.000000
302 303 -1.000000
303 303 4.000000
304 303 -1.000000
328 303 -1.000000
279 304 -1.000000
303 304 -1.000000
304 304 4.000000
305 304 -1.000000
329 304 -1.000000
280 305 -1.000000
304 305 -1.000000
305 305 4.000000
306 305 -1.000000
330 305 -1.000000
281 306 -1.000000
305 306 -1.000000
306 306 4.000000
307 306 -1.000000
331 306 -1.000000
282 307 -1.000000
306 307 -1.000000
307 307 4.000000
308 307 -1.000000
332 307 -1.000000
283 308 -1.000000
307 308 -1.000000
308 308 4.000000
309 308 -1.000000
333 308 -1.000000
284 309 -1.000000
308 309 -1.000000
309 309 4.000000
310 309 -1.000000
334 309 -1.000000
285 310 -1.000000
309 310 -1.000000
310 310 4.000000
311 310 -1.000000
335 310 -1.000000
286 311 -1.000000
310 311 -1.000000
311 311 4.000000
312 311 -1.000000
336 311 -1.000000
287 312 -1.000000
311 312 -1.000000
312 312 4.000000
313 312 -1.000000
337 312 -1.000000
288 313 -1.000000
312 313 -1.000000
313 313 4.000000
314 313 -1.000000
338 313 -1.000000
289 314 -1.000000
313 314 -1.000000
314 314 4.000000
315 314 -1.000000
339 314 -1.000000
290 315 -1.000000
314 315 -1.000000
315 315 4.000000
316 315 -1.000000
340 315 -1.000000
291 316 -1.000000
315 316 -1.000000
316 316 4.000000
317 316 -1.000000
341 316 -1.000000
292 317 -1.000000
316 317 -1.000000
317 317 4.000000
318 317 -1.000000
342 317 -1.000000
293 318 -1.000000
317 318 -1.000000
318 318 4.000000
319 318 -1.000000
343 318 -1.000000
294 319 -1.000000
318 319 -1.000000
319 319 4.000000
320 319 -1.000000
344 319 -1.000000
295 320 -1.000000
319 320 -1.000000
320 320 4.000000
321 320 -1.000000
345 320 -1.000000
296 321 -1.000000
320 321 -1.000000
321 321 4.000000
322 321 -1.000000
346 321 -1.000000
297 322 -1.000000
321 322 -1.000000
322 322 4.000000
323 322 -1.000000
347 322 -1.000000
298 323 -1.000000
322 323 -1.000000
323 323 4.000000
324 323 -1.000000
348 323 -1.000000
299 324 -1.000000
323 324 -1.000000
324 324 4.000000
325 324 -1.000000
349 324 -1.000000
300 325 -1.000000
324 325 -1.000000
325 325 4.000000
350 325 -1.000000
301 326 -1.000000
326 326 4.000000
327 326 -1.000000
351 326 -1.000000
302 327 -1.000000
326 327 -1.000000
327 327 4.000000
328 327 -1.000000
352 327 -1.000000
303 328 -1.000000
327 328 -1.000000
328 328 4.000000
329 328 -1.000000
353 328 -1.000000
304 329 -1.000000
328 329 -1.000000
329 329 4.000000
330 329 -1.000000
354 329 -1.000000
305 330 -1.000000
329 330 -1.000000
330 330 4.000000
331 330 -1.000000
355 330 -1.000000
306 331 -1.000000
330 331 -1.000000
331 331 4.000000
332 331 -1.000000
356 331 -1.000000
307 332 -1.000000
331 332 -1.000000
332 332 4.000000
333 332 -1.000000
357 332 -1.000000
308 333 -1.000000
332 333 -1.000000
333 333 4.000000
334 333 -1.000000
358 333 -1.000000
309 334 -1.000000
333 334 -1.000000
334 334 4.000000
335 334 -1.000000
359 334 -1.000000
310 335 -1.000000
334 335 -1.000000
335 335 4.000000
336 335 -1.000000
360 335 -1.000000
311 336 -1.000000
335 336 -1.000000
336 336 4.000000
337 336 -1.000000
361 336 -1.000000
312 337 -1.000000
336 337 -1.000000
337 337 4.000000
338 337 -1.000000
362 337 -1.000000
313 338 -1.000000
337 338 -1.000000
338 338 4.000000
339 338 -1.000000
363 338 -1.000000
314 339 -1.000000
338 339 -1.000000
339 339 4.000000
340 339 -1.000000
364 339 -1.000000
315 340 -1.000000
339 340 -1.000000
340 340 4.000000
341 340 -1.000000
365 340 -1.000000
316 341 -1.000000
340 341 -1.000000
341 341 4.000000
342 341 -1.000000
366 341 -1.000000
317 342 -1.000000
341 342 -1.000000
342 342 4.000000
343 342 -1.000000
367 342 -1.000000
318 343 -1.000000
342 343 -1.000000
343 343 4.000000
344 343 -1.000000
368 343 -1.000000
319 344 -1.000000
343 344 -1.000000
344 344 4.000000
345 344 -1.000000
369 344 -1.000000
320 345 -1.000000
344 345 -1.000000
345 345 4.000000
346 345 -1.000000
370 345 -1.000000
321 346 -1.000000
345 346 -1.000000
346 346 4.000000
347 346 -1.000000
371 346 -1.000000
322 347 -1.000000
346 347 -1.000000
347 347 4.000000
348 347 -1.000000
372 347 -1.000000
323 348 -1.000000
347 348 -1.000000
348 348 4.000000
349 348 -1.000000
373 348 -1.000000
324 349 -1.000000
348 349 -1.000000
349 349 4.000000
350 349 -1.000000
374 349 -1.000000
325 350 -1.000000
349 350 -1.000000
350 350 4.000000
375 350 -1.000000
326 351 -1.000000
351 351 4.000000
352 351 -1.000000
376 351 -1.000000
327 352 -1.000000
351 352 -1.000000
352 352 4.000000
353 352 -1.000000
377 352 -1.000000
328 353 -1.000000
352 353 -1.000000
353 353 4.000000
354 353 -1.000000
378 353 -1.000000
329 354 -1.000000
353 354 -1.000000
354 354 4.000000
355 354 -1.000000
379 354 -1.000000
330 355 -1.000000
354 355 -1.000000
355 355 4.000000
356 355 -1.000000
380 355 -1.000000
331 356 -1.000000
355 356 -1.000000
356 356 4.000000
357 356 -1.000000
381 356 -1.000000
332 357 -1.000000
356 357 -1.000000
357 357 4.000000
358 357 -1.000000
382 357 -1.000000
333 358 -1.000000
357 358 -1.000000
358 358 4.000000
359 358 -1.000000
383 358 -1.000000
334 359 -1.000000
358 359 -1.000000
359 359 4.000000
360 359 -1.000000
384 359 -1.000000
335 360 -1.000000
359 360 -1.000000
360 360 4.000000
361 360 -1.000000
385 360 -1.000000
336 361 -1.000000
360 361 -1.000000
361 361 4.000000
362 361 -1.000000
386 361 -1.000000
337 362 -1.000000
361 362 -1.000000
362 362 4.000000
363 362 -1.000000
387 362 -1.000000
338 363 -1.000000
362 363 -1.000000
363 363 4.000000
364 363 -1.000000
388 363 -1.000000
339 364 -1.000000
363 364 -1.000000
364 364 4.000000
365 364 -1.000000
389 364 -1.000000
340 365 -1.000000
364 365 -1.000000
365 365 4.000000
366 365 -1.000000
390 365 -1.000000
341 366 -1.000000
365 366 -1.000000
366 366 4.000000
367 366 -1.000000
391 366 -1.000000
342 367 -1.000000
366 367 -1.000000
367 367 4.000000
368 367 -1.000000
392 367 -1.000000
343 368 -1.000000
367 368 -1.000000
368 368 4.000000
369 368 -1.000000
393 368 -1.000000
344 369 -1.000000
368 369 -1.000000
369 369 4.000000
370 369 -1.000000
394 369 -1.000000
345 370 -1.000000
369 370 -1.000000
370 370 4.000000
371 370 -1.000000
395 370 -1.000000
346 371 -1.000000
370 371 -1.000000
371 371 4.000000
372 371 -1.000000
396 371 -1.000000
347 372 -1.000000
371 372 -1.000000
372 372 4.000000
373 372 -1.000000
397 372 -1.000000
348 373 -1.000000
372 373 -1.000000
373 373 4.000000
374 373 -1.000000
398 373 -1.000000
349 374 -1.000000
373 374 -1.000000
374 374 4.000000
375 374 -1.000000
399 374 -1.000000
350 375 -1.000000
374 375 -1.000000
375 375 4.000000
400 375 -1.000000
351 376 -1.000000
376 376 4.000000
377 376 -1.000000
401 376 -1.000000
352 377 -1.000000
376 377 -1.000000
377 377 4.000000
378 377 -1.000000
402 377 -1.000000
353 378 -1.000000
377 378 -1.000000
378 378 4.000000
379 378 -1.000000
403 378 -1.000000
354 379 -1.000000
378 379 -1.000000
379 379 4.000000
380 379 -1.000000
404 379 -1.000000
355 380 -1.000000
379 380 -1.000000
380 380 4.000000
381 380 -1.000000
405 380 -1.000000
356 381 -1.000000
380 381 -1.000000
381 381 4.000000
382 381 -1.000000
406 381 -1.000000
357 382 -1.000000
381 382 -1.000000
382 382 4.000000
383 382 -1.000000
407 382 -1.000000
358 383 -1.000000
382 383 -1.000000
383 383 4.000000
384 383 -1.000000
408 383 -1.000000
359 384 -1.000000
383 384 -1.000000
384 384 4.000000
385 384 -1.000000
409 384 -1.000000
360 385 -1.000000
384 385 -1.000000
385 385 4.000000
386 385 -1.000000
410 385 -1.000000
361 386 -1.000000
385 386 -1.000000
386 386 4.000000
387 386 -1.000000
411 386 -1.000000
362 387 -1.000000
386 387 -1.000000
387 387 4.000000
388 387 -1.000000
412 387 -1.000000
363 388 -1.000000
387 388 -1.000000
388 388 4.000000
389 388 -1.000000
413 388 -1.000000
364 389 -1.000000
388 389 -1.000000
389 389 4.000000
390 389 -1.000000
414 389 -1.000000
365 390 -1.000000
389 390 -1.000000
390 390 4.000000
391 390 -1.000000
415 390 -1.000000
366 391 -1.000000
390 391 -1.000000
391 391 4.000000
392 391 -1.000000
416 391 -1.000000
367 392 -1.000000
391 392 -1.000000
392 392 4.000000
393 392 -1.000000
417 392 -1.000000
368 393 -1.000000
392 393 -1.000000
393 393 4.000000
394 393 -1.000000
418 393 -1.000000
369 394 -1.000000
393 394 -1.000000
394 394 4.000000
395 394 -1.000000
419 394 -1.000000
370 395 -1.000000
394 395 -1.000000
395 395 4.000000
396 395 -1.000000
420 395 -1.000000
371 396 -1.000000
395 396 -1.000000
396 396 4.000000
397 396 -1.000000
421 396 -1.000000
372 397 -1.000000
396 397 -1.000000
397 397 4.000000
398 397 -1.000000
422 397 -1.000000
373 398 -1.000000
397 398 -1.000000
398 398 4.000000
399 398 -1.000000
423 398 -1.000000
374 399 -1.000000
398 399 -1.000000
399 399 4.000000
400 399 -1.000000
424 399 -1.000000
375 400 -1.000000
399 400 -1.000000
400 400 4.000000
425 400 -1.000000
376 401 -1.000000
401 401 4.000000
402 401 -1.000000
426 401 -1.000000
377 402 -1.000000
401 402 -1.000000
402 402 4.000000
403 402 -1.000000
427 402 -1.000000
378 403 -1.000000
402 403 -1.000000
403 403 4.000000
404 403 -1.000000
428 403 -1.000000
379 404 -1.000000
403 404 -1.000000
404 404 4.000000
405 404 -1.000000
429 404 -1.000000
380 405 -1.000000
404 405 -1.000000
405 405 4.000000
406 405 -1.000000
430 405 -1.000000
381 406 -1.000000
405 406 -1.000000
406 406 4.000000
407 406 -1.000000
431 406 -1.000000
382 407 -1.000000
406 407 -1.000000
407 407 4.000000
408 407 -1.000000
432 407 -1.000000
383 408 -1.000000
407 408 -1.000000
408 408 4.000000
409 408 -1.000000
433 408 -1.000000
384 409 -1.000000
408 409 -1.000000
409 409 4.000000
410 409 -1.000000
434 409 -1.000000
385 410 -1.000000
409 410 -1.000000
410 410 4.000000
411 410 -1.000000
435 410 -1.000000
386 411 -1.000000
410 411 -1.000000
411 411 4.000000
412 411 -1.000000
436 411 -1.000000
387 412 -1.000000
411 412 -1.000000
412 412 4.000000
413 412 -1.000000
437 412 -1.000000
388 413 -1.000000
412 413 -1.000000
413 413 4.000000
414 413 -1.000000
438 413 -1.000000
389 414 -1.000000
413 414 -1.000000
414 414 4.000000
415 414 -1.000000
439 414 -1.000000
390 415 -1.000000
414 415 -1.000000
415 415 4.000000
416 415 -1.000000
440 415 -1.000000
391 416 -1.000000
415 416 -1.000000
416 416 4.000000
417 416 -1.000000
441 416 -1.000000
392 417 -1.000000
416 417 -1.000000
417 417 4.000000
418 417 -1.000000
442 417 -1.000000
393 418 -1.000000
417 418 -1.000000
418 418 4.000000
419 418 -1.000000
443 418 -1.000000
394 419 -1.000000
418 419 -1.000000
419 419 4.000000
420 419 -1.000000
444 419 -1.000000
395 420 -1.000000
419 420 -1.000000
420 420 4.000000
421 420 -1.000000
445 420 -1.000000
396 421 -1.000000
420 421 -1.000000
421 421 4.000000
422 421 -1.000000
446 421 -1.000000
397 422 -1.000000
421 422 -1.000000
422 422 4.000000
423 422 -1.000000
447 422 -1.000000
398 423 -1.000000
422 423 -1.000000
423 423 4.000000
424 423 -1.000000
448 423 -1.000000
399 424 -1.000000
423 424 -1.000000
424 424 4.000000
425 424 -1.000000
449 424 -1.000000
400 425 -1.000000
424 425 -1.000000
425 425 4.000000
450 425 -1.000000
401 426 -1.000000
426 426 4.000000
427 426 -1.000000
451 426 -1.000000
402 427 -1.000000
426 427 -1.000000
427 427 4.000000
428 427 -1.000000
452 427 -1.000000
403 428 -1.000000
427 428 -1.000000
428 428 4.000000
429 428 -1.000000
453 428 -1.000000
404 429 -1.000000
428 429 -1.000000
429 429 4.000000
430 429 -1.000000
454 429 -1.000000
405 430 -1.000000
429 430 -1.000000
430 430 4.000000
431 430 -1.000000
455 430 -1.000000
406 431 -1.000000
430 431 -1.000000
431 431 4.000000
432 431 -1.000000
456 431 -1.000000
407 432 -1.000000
431 432 -1.000000
432 432 4.000000
433 432 -1.000000
457 432 -1.000000
408 433 -1.000000
432 433 -1.000000
433 433 4.000000
434 433 -1.000000
458 433 -1.000000
409 434 -1.000000
433 434 -1.000000
434 434 4.000000
435 434 -1.000000
459 434 -1.000000
410 435 -1.000000
434 435 -1.000000
435 435 4.000000
436 435 -1.000000
460 435 -1.000000
411 436 -1.000000
435 436 -1.000000
436 436 4.000000
437 436 -1.000000
461 436 -1.000000
412 437 -1.000000
436 437 -1.000000
437 437 4.000000
438 437 -1.000000
462 437 -1.000000
413 438 -1.000000
437 438 -1.000000
438 438 4.000000
439 438 -1.000000
463 438 -1.000000
414 439 -1.000000
438 439 -1.000000
439 439 4.000000
440 439 -1.000000
464 439 -1.000000
415 440 -1.000000
439 440 -1.000000
440 440 4.000000
441 440 -1.000000
465 440 -1.000000
416 441 -1.000000
440 441 -1.000000
441 441 4.000000
442 441 -1.000000
466 441 -1.000000
417 442 -1.000000
441 442 -1.000000
442 442 4.000000
443 442 -1.000000
467 442 -1.000000
418 443 -1.000000
442 443 -1.000000
443 443 4.000000
444 443 -1.000000
468 443 -1.000000
419 444 -1.000000
443 444 -1.000000
444 444 4.000000
445 444 -1.000000
469 444 -1.000000
420 445 -1.000000
444 445 -1.000000
445 445 4.000000
446 445 -1.000000
470 445 -1.000000
421 446 -1.000000
445 446 -1.000000
446 446 4.000000
447 446 -1.000000
471 446 -1.000000
422 447 -1.000000
446 447 -1.000000
447 447 4.000000
448 447 -1.000000
472 447 -1.000000
423 448 -1.000000
447 448 -1.000000
448 448 4.000000
449 448 -1.000000
473 448 -1.000000
424 449 -1.000000
448 449 -1.000000
449 449 4.000000
450 449 -1.000000
474 449 -1.000000
425 450 -1.000000
449 450 -1.000000
450 450 4.000000
475 450 -1.000000
426 451 -1.000000
451 451 4.000000
452 451 -1.000000
476 451 -1.000000
427 452 -1.000000
451 452 -1.000000
452 452 4.000000
453 452 -1.000000
477 452 -1.000000
428 453 -1.000000
452 453 -1.000000
453 453 4.000000
454 453 -1.000000
478 453 -1.000000
429 454 -1.000000
453 454 -1.000000
454 454 4.000000
455 454 -1.000000
479 454 -1.000000
430 455 -1.000000
454 455 -1.000000
455 455 4.000000
456 455 -1.000000
480 455 -1.000000
431 456 -1.000000
455 456 -1.000000
456 456 4.000000
457 456 -1.000000
481 456 -1.000000
432 457 -1.000000
456 457 -1.000000
457 457 4.000000
458 457 -1.000000
482 457 -1.000000
433 458 -1.000000
457 458 -1.000000
458 458 4.000000
459 458 -1.000000
483 458 -1.000000
434 459 -1.000000
458 459 -1.000000
459 459 4.000000
460 459 -1.000000
484 459 -1.000000
435 460 -1.000000
459 460 -1.000000
460 460 4.000000
461 460 -1.000000
485 460 -1.000000
436 461 -1.000000
460 461 -1.000000
461 461 4.000000
462 461 -1.000000
486 461 -1.000000
437 462 -1.000000
461 462 -1.000000
462 462 4.000000
463 462 -1.000000
487 462 -1.000000
438 463 -1.000000
462 463 -1.000000
463 463 4.000000
464 463 -1.000000
488 463 -1.000000
439 464 -1.000000
463 464 -1.000000
464 464 4.000000
465 464 -1.000000
489 464 -1.000000
440 465 -1.000000
464 465 -1.000000
465 465 4.000000
466 465 -1.000000
490 465 -1.000000
441 466 -1.000000
465 466 -1.000000
466 466 4.000000
467 466 -1.000000
491 466 -1.000000
442 467 -1.000000
466 467 -1.000000
467 467 4.000000
468 467 -1.000000
492 467 -1.000000
443 468 -1.000000
467 468 -1.000000
468 468 4.000000
469 468 -1.000000
493 468 -1.000000
444 469 -1.000000
468 469 -1.000000
469 469 4.000000
470 469 -1.000000
494 469 -1.000000
445 470 -1.000000
469 470 -1.000000
470 470 4.000000
471 470 -1.000000
495 470 -1.000000
446 471 -1.000000
470 471 -1.000000
471 471 4.000000
472 471 -1.000000
496 471 -1.000000
447 472 -1.000000
471 472 -1.000000
472 472 4.000000
473 472 -1.000000
497 472 -1.000000
448 473 -1.000000
472 473 -1.000000
473 473 4.000000
474 473 -1.000000
498 473 -1.000000
449 474 -1.000000
473 474 -1.000000
474 474 4.000000
475 474 -1.000000
499 474 -1.000000
450 475 -1.000000
474 475 -1.000000
475 475 4.000000
500 475 -1.000000
451 476 -1.000000
476 476 4.000000
477 476 -1.000000
501 476 -1.000000
452 477 -1.000000
476 477 -1.000000
477 477 4.000000
478 477 -1.000000
502 477 -1.000000
453 478 -1.000000
477 478 -1.000000
478 478 4.000000
479 478 -1.000000
503 478 -1.000000
454 479 -1.000000
478 479 -1.000000
479 479 4.000000
480 479 -1.000000
504 479 -1.000000
455 480 -1.000000
479 480 -1.000000
480 480 4.000000
481 480 -1.000000
505 480 -1.000000
456 481 -1.000000
480 481 -1.000000
481 481 4.000000
482 481 -1.000000
506 481 -1.000000
457 482 -1.000000
481 482 -1.000000
482 482 4.000000
483 482 -1.000000
507 482 -1.000000
458 483 -1.000000
482 483 -1.000000
483 483 4.000000
484 483 -1.000000
508 483 -1.000000
459 484 -1.000000
483 484 -1.000000
484 484 4.000000
485 484 -1.000000
509 484 -1.000000
460 485 -1.000000
484 485 -1.000000
485 485 4.000000
486 485 -1.000000
510 485 -1.000000
461 486 -1.000000
485 486 -1.000000
486 486 4.000000
487 486 -1.000000
511 486 -1.000000
462 487 -1.000000
486 487 -1.000000
487 487 4.000000
488 487 -1.000000
512 487 -1.000000
463 488 -1.000000
487 488 -1.000000
488 488 4.000000
489 488 -1.000000
513 488 -1.000000
464 489 -1.000000
488 489 -1.000000
489 489 4.000000
490 489 -1.000000
514 489 -1.000000
465 490 -1.000000
489 490 -1.000000
490 490 4.000000
491 490 -1.000000
515 490 -1.000000
466 491 -1.000000
490 491 -1.000000
491 491 4.000000
492 491 -1.000000
516 491 -1.000000
467 492 -1.000000
491 492 -1.000000
492 492 4.000000
493 492 -1.000000
517 492 -1.000000
468 493 -1.000000
492 493 -1.000000
493 493 4.000000
494 493 -1.000000
518 493 -1.000000
469 494 -1.000000
493 494 -1.000000
494 494 4.000000
495 494 -1.000000
519 494 -1.000000
470 495 -1.000000
494 495 -1.000000
495 495 4.000000
496 495 -1.000000
520 495 -1.000000
471 496 -1.000000
495 496 -1.000000
496 496 4.000000
497 496 -1.000000
521 496 -1.000000
472 497 -1.000000
496 497 -1.000000
497 497 4.000000
498 497 -1.000000
522 497 -1.000000
473 498 -1.000000
497 498 -1.000000
498 498 4.000000
499 498 -1.000000
523 498 -1.000000
474 499 -1.000000
498 499 -1.000000
499 499 4.000000
500 499 -1.000000
524 499 -1.000000
475 500 -1.000000
499 500 -1.000000
500 500 4.000000
525 500 -1.000000
476 501 -1.000000
501 501 4.000000
502 501 -1.000000
526 501 -1.000000
477 502 -1.000000
501 502 -1.000000
502 502 4.000000
503 502 -1.000000
527 502 -1.000000
478 503 -1.000000
502 503 -1.000000
503 503 4.000000
504 503 -1.000000
528 503 -1.000000
479 504 -1.000000
503 504 -1.000000
504 504 4.000000
505 504 -1.000000
529 504 -1.000000
480 505 -1.000000
504 505 -1.000000
505 505 4.000000
506 505 -1.000000
530 505 -1.000000
481 506 -1.000000
505 506 -1.000000
506 506 4.000000
507 506 -1.000000
531 506 -1.000000
482 507 -1.000000
506 507 -1.000000
507 507 4.000000
508 507 -1.000000
532 507 -1.000000
483 508 -1.000000
507 508 -1.000000
508 508 4.000000
509 508 -1.000000
533 508 -1.000000
484 509 -1.000000
508 509 -1.000000
509 509 4.000000
510 509 -1.000000
534 509 -1.000000
485 510 -1.000000
509 510 -1.000000
510 510 4.000000
511 510 -1.000000
535 510 -1.000000
486 511 -1.000000
510 511 -1.000000
511 511 4.000000
512 511 -1.000000
536 511 -1.000000
487 512 -1.000000
511 512 -1.000000
512 512 4.000000
513 512 -1.000000
537 512 -1.000000
488 513 -1.000000
512 513 -1.000000
513 513 4.000000
514 513 -1.000000
538 513 -1.000000
489 514 -1.000000
513 514 -1.000000
514 514 4.000000
515 514 -1.000000
539 514 -1.000000
490 515 -1.000000
514 515 -1.000000
515 515 4.000000
516 515 -1.000000
540 515 -1.000000
491 516 -1.000000
515 516 -1.000000
516 516 4.000000
517 516 -1.000000
541 516 -1.000000
492 517 -1.000000
516 517 -1.000000
517 517 4.000000
518 517 -1.000000
542 517 -1.000000
493 518 -1.000000
517 518 -1.000000
518 518 4.000000
519 518 -1.000000
543 518 -1.000000
494 519 -1.000000
518 519 -1.000000
519 519 4.000000
520 519 -1.000000
544 519 -1.000000
495 520 -1.000000
519 520 -1.000000
520 520 4.000000
521 520 -1.000000
545 520 -1.000000
496 521 -1.000000
520 521 -1.000000
521 521 4.000000
522 521 -1.000000
546 521 -1.000000
497 522 -1.000000
521 522 -1.000000
522 522 4.000000
523 522 -1.000000
547 522 -1.000000
498 523 -1.000000
522 523 -1.000000
523 523 4.000000
524 523 -1.000000
548 523 -1.000000
499 524 -1.000000
523 524 -1.000000
524 524 4.000000
525 524 -1.000000
549 524 -1.000000
500 525 -1.000000
524 525 -1.000000
525 525 4.000000
550 525 -1.000000
501 526 -1.000000
526 526 4.000000
527 526 -1.000000
551 526 -1.000000
502 527 -1.000000
526 527 -1.000000
527 527 4.000000
528 527 -1.000000
552 527 -1.000000
503 528 -1.000000
527 528 -1.000000
528 528 4.000000
529 528 -1.000000
553 528 -1.000000
504 529 -1.000000
528 529 -1.000000
529 529 4.000000
530 529 -1.000000
554 529 -1.000000
505 530 -1.000000
529 530 -1.000000
530 530 4.000000
531 530 -1.000000
555 530 -1.000000
506 531 -1.000000
530 531 -1.000000
531 531 4.000000
532 531 -1.000000
556 531 -1.000000
507 532 -1.000000
531 532 -1.000000
532 532 4.000000
533 532 -1.000000
557 532 -1.000000
508 533 -1.000000
532 533 -1.000000
533 533 4.000000
534 533 -1.000000
558 533 -1.000000
509 534 -1.000000
533 534 -1.000000
534 534 4.000000
535 534 -1.000000
559 534 -1.000000
510 535 -1.000000
534 535 -1.000000
535 535 4.000000
536 535 -1.000000
560 535 -1.000000
511 536 -1.000000
535 536 -1.000000
536 536 4.000000
537 536 -1.000000
561 536 -1.000000
512 537 -1.000000
536 537 -1.000000
537 537 4.000000
538 537 -1.000000
562 537 -1.000000
513 538 -1.000000
537 538 -1.000000
538 538 4.000000
539 538 -1.000000
563 538 -1.000000
514 539 -1.000000
538 539 -1.000000
539 539 4.000000
540 539 -1.000000
564 539 -1.000000
515 540 -1.000000
539 540 -1.000000
540 540 4.000000
541 540 -1.000000
565 540 -1.000000
516 541 -1.000000
540 541 -1.000000
541 541 4.000000
542 541 -1.000000
566 541 -1.000000
517 542 -1.000000
541 542 -1.000000
542 542 4.000000
543 542 -1.000000
567 542 -1.000000
518 543 -1.000000
542 543 -1.000000
543 543 4.000000
544 543 -1.000000
568 543 -1.000000
519 544 -1.000000
543 544 -1.000000
544 544 4.000000
545 544 -1.000000
569 544 -1.000000
520 545 -1.000000
544 545 -1.000000
545 545 4.000000
546 545 -1.000000
570 545 -1.000000
521 546 -1.000000
545 546 -1.000000
546 546 4.000000
547 546 -1.000000
571 546 -1.000000
522 547 -1.000000
546 547 -1.000000
547 547 4.000000
548 547 -1.000000
572 547 -1.000000
523 548 -1.000000
547 548 -1.000000
548 548 4.000000
549 548 -1.000000
573 548 -1.000000
524 549 -1.000000
548 549 -1.000000
549 549 4.000000
550 549 -1.000000
574 549 -1.000000
525 550 -1.000000
549 550 -1.000000
550 550 4.000000
575 550 -1.000000
526 551 -1.000000
551 551 4.000000
552 551 -1.000000
576 551 -1.000000
527 552 -1.000000
551 552 -1.000000
552 552 4.000000
553 552 -1.000000
577 552 -1.000000
528 553 -1.000000
552 553 -1.000000
553 553 4.000000
554 553 -1.000000
578 553 -1.000000
529 554 -1.000000
553 554 -1.000000
554 554 4.000000
555 554 -1.000000
579 554 -1.000000
530 555 -1.000000
554 555 -1.000000
555 555 4.000000
556 555 -1.000000
580 555 -1.000000
531 556 -1.000000
555 556 -1.000000
556 556 4.000000
557 556 -1.000000
581 556 -1.000000
532 557 -1.000000
556 557 -1.000000
557 557 4.000000
558 557 -1.000000
582 557 -1.000000
533 558 -1.000000
557 558 -1.000000
558 558 4.000000
559 558 -1.000000
583 558 -1.000000
534 559 -1.000000
558 559 -1.000000
559 559 4.000000
560 559 -1.000000
584 559 -1.000000
535 560 -1.000000
559 560 -1.000000
560 560 4.000000
561 560 -1.000000
585 560 -1.000000
536 561 -1.000000
560 561 -1.000000
561 561 4.000000
562 561 -1.000000
586 561 -1.000000
537 562 -1.000000
561 562 -1.000000
562 562 4.000000
563 562 -1.000000
587 562 -1.000000
538 563 -1.000000
562 563 -1.000000
563 563 4.000000
564 563 -1.000000
588 563 -1.000000
539 564 -1.000000
563 564 -1.000000
564 564 4.000000
565 564 -1.000000
589 564 -1.000000
540 565 -1.000000
564 565 -1.000000
565 565 4.000000
566 565 -1.000000
590 565 -1.000000
541 566 -1.000000
565 566 -1.000000
566 566 4.000000
567 566 -1.000000
591 566 -1.000000
542 567 -1.000000
566 567 -1.000000
567 567 4.000000
568 567 -1.000000
592 567 -1.000000
543 568 -1.000000
567 568 -1.000000
568 568 4.000000
569 568 -1.000000
593 568 -1.000000
544 569 -1.000000
568 569 -1.000000
569 569 4.000000
570 569 -1.000000
594 569 -1.000000
545 570 -1.000000
569 570 -1.000000
570 570 4.000000
571 570 -1.000000
595 570 -1.000000
546 571 -1.000000
570 571 -1.000000
571 571 4.000000
572 571 -1.000000
596 571 -1.000000
547 572 -1.000000
571 572 -1.000000
572 572 4.000000
573 572 -1.000000
597 572 -1.000000
548 573 -1.000000
572 573 -1.000000
573 573 4.000000
574 573 -1.000000
598 573 -1.000000
549 574 -1.000000
573 574 -1.000000
574 574 4.000000
575 574 -1.000000
599 574 -1.000000
550 575 -1.000000
574 575 -1.000000
575 575 4.000000
600 575 -1.000000
551 576 -1.000000
576 576 4.000000
577 576 -1.000000
601 576 -1.000000
552 577 -1.000000
576 577 -1.000000
577 577 4.000000
578 577 -1.000000
602 577 -1.000000
553 578 -1.000000
577 578 -1.000000
578 578 4.000000
579 578 -1.000000
603 578 -1.000000
554 579 -1.000000
578 579 -1.000000
579 579 4.000000
580 579 -1.000000
604 579 -1.000000
555 580 -1.000000
579 580 -1.000000
580 580 4.000000
581 580 -1.000000
605 580 -1.000000
556 581 -1.000000
580 581 -1.000000
581 581 4.000000
582 581 -1.000000
606 581 -1.000000
557 582 -1.000000
581 582 -1.000000
582 582 4.000000
583 582 -1.000000
607 582 -1.000000
558 583 -1.000000
582 583 -1.000000
583 583 4.000000
584 583 -1.000000
608 583 -1.000000
559 584 -1.000000
583 584 -1.000000
584 584 4.000000
585 584 -1.000000
609 584 -1.000000
560 585 -1.000000
584 585 -1.000000
585 585 4.000000
586 585 -1.000000
610 585 -1.000000
561 586 -1.000000
585 586 -1.000000
586 586 4.000000
587 586 -1.000000
611 586 -1.000000
562 587 -1.000000
586 587 -1.000000
587 587 4.000000
588 587 -1.000000
612 587 -1.000000
563 588 -1.000000
587 588 -1.000000
588 588 4.000000
589 588 -1.000000
613 588 -1.000000
564 589 -1.000000
588 589 -1.000000
589 589 4.000000
590 589 -1.000000
614 589 -1.000000
565 590 -1.000000
589 590 -1.000000
590 590 4.000000
591 590 -1.000000
615 590 -1.000000
566 591 -1.000000
590 591 -1.000000
591 591 4.000000
592 591 -1.000000
616 591 -1.000000
567 592 -1.000000
591 592 -1.000000
592 592 4.000000
593 592 -1.000000
617 592 -1.000000
568 593 -1.000000
592 593 -1.000000
593 593 4.000000
594 593 -1.000000
618 593 -1.000000
569 594 -1.000000
593 594 -1.000000
594 594 4.000000
595 594 -1.000000
619 594 -1.000000
570 595 -1.000000
594 595 -1.000000
595 595 4.000000
596 595 -1.000000
620 595 -1.000000
571 596 -1.000000
595 596 -1.000000
596 596 4.000000
597 596 -1.000000
621 596 -1.000000
572 597 -1.000000
596 597 -1.000000
597 597 4.000000
598 597 -1.000000
622 597 -1.000000
573 598 -1.000000
597 598 -1.000000
598 598 4.000000
599 598 -1.000000
623 598 -1.000000
574 599 -1.000000
598 599 -1.000000
599 599 4.000000
600 599 -1.000000
624 599 -1.000000
575 600 -1.000000
599 600 -1.000000
600 600 4.000000
625 600 -1.000000
576 601 -1.000000
601 601 4.000000
602 601 -1.000000
577 602 -1.000000
601 602 -1.000000
602 602 4.000000
603 602 -1.000000
578 603 -1.000000
602 603 -1.000000
603 603 4.000000
604 603 -1.000000
579 604 -1.000000
603 604 -1.000000
604 604 4.000000
605 604 -1.000000
580 605 -1.000000
604 605 -1.000000
605 605 4.000000
606 605 -1.000000
581 606 -1.000000
605 606 -1.000000
606 606 4.000000
607 606 -1.000000
582 607 -1.000000
606 607 -1.000000
607 607 4.000000
608 607 -1.000000
583 608 -1.000000
607 608 -1.000000
608 608 4.000000
609 608 -1.000000
584 609 -1.000000
608 609 -1.000000
609 609 4.000000
610 609 -1.000000
585 610 -1.000000
609 610 -1.000000
610 610 4.000000
611 610 -1.000000
586 611 -1.000000
610 611 -1.000000
611 611 4.000000
612 611 -1.000000
587 612 -1.000000
611 612 -1.000000
612 612 4.000000
613 612 -1.000000
588 613 -1.000000
612 613 -1.000000
613 613 4.000000
614 613 -1.000000
589 614 -1.000000
613 614 -1.000000
614 614 4.000000
615 614 -1.000000
590 615 -1.000000
614 615 -1.000000
615 615 4.000000
616 615 -1.000000
591 616 -1.000000
615 616 -1.000000
616 616 4.000000
617 616 -1.000000
592 617 -1.000000
616 617 -1.000000
617 617 4.000000
618 617 -1.000000
593 618 -1.000000
617 618 -1.000000
618 618 4.000000
619 618 -1.000000
594 619 -1.000000
618 619 -1.000000
619 619 4.000000
620 619 -1.000000
595 620 -1.000000
619 620 -1.000000
620 620 4.000000
621 620 -1.000000
596 621 -1.000000
620 621 -1.000000
621 621 4.000000
622 621 -1.000000
597 622 -1.000000
621 622 -1.000000
622 622 4.000000
623 622 -1.000000
598 623 -1.000000
622 623 -1.000000
623 623 4.000000
624 623 -1.000000
599 624 -1.000000
623 624 -1.000000
624 624 4.000000
625 624 -1.000000
600 625 -1.000000
624 625 -1.000000
625 625 4.000000
