1 1 4.000000
2 1 -1.000000
28 1 -1.000000
1 2 -1.000000
2 2 4.000000
3 2 -1.000000
29 2 -1.000000
2 3 -1.000000
3 3 4.000000
4 3 -1.000000
30 3 -1.000000
3 4 -1.000000
4 4 4.000000
5 4 -1.000000
31 4 -1.000000
4 5 -1.000000
5 5 4.000000
6 5 -1.000000
32 5 -1.000000
5 6 -1.000000
6 6 4.000000
7 6 -1.000000
33 6 -1.000000
6 7 -1.000000
7 7 4.000000
8 7 -1.000000
34 7 -1.000000
7 8 -1.000000
8 8 4.000000
9 8 -1.000000
35 8 -1.000000
8 9 -1.000000
9 9 4.000000
10 9 -1.000000
36 9 -1.000000
9 10 -1.000000
10 10 4.000000
11 10 -1.000000
37 10 -1.000000
10 11 -1.000000
11 11 4.000000
12 11 -1.000000
38 11 -1.000000
11 12 -1.000000
12 12 4.000000
13 12 -1.000000
39 12 -1.000000
12 13 -1.000000
13 13 4.000000
14 13 -1.000000
40 13 -1.000000
13 14 -1.000000
14 14 4.000000
15 14 -1.000000
41 14 -1.000000
14 15 -1.000000
15 15 4.000000
16 15 -1.000000
42 15 -1.000000
15 16 -1.000000
16 16 4.000000
17 16 -1.000000
43 16 -1.000000
16 17 -1.000000
17 17 4.000000
18 17 -1.000000
44 17 -1.000000
17 18 -1.000000
18 18 4.000000
19 18 -1.000000
45 18 -1.000000
18 19 -1.000000
19 19 4.000000
20 19 -1.000000
46 19 -1.000000
19 20 -1.000000
20 20 4.000000
21 20 -1.000000
47 20 -1.000000
20 21 -1.000000
21 21 4.000000
22 21 -1.000000
48 21 -1.000000
21 22 -1.000000
22 22 4.000000
23 22 -1.000000
49 22 -1.000000
22 23 -1.000000
23 23 4.000000
24 23 -1.000000
50 23 -1.000000
23 24 -1.000000
24 24 4.000000
25 24 -1.000000
51 24 -1.000000
24 25 -1.000000
25 25 4.000000
26 25 -1.000000
52 25 -1.000000
25 26 -1.000000
26 26 4.000000
27 26 -1.000000
53 26 -1.000000
26 27 -1.000000
27 27 4.000000
54 27 -1.000000
1 28 -1.000000
28 28 4.000000
29 28 -1.000000
55 28 -1.000000
2 29 -1.000000
28 29 -1.000000
29 29 4.000000
30 29 -1.000000
56 29 -1.000000
3 30 -1.000000
29 30 -1.000000
30 30 4.000000
31 30 -1.000000
57 30 -1.000000
4 31 -1.000000
30 31 -1.000000
31 31 4.000000
32 31 -1.000000
58 31 -1.000000
5 32 -1.000000
31 32 -1.000000
32 32 4.000000
33 32 -1.000000
59 32 -1.000000
6 33 -1.000000
32 33 -1.000000
33 33 4.000000
34 33 -1.000000
60 33 -1.000000
7 34 -1.000000
33 34 -1.000000
34 34 4.000000
35 34 -1.000000
61 34 -1.000000
8 35 -1.000000
34 35 -1.000000
35 35 4.000000
36 35 -1.000000
62 35 -1.000000
9 36 -1.000000
35 36 -1.000000
36 36 4.000000
37 36 -1.000000
63 36 -1.000000
10 37 -1.000000
36 37 -1.000000
37 37 4.000000
38 37 -1.000000
64 37 -1.000000
11 38 -1.000000
37 38 -1.000000
38 38 4.000000
39 38 -1.000000
65 38 -1.000000
12 39 -1.000000
38 39 -1.000000
39 39 4.000000
40 39 -1.000000
66 39 -1.000000
13 40 -1.000000
39 40 -1.000000
40 40 4.000000
41 40 -1.000000
67 40 -1.000000
14 41 -1.000000
40 41 -1.000000
41 41 4.000000
42 41 -1.000000
68 41 -1.000000
15 42 -1.000000
41 42 -1.000000
42 42 4.000000
43 42 -1.000000
69 42 -1.000000
16 43 -1.000000
42 43 -1.000000
43 43 4.000000
44 43 -1.000000
70 43 -1.000000
17 44 -1.000000
43 44 -1.000000
44 44 4.000000
45 44 -1.000000
71 44 -1.000000
18 45 -1.000000
44 45 -1.000000
45 45 4.000000
46 45 -1.000000
72 45 -1.000000
19 46 -1.000000
45 46 -1.000000
46 46 4.000000
47 46 -1.000000
73 46 -1.000000
20 47 -1.000000
46 47 -1.000000
47 47 4.000000
48 47 -1.000000
74 47 -1.000000
21 48 -1.000000
47 48 -1.000000
48 48 4.000000
49 48 -1.000000
75 48 -1.000000
22 49 -1.000000
48 49 -1.000000
49 49 4.000000
50 49 -1.000000
76 49 -1.000000
23 50 -1.000000
49 50 -1.000000
50 50 4.000000
51 50 -1.000000
77 50 -1.000000
24 51 -1.000000
50 51 -1.000000
51 51 4.000000
52 51 -1.000000
78 51 -1.000000
25 52 -1.000000
51 52 -1.000000
52 52 4.000000
53 52 -1.000000
79 52 -1.000000
26 53 -1.000000
52 53 -1.000000
53 53 4.000000
54 53 -1.000000
80 53 -1.000000
27 54 -1.000000
53 54 -1.000000
54 54 4.000000
81 54 -1.000000
28 55 -1.000000
55 55 4.000000
56 55 -1.000000
82 55 -1.000000
29 56 -1.000000
55 56 -1.000000
56 56 4.000000
57 56 -1.000000
83 56 -1.000000
30 57 -1.000000
56 57 -1.000000
57 57 4.000000
58 57 -1.000000
84 57 -1.000000
31 58 -1.000000
57 58 -1.000000
58 58 4.000000
59 58 -1.000000
85 58 -1.000000
32 59 -1.000000
58 59 -1.000000
59 59 4.000000
60 59 -1.000000
86 59 -1.000000
33 60 -1.000000
59 60 -1.000000
60 60 4.000000
61 60 -1.000000
87 60 -1.000000
34 61 -1.000000
60 61 -1.000000
61 61 4.000000
62 61 -1.000000
88 61 -1.000000
35 62 -1.000000
61 62 -1.000000
62 62 4.000000
63 62 -1.000000
89 62 -1.000000
36 63 -1.000000
62 63 -1.000000
63 63 4.000000
64 63 -1.000000
90 63 -1.000000
37 64 -1.000000
63 64 -1.000000
64 64 4.000000
65 64 -1.000000
91 64 -1.000000
38 65 -1.000000
64 65 -1.000000
65 65 4.000000
66 65 -1.000000
92 65 -1.000000
39 66 -1.000000
65 66 -1.000000
66 66 4.000000
67 66 -1.000000
93 66 -1.000000
40 67 -1.000000
66 67 -1.000000
67 67 4.000000
68 67 -1.000000
94 67 -1.000000
41 68 -1.000000
67 68 -1.000000
68 68 4.000000
69 68 -1.000000
95 68 -1.000000
42 69 -1.000000
68 69 -1.000000
69 69 4.000000
70 69 -1.000000
96 69 -1.000000
43 70 -1.000000
69 70 -1.000000
70 70 4.000000
71 70 -1.000000
97 70 -1.000000
44 71 -1.000000
70 71 -1.000000
71 71 4.000000
72 71 -1.000000
98 71 -1.000000
45 72 -1.000000
71 72 -1.000000
72 72 4.000000
73 72 -1.000000
99 72 -1.000000
46 73 -1.000000
72 73 -1.000000
73 73 4.000000
74 73 -1.000000
100 73 -1.000000
47 74 -1.000000
73 74 -1.000000
74 74 4.000000
75 74 -1.000000
101 74 -1.000000
48 75 -1.000000
74 75 -1.000000
75 75 4.000000
76 75 -1.000000
102 75 -1.000000
49 76 -1.000000
75 76 -1.000000
76 76 4.000000
77 76 -1.000000
103 76 -1.000000
50 77 -1.000000
76 77 -1.000000
77 77 4.000000
78 77 -1.000000
104 77 -1.000000
51 78 -1.000000
77 78 -1.000000
78 78 4.000000
79 78 -1.000000
105 78 -1.000000
52 79 -1.000000
78 79 -1.000000
79 79 4.000000
80 79 -1.000000
106 79 -1.000000
53 80 -1.000000
79 80 -1.000000
80 80 4.000000
81 80 -1.000000
107 80 -1.000000
54 81 -1.000000
80 81 -1.000000
81 81 4.000000
108 81 -1.000000
55 82 -1.000000
82 82 4.000000
83 82 -1.000000
109 82 -1.000000
56 83 -1.000000
82 83 -1.000000
83 83 4.000000
84 83 -1.000000
110 83 -1.000000
57 84 -1.000000
83 84 -1.000000
84 84 4.000000
85 84 -1.000000
111 84 -1.000000
58 85 -1.000000
84 85 -1.000000
85 85 4.000000
86 85 -1.000000
112 85 -1.000000
59 86 -1.000000
85 86 -1.000000
86 86 4.000000
87 86 -1.000000
113 86 -1.000000
60 87 -1.000000
86 87 -1.000000
87 87 4.000000
88 87 -1.000000
114 87 -1.000000
61 88 -1.000000
87 88 -1.000000
88 88 4.000000
89 88 -1.000000
115 88 -1.000000
62 89 -1.000000
88 89 -1.000000
89 89 4.000000
90 89 -1.000000
116 89 -1.000000
63 90 -1.000000
89 90 -1.000000
90 90 4.000000
91 90 -1.000000
117 90 -1.000000
64 91 -1.000000
90 91 -1.000000
91 91 4.000000
92 91 -1.000000
118 91 -1.000000
65 92 -1.000000
91 92 -1.000000
92 92 4.000000
93 92 -1.000000
119 92 -1.000000
66 93 -1.000000
92 93 -1.000000
93 93 4.000000
94 93 -1.000000
120 93 -1.000000
67 94 -1.000000
93 94 -1.000000
94 94 4.000000
95 94 -1.000000
121 94 -1.000000
68 95 -1.000000
94 95 -1.000000
95 95 4.000000
96 95 -1.000000
122 95 -1.000000
69 96 -1.000000
95 96 -1.000000
96 96 4.000000
97 96 -1.000000
123 96 -1.000000
70 97 -1.000000
96 97 -1.000000
97 97 4.000000
98 97 -1.000000
124 97 -1.000000
71 98 -1.000000
97 98 -1.000000
98 98 4.000000
99 98 -1.000000
125 98 -1.000000
72 99 -1.000000
98 99 -1.000000
99 99 4.000000
100 99 -1.000000
126 99 -1.000000
73 100 -1.000000
99 100 -1.000000
100 100 4.000000
101 100 -1.000000
127 100 -1.000000
74 101 -1.000000
100 101 -1.000000
101 101 4.000000
102 101 -1.000000
128 101 -1.000000
75 102 -1.000000
101 102 -1.000000
102 102 4.000000
103 102 -1.000000
129 102 -1.000000
76 103 -1.000000
102 103 -1.000000
103 103 4.000000
104 103 -1.000000
130 103 -1.000000
77 104 -1.000000
103 104 -1.000000
104 104 4.000000
105 104 -1.000000
131 104 -1.000000
78 105 -1.000000
104 105 -1.000000
105 105 4.000000
106 105 -1.000000
132 105 -1.000000
79 106 -1.000000
105 106 -1.000000
106 106 4.000000
107 106 -1.000000
133 106 -1.000000
80 107 -1.000000
106 107 -1.000000
107 107 4.000000
108 107 -1.000000
134 107 -1.000000
81 108 -1.000000
107 108 -1.000000
108 108 4.000000
135 108 -1.000000
82 109 -1.000000
109 109 4.000000
110 109 -1.000000
136 109 -1.000000
83 110 -1.000000
109 110 -1.000000
110 110 4.000000
111 110 -1.000000
137 110 -1.000000
84 111 -1.000000
110 111 -1.000000
111 111 4.000000
112 111 -1.000000
138 111 -1.000000
85 112 -1.000000
111 112 -1.000000
112 112 4.000000
113 112 -1.000000
139 112 -1.000000
86 113 -1.000000
112 113 -1.000000
113 113 4.000000
114 113 -1.000000
140 113 -1.000000
87 114 -1.000000
113 114 -1.000000
114 114 4.000000
115 114 -1.000000
141 114 -1.000000
88 115 -1.000000
114 115 -1.000000
115 115 4.000000
116 115 -1.000000
142 115 -1.000000
89 116 -1.000000
115 116 -1.000000
116 116 4.000000
117 116 -1.000000
143 116 -1.000000
90 117 -1.000000
116 117 -1.000000
117 117 4.000000
118 117 -1.000000
144 117 -1.000000
91 118 -1.000000
117 118 -1.000000
118 118 4.000000
119 118 -1.000000
145 118 -1.000000
92 119 -1.000000
118 119 -1.000000
119 119 4.000000
120 119 -1.000000
146 119 -1.000000
93 120 -1.000000
119 120 -1.000000
120 120 4.000000
121 120 -1.000000
147 120 -1.000000
94 121 -1.000000
120 121 -1.000000
121 121 4.000000
122 121 -1.000000
148 121 -1.000000
95 122 -1.000000
121 122 -1.000000
122 122 4.000000
123 122 -1.000000
149 122 -1.000000
96 123 -1.000000
122 123 -1.000000
123 123 4.000000
124 123 -1.000000
150 123 -1.000000
97 124 -1.000000
123 124 -1.000000
124 124 4.000000
125 124 -1.000000
151 124 -1.000000
98 125 -1.000000
124 125 -1.000000
125 125 4.000000
126 125 -1.000000
152 125 -1.000000
99 126 -1.000000
125 126 -1.000000
126 126 4.000000
127 126 -1.000000
153 126 -1.000000
100 127 -1.000000
126 127 -1.000000
127 127 4.000000
128 127 -1.000000
154 127 -1.000000
101 128 -1.000000
127 128 -1.000000
128 128 4.000000
129 128 -1.000000
155 128 -1.000000
102 129 -1.000000
128 129 -1.000000
129 129 4.000000
130 129 -1.000000
156 129 -1.000000
103 130 -1.000000
129 130 -1.000000
130 130 4.000000
131 130 -1.000000
157 130 -1.000000
104 131 -1.000000
130 131 -1.000000
131 131 4.000000
132 131 -1.000000
158 131 -1.000000
105 132 -1.000000
131 132 -1.000000
132 132 4.000000
133 132 -1.000000
159 132 -1.000000
106 133 -1.000000
132 133 -1.000000
133 133 4.000000
134 133 -1.000000
160 133 -1.000000
107 134 -1.000000
133 134 -1.000000
134 134 4.000000
135 134 -1.000000
161 134 -1.000000
108 135 -1.000000
134 135 -1.000000
135 135 4.000000
162 135 -1.000000
109 136 -1.000000
136 136 4.000000
137 136 -1.000000
163 136 -1.000000
110 137 -1.000000
136 137 -1.000000
137 137 4.000000
138 137 -1.000000
164 137 -1.000000
111 138 -1.000000
137 138 -1.000000
138 138 4.000000
139 138 -1.000000
165 138 -1.000000
112 139 -1.000000
138 139 -1.000000
139 139 4.000000
140 139 -1.000000
166 139 -1.000000
113 140 -1.000000
139 140 -1.000000
140 140 4.000000
141 140 -1.000000
167 140 -1.000000
114 141 -1.000000
140 141 -1.000000
141 141 4.000000
142 141 -1.000000
168 141 -1.000000
115 142 -1.000000
141 142 -1.000000
142 142 4.000000
143 142 -1.000000
169 142 -1.000000
116 143 -1.000000
142 143 -1.000000
143 143 4.000000
144 143 -1.000000
170 143 -1.000000
117 144 -1.000000
143 144 -1.000000
144 144 4.000000
145 144 -1.000000
171 144 -1.000000
118 145 -1.000000
144 145 -1.000000
145 145 4.000000
146 145 -1.000000
172 145 -1.000000
119 146 -1.000000
145 146 -1.000000
146 146 4.000000
147 146 -1.000000
173 146 -1.000000
120 147 -1.000000
146 147 -1.000000
147 147 4.000000
148 147 -1.000000
174 147 -1.000000
121 148 -1.000000
147 148 -1.000000
148 148 4.000000
149 148 -1.000000
175 148 -1.000000
122 149 -1.000000
148 149 -1.000000
149 149 4.000000
150 149 -1.000000
176 149 -1.000000
123 150 -1.000000
149 150 -1.000000
150 150 4.000000
151 150 -1.000000
177 150 -1.000000
124 151 -1.000000
150 151 -1.000000
151 151 4.000000
152 151 -1.000000
178 151 -1.000000
125 152 -1.000000
151 152 -1.000000
152 152 4.000000
153 152 -1.000000
179 152 -1.000000
126 153 -1.000000
152 153 -1.000000
153 153 4.000000
154 153 -1.000000
180 153 -1.000000
127 154 -1.000000
153 154 -1.000000
154 154 4.000000
155 154 -1.000000
181 154 -1.000000
128 155 -1.000000
154 155 -1.000000
155 155 4.000000
156 155 -1.000000
182 155 -1.000000
129 156 -1.000000
155 156 -1.000000
156 156 4.000000
157 156 -1.000000
183 156 -1.000000
130 157 -1.000000
156 157 -1.000000
157 157 4.000000
158 157 -1.000000
184 157 -1.000000
131 158 -1.000000
157 158 -1.000000
158 158 4.000000
159 158 -1.000000
185 158 -1.000000
132 159 -1.000000
158 159 -1.000000
159 159 4.000000
160 159 -1.000000
186 159 -1.000000
133 160 -1.000000
159 160 -1.000000
160 160 4.000000
161 160 -1.000000
187 160 -1.000000
134 161 -1.000000
160 161 -1.000000
161 161 4.000000
162 161 -1.000000
188 161 -1.000000
135 162 -1.000000
161 162 -1.000000
162 162 4.000000
189 162 -1.000000
136 163 -1.000000
163 163 4.000000
164 163 -1.000000
190 163 -1.000000
137 164 -1.000000
163 164 -1.000000
164 164 4.000000
165 164 -1.000000
191 164 -1.000000
138 165 -1.000000
164 165 -1.000000
165 165 4.000000
166 165 -1.000000
192 165 -1.000000
139 166 -1.000000
165 166 -1.000000
166 166 4.000000
167 166 -1.000000
193 166 -1.000000
140 167 -1.000000
166 167 -1.000000
167 167 4.000000
168 167 -1.000000
194 167 -1.000000
141 168 -1.000000
167 168 -1.000000
168 168 4.000000
169 168 -1.000000
195 168 -1.000000
142 169 -1.000000
168 169 -1.000000
169 169 4.000000
170 169 -1.000000
196 169 -1.000000
143 170 -1.000000
169 170 -1.000000
170 170 4.000000
171 170 -1.000000
197 170 -1.000000
144 171 -1.000000
170 171 -1.000000
171 171 4.000000
172 171 -1.000000
198 171 -1.000000
145 172 -1.000000
171 172 -1.000000
172 172 4.000000
173 172 -1.000000
199 172 -1.000000
146 173 -1.000000
172 173 -1.000000
173 173 4.000000
174 173 -1.000000
200 173 -1.000000
147 174 -1.000000
173 174 -1.000000
174 174 4.000000
175 174 -1.000000
201 174 -1.000000
148 175 -1.000000
174 175 -1.000000
175 175 4.000000
176 175 -1.000000
202 175 -1.000000
149 176 -1.000000
175 176 -1.000000
176 176 4.000000
177 176 -1.000000
203 176 -1.000000
150 177 -1.000000
176 177 -1.000000
177 177 4.000000
178 177 -1.000000
204 177 -1.000000
151 178 -1.000000
177 178 -1.000000
178 178 4.000000
179 178 -1.000000
205 178 -1.000000
152 179 -1.000000
178 179 -1.000000
179 179 4.000000
180 179 -1.000000
206 179 -1.000000
153 180 -1.000000
179 180 -1.000000
180 180 4.000000
181 180 -1.000000
207 180 -1.000000
154 181 -1.000000
180 181 -1.000000
181 181 4.000000
182 181 -1.000000
208 181 -1.000000
155 182 -1.000000
181 182 -1.000000
182 182 4.000000
183 182 -1.000000
209 182 -1.000000
156 183 -1.000000
182 183 -1.000000
183 183 4.000000
184 183 -1.000000
210 183 -1.000000
157 184 -1.000000
183 184 -1.000000
184 184 4.000000
185 184 -1.000000
211 184 -1.000000
158 185 -1.000000
184 185 -1.000000
185 185 4.000000
186 185 -1.000000
212 185 -1.000000
159 186 -1.000000
185 186 -1.000000
186 186 4.000000
187 186 -1.000000
213 186 -1.000000
160 187 -1.000000
186 187 -1.000000
187 187 4.000000
188 187 -1.000000
214 187 -1.000000
161 188 -1.000000
187 188 -1.000000
188 188 4.000000
189 188 -1.000000
215 188 -1.000000
162 189 -1.000000
188 189 -1.000000
189 189 4.000000
216 189 -1.000000
163 190 -1.000000
190 190 4.000000
191 190 -1.000000
217 190 -1.000000
164 191 -1.000000
190 191 -1.000000
191 191 4.000000
192 191 -1.000000
218 191 -1.000000
165 192 -1.000000
191 192 -1.000000
192 192 4.000000
193 192 -1.000000
219 192 -1.000000
166 193 -1.000000
192 193 -1.000000
193 193 4.000000
194 193 -1.000000
220 193 -1.000000
167 194 -1.000000
193 194 -1.000000
194 194 4.000000
195 194 -1.000000
221 194 -1.000000
168 195 -1.000000
194 195 -1.000000
195 195 4.000000
196 195 -1.000000
222 195 -1.000000
169 196 -1.000000
195 196 -1.000000
196 196 4.000000
197 196 -1.000000
223 196 -1.000000
170 197 -1.000000
196 197 -1.000000
197 197 4.000000
198 197 -1.000000
224 197 -1.000000
171 198 -1.000000
197 198 -1.000000
198 198 4.000000
199 198 -1.000000
225 198 -1.000000
172 199 -1.000000
198 199 -1.000000
199 199 4.000000
200 199 -1.000000
226 199 -1.000000
173 200 -1.000000
199 200 -1.000000
200 200 4.000000
201 200 -1.000000
227 200 -1.000000
174 201 -1.000000
200 201 -1.000000
201 201 4.000000
202 201 -1.000000
228 201 -1.000000
175 202 -1.000000
201 202 -1.000000
202 202 4.000000
203 202 -1.000000
229 202 -1.000000
176 203 -1.000000
202 203 -1.000000
203 203 4.000000
204 203 -1.000000
230 203 -1.000000
177 204 -1.000000
203 204 -1.000000
204 204 4.000000
205 204 -1.000000
231 204 -1.000000
178 205 -1.000000
204 205 -1.000000
205 205 4.000000
206 205 -1.000000
232 205 -1.000000
179 206 -1.000000
205 206 -1.000000
206 206 4.000000
207 206 -1.000000
233 206 -1.000000
180 207 -1.000000
206 207 -1.000000
207 207 4.000000
208 207 -1.000000
234 207 -1.000000
181 208 -1.000000
207 208 -1.000000
208 208 4.000000
209 208 -1.000000
235 208 -1.000000
182 209 -1.000000
208 209 -1.000000
209 209 4.000000
210 209 -1.000000
236 209 -1.000000
183 210 -1.000000
209 210 -1.000000
210 210 4.000000
211 210 -1.000000
237 210 -1.000000
184 211 -1.000000
210 211 -1.000000
211 211 4.000000
212 211 -1.000000
238 211 -1.000000
185 212 -1.000000
211 212 -1.000000
212 212 4.000000
213 212 -1.000000
239 212 -1.000000
186 213 -1.000000
212 213 -1.000000
213 213 4.000000
214 213 -1.000000
240 213 -1.000000
187 214 -1.000000
213 214 -1.000000
214 214 4.000000
215 214 -1.000000
241 214 -1.000000
188 215 -1.000000
214 215 -1.000000
215 215 4.000000
216 215 -1.000000
242 215 -1.000000
189 216 -1.000000
215 216 -1.000000
216 216 4.000000
243 216 -1.000000
190 217 -1.000000
217 217 4.000000
218 217 -1.000000
244 217 -1.000000
191 218 -1.000000
217 218 -1.000000
218 218 4.000000
219 218 -1.000000
245 218 -1.000000
192 219 -1.000000
218 219 -1.000000
219 219 4.000000
220 219 -1.000000
246 219 -1.000000
193 220 -1.000000
219 220 -1.000000
220 220 4.000000
221 220 -1.000000
247 220 -1.000000
194 221 -1.000000
220 221 -1.000000
221 221 4.000000
222 221 -1.000000
248 221 -1.000000
195 222 -1.000000
221 222 -1.000000
222 222 4.000000
223 222 -1.000000
249 222 -1.000000
196 223 -1.000000
222 223 -1.000000
223 223 4.000000
224 223 -1.000000
250 223 -1.000000
197 224 -1.000000
223 224 -1.000000
224 224 4.000000
225 224 -1.000000
251 224 -1.000000
198 225 -1.000000
224 225 -1.000000
225 225 4.000000
226 225 -1.000000
252 225 -1.000000
199 226 -1.000000
225 226 -1.000000
226 226 4.000000
227 226 -1.000000
253 226 -1.000000
200 227 -1.000000
226 227 -1.000000
227 227 4.000000
228 227 -1.000000
254 227 -1.000000
201 228 -1.000000
227 228 -1.000000
228 228 4.000000
229 228 -1.000000
255 228 -1.000000
202 229 -1.000000
228 229 -1.000000
229 229 4.000000
230 229 -1.000000
256 229 -1.000000
203 230 -1.000000
229 230 -1.000000
230 230 4.000000
231 230 -1.000000
257 230 -1.000000
204 231 -1.000000
230 231 -1.000000
231 231 4.000000
232 231 -1.000000
258 231 -1.000000
205 232 -1.000000
231 232 -1.000000
232 232 4.000000
233 232 -1.000000
259 232 -1.000000
206 233 -1.000000
232 233 -1.000000
233 233 4.000000
234 233 -1.000000
260 233 -1.000000
207 234 -1.000000
233 234 -1.000000
234 234 4.000000
235 234 -1.000000
261 234 -1.000000
208 235 -1.000000
234 235 -1.000000
235 235 4.000000
236 235 -1.000000
262 235 -1.000000
209 236 -1.000000
235 236 -1.000000
236 236 4.000000
237 236 -1.000000
263 236 -1.000000
210 237 -1.000000
236 237 -1.000000
237 237 4.000000
238 237 -1.000000
264 237 -1.000000
211 238 -1.000000
237 238 -1.000000
238 238 4.000000
239 238 -1.000000
265 238 -1.000000
212 239 -1.000000
238 239 -1.000000
239 239 4.000000
240 239 -1.000000
266 239 -1.000000
213 240 -1.000000
239 240 -1.000000
240 240 4.000000
241 240 -1.000000
267 240 -1.000000
214 241 -1.000000
240 241 -1.000000
241 241 4.000000
242 241 -1.000000
268 241 -1.000000
215 242 -1.000000
241 242 -1.000000
242 242 4.000000
243 242 -1.000000
269 242 -1.000000
216 243 -1.000000
242 243 -1.000000
243 243 4.000000
270 243 -1.000000
217 244 -1.000000
244 244 4.000000
245 244 -1.000000
271 244 -1.000000
218 245 -1.000000
244 245 -1.000000
245 245 4.000000
246 245 -1.000000
272 245 -1.000000
219 246 -1.000000
245 246 -1.000000
246 246 4.000000
247 246 -1.000000
273 246 -1.000000
220 247 -1.000000
246 247 -1.000000
247 247 4.000000
248 247 -1.000000
274 247 -1.000000
221 248 -1.000000
247 248 -1.000000
248 248 4.000000
249 248 -1.000000
275 248 -1.000000
222 249 -1.000000
248 249 -1.000000
249 249 4.000000
250 249 -1.000000
276 249 -1.000000
223 250 -1.000000
249 250 -1.000000
250 250 4.000000
251 250 -1.000000
277 250 -1.000000
224 251 -1.000000
250 251 -1.000000
251 251 4.000000
252 251 -1.000000
278 251 -1.000000
225 252 -1.000000
251 252 -1.000000
252 252 4.000000
253 252 -1.000000
279 252 -1.000000
226 253 -1.000000
252 253 -1.000000
253 253 4.000000
254 253 -1.000000
280 253 -1.000000
227 254 -1.000000
253 254 -1.000000
254 254 4.000000
255 254 -1.000000
281 254 -1.000000
228 255 -1.000000
254 255 -1.000000
255 255 4.000000
256 255 -1.000000
282 255 -1.000000
229 256 -1.000000
255 256 -1.000000
256 256 4.000000
257 256 -1.000000
283 256 -1.000000
230 257 -1.000000
256 257 -1.000000
257 257 4.000000
258 257 -1.000000
284 257 -1.000000
231 258 -1.000000
257 258 -1.000000
258 258 4.000000
259 258 -1.000000
285 258 -1.000000
232 259 -1.000000
258 259 -1.000000
259 259 4.000000
260 259 -1.000000
286 259 -1.000000
233 260 -1.000000
259 260 -1.000000
260 260 4.000000
261 260 -1.000000
287 260 -1.000000
234 261 -1.000000
260 261 -1.000000
261 261 4.000000
262 261 -1.000000
288 261 -1.000000
235 262 -1.000000
261 262 -1.000000
262 262 4.000000
263 262 -1.000000
289 262 -1.000000
236 263 -1.000000
262 263 -1.000000
263 263 4.000000
264 263 -1.000000
290 263 -1.000000
237 264 -1.000000
263 264 -1.000000
264 264 4.000000
265 264 -1.000000
291 264 -1.000000
238 265 -1.000000
264 265 -1.000000
265 265 4.000000
266 265 -1.000000
292 265 -1.000000
239 266 -1.000000
265 266 -1.000000
266 266 4.000000
267 266 -1.000000
293 266 -1.000000
240 267 -1.000000
266 267 -1.000000
267 267 4.000000
268 267 -1.000000
294 267 -1.000000
241 268 -1.000000
267 268 -1.000000
268 268 4.000000
269 268 -1.000000
295 268 -1.000000
242 269 -1.000000
268 269 -1.000000
269 269 4.000000
270 269 -1.000000
296 269 -1.000000
243 270 -1.000000
269 270 -1.000000
270 270 4.000000
297 270 -1.000000
244 271 -1.000000
271 271 4.000000
272 271 -1.000000
298 271 -1.000000
245 272 -1.000000
271 272 -1.000000
272 272 4.000000
273 272 -1.000000
299 272 -1.000000
246 273 -1.000000
272 273 -1.000000
273 273 4.000000
274 273 -1.000000
300 273 -1.000000
247 274 -1.000000
273 274 -1.000000
274 274 4.000000
275 274 -1.000000
301 274 -1.000000
248 275 -1.000000
274 275 -1.000000
275 275 4.000000
276 275 -1.000000
302 275 -1.000000
249 276 -1.000000
275 276 -1.000000
276 276 4.000000
277 276 -1.000000
303 276 -1.000000
250 277 -1.000000
276 277 -1.000000
277 277 4.000000
278 277 -1.000000
304 277 -1.000000
251 278 -1.000000
277 278 -1.000000
278 278 4.000000
279 278 -1.000000
305 278 -1.000000
252 279 -1.000000
278 279 -1.000000
279 279 4.000000
280 279 -1.000000
306 279 -1.000000
253 280 -1.000000
279 280 -1.000000
280 280 4.000000
281 280 -1.000000
307 280 -1.000000
254 281 -1.000000
280 281 -1.000000
281 281 4.000000
282 281 -1.000000
308 281 -1.000000
255 282 -1.000000
281 282 -1.000000
282 282 4.000000
283 282 -1.000000
309 282 -1.000000
256 283 -1.000000
282 283 -1.000000
283 283 4.000000
284 283 -1.000000
310 283 -1.000000
257 284 -1.000000
283 284 -1.000000
284 284 4.000000
285 284 -1.000000
311 284 -1.000000
258 285 -1.000000
284 285 -1.000000
285 285 4.000000
286 285 -1.000000
312 285 -1.000000
259 286 -1.000000
285 286 -1.000000
286 286 4.000000
287 286 -1.000000
313 286 -1.000000
260 287 -1.000000
286 287 -1.000000
287 287 4.000000
288 287 -1.000000
314 287 -1.000000
261 288 -1.000000
287 288 -1.000000
288 288 4.000000
289 288 -1.000000
315 288 -1.000000
262 289 -1.000000
288 289 -1.000000
289 289 4.000000
290 289 -1.000000
316 289 -1.000000
263 290 -1.000000
289 290 -1.000000
290 290 4.000000
291 290 -1.000000
317 290 -1.000000
264 291 -1.000000
290 291 -1.000000
291 291 4.000000
292 291 -1.000000
318 291 -1.000000
265 292 -1.000000
291 292 -1.000000
292 292 4.000000
293 292 -1.000000
319 292 -1.000000
266 293 -1.000000
292 293 -1.000000
293 293 4.000000
294 293 -1.000000
320 293 -1.000000
267 294 -1.000000
293 294 -1.000000
294 294 4.000000
295 294 -1.000000
321 294 -1.000000
268 295 -1.000000
294 295 -1.000000
295 295 4.000000
296 295 -1.000000
322 295 -1.000000
269 296 -1.000000
295 296 -1.000000
296 296 4.000000
297 296 -1.000000
323 296 -1.000000
270 297 -1.000000
296 297 -1.000000
297 297 4.000000
324 297 -1.000000
271 298 -1.000000
298 298 4.000000
299 298 -1.000000
325 298 -1.000000
272 299 -1.000000
298 299 -1.000000
299 299 4.000000
300 299 -1.000000
326 299 -1.000000
273 300 -1.000000
299 300 -1.000000
300 300 4.000000
301 300 -1.000000
327 300 -1.000000
274 301 -1.000000
300 301 -1.000000
301 301 4.000000
302 301 -1.000000
328 301 -1.000000
275 302 -1.000000
301 302 -1.000000
302 302 4.000000
303 302 -1.000000
329 302 -1.000000
276 303 -1.000000
302 303 -1.000000
303 303 4.000000
304 303 -1.000000
330 303 -1.000000
277 304 -1.000000
303 304 -1.000000
304 304 4.000000
305 304 -1.000000
331 304 -1.000000
278 305 -1.000000
304 305 -1.000000
305 305 4.000000
306 305 -1.000000
332 305 -1.000000
279 306 -1.000000
305 306 -1.000000
306 306 4.000000
307 306 -1.000000
333 306 -1.000000
280 307 -1.000000
306 307 -1.000000
307 307 4.000000
308 307 -1.000000
334 307 -1.000000
281 308 -1.000000
307 308 -1.000000
308 308 4.000000
309 308 -1.000000
335 308 -1.000000
282 309 -1.000000
308 309 -1.000000
309 309 4.000000
310 309 -1.000000
336 309 -1.000000
283 310 -1.000000
309 310 -1.000000
310 310 4.000000
311 310 -1.000000
337 310 -1.000000
284 311 -1.000000
310 311 -1.000000
311 311 4.000000
312 311 -1.000000
338 311 -1.000000
285 312 -1.000000
311 312 -1.000000
312 312 4.000000
313 312 -1.000000
339 312 -1.000000
286 313 -1.000000
312 313 -1.000000
313 313 4.000000
314 313 -1.000000
340 313 -1.000000
287 314 -1.000000
313 314 -1.000000
314 314 4.000000
315 314 -1.000000
341 314 -1.000000
288 315 -1.000000
314 315 -1.000000
315 315 4.000000
316 315 -1.000000
342 315 -1.000000
289 316 -1.000000
315 316 -1.000000
316 316 4.000000
317 316 -1.000000
343 316 -1.000000
290 317 -1.000000
316 317 -1.000000
317 317 4.000000
318 317 -1.000000
344 317 -1.000000
291 318 -1.000000
317 318 -1.000000
318 318 4.000000
319 318 -1.000000
345 318 -1.000000
292 319 -1.000000
318 319 -1.000000
319 319 4.000000
320 319 -1.000000
346 319 -1.000000
293 320 -1.000000
319 320 -1.000000
320 320 4.000000
321 320 -1.000000
347 320 -1.000000
294 321 -1.000000
320 321 -1.000000
321 321 4.000000
322 321 -1.000000
348 321 -1.000000
295 322 -1.000000
321 322 -1.000000
322 322 4.000000
323 322 -1.000000
349 322 -1.000000
296 323 -1.000000
322 323 -1.000000
323 323 4.000000
324 323 -1.000000
350 323 -1.000000
297 324 -1.000000
323 324 -1.000000
324 324 4.000000
351 324 -1.000000
298 325 -1.000000
325 325 4.000000
326 325 -1.000000
352 325 -1.000000
299 326 -1.000000
325 326 -1.000000
326 326 4.000000
327 326 -1.000000
353 326 -1.000000
300 327 -1.000000
326 327 -1.000000
327 327 4.000000
328 327 -1.000000
354 327 -1.000000
301 328 -1.000000
327 328 -1.000000
328 328 4.000000
329 328 -1.000000
355 328 -1.000000
302 329 -1.000000
328 329 -1.000000
329 329 4.000000
330 329 -1.000000
356 329 -1.000000
303 330 -1.000000
329 330 -1.000000
330 330 4.000000
331 330 -1.000000
357 330 -1.000000
304 331 -1.000000
330 331 -1.000000
331 331 4.000000
332 331 -1.000000
358 331 -1.000000
305 332 -1.000000
331 332 -1.000000
332 332 4.000000
333 332 -1.000000
359 332 -1.000000
306 333 -1.000000
332 333 -1.000000
333 333 4.000000
334 333 -1.000000
360 333 -1.000000
307 334 -1.000000
333 334 -1.000000
334 334 4.000000
335 334 -1.000000
361 334 -1.000000
308 335 -1.000000
334 335 -1.000000
335 335 4.000000
336 335 -1.000000
362 335 -1.000000
309 336 -1.000000
335 336 -1.000000
336 336 4.000000
337 336 -1.000000
363 336 -1.000000
310 337 -1.000000
336 337 -1.000000
337 337 4.000000
338 337 -1.000000
364 337 -1.000000
311 338 -1.000000
337 338 -1.000000
338 338 4.000000
339 338 -1.000000
365 338 -1.000000
312 339 -1.000000
338 339 -1.000000
339 339 4.000000
340 339 -1.000000
366 339 -1.000000
313 340 -1.000000
339 340 -1.000000
340 340 4.000000
341 340 -1.000000
367 340 -1.000000
314 341 -1.000000
340 341 -1.000000
341 341 4.000000
342 341 -1.000000
368 341 -1.000000
315 342 -1.000000
341 342 -1.000000
342 342 4.000000
343 342 -1.000000
369 342 -1.000000
316 343 -1.000000
342 343 -1.000000
343 343 4.000000
344 343 -1.000000
370 343 -1.000000
317 344 -1.000000
343 344 -1.000000
344 344 4.000000
345 344 -1.000000
371 344 -1.000000
318 345 -1.000000
344 345 -1.000000
345 345 4.000000
346 345 -1.000000
372 345 -1.000000
319 346 -1.000000
345 346 -1.000000
346 346 4.000000
347 346 -1.000000
373 346 -1.000000
320 347 -1.000000
346 347 -1.000000
347 347 4.000000
348 347 -1.000000
374 347 -1.000000
321 348 -1.000000
347 348 -1.000000
348 348 4.000000
349 348 -1.000000
375 348 -1.000000
322 349 -1.000000
348 349 -1.000000
349 349 4.000000
350 349 -1.000000
376 349 -1.000000
323 350 -1.000000
349 350 -1.000000
350 350 4.000000
351 350 -1.000000
377 350 -1.000000
324 351 -1.000000
350 351 -1.000000
351 351 4.000000
378 351 -1.000000
325 352 -1.000000
352 352 4.000000
353 352 -1.000000
379 352 -1.000000
326 353 -1.000000
352 353 -1.000000
353 353 4.000000
354 353 -1.000000
380 353 -1.000000
327 354 -1.000000
353 354 -1.000000
354 354 4.000000
355 354 -1.000000
381 354 -1.000000
328 355 -1.000000
354 355 -1.000000
355 355 4.000000
356 355 -1.000000
382 355 -1.000000
329 356 -1.000000
355 356 -1.000000
356 356 4.000000
357 356 -1.000000
383 356 -1.000000
330 357 -1.000000
356 357 -1.000000
357 357 4.000000
358 357 -1.000000
384 357 -1.000000
331 358 -1.000000
357 358 -1.000000
358 358 4.000000
359 358 -1.000000
385 358 -1.000000
332 359 -1.000000
358 359 -1.000000
359 359 4.000000
360 359 -1.000000
386 359 -1.000000
333 360 -1.000000
359 360 -1.000000
360 360 4.000000
361 360 -1.000000
387 360 -1.000000
334 361 -1.000000
360 361 -1.000000
361 361 4.000000
362 361 -1.000000
388 361 -1.000000
335 362 -1.000000
361 362 -1.000000
362 362 4.000000
363 362 -1.000000
389 362 -1.000000
336 363 -1.000000
362 363 -1.000000
363 363 4.000000
364 363 -1.000000
390 363 -1.000000
337 364 -1.000000
363 364 -1.000000
364 364 4.000000
365 364 -1.000000
391 364 -1.000000
338 365 -1.000000
364 365 -1.000000
365 365 4.000000
366 365 -1.000000
392 365 -1.000000
339 366 -1.000000
365 366 -1.000000
366 366 4.000000
367 366 -1.000000
393 366 -1.000000
340 367 -1.000000
366 367 -1.000000
367 367 4.000000
368 367 -1.000000
394 367 -1.000000
341 368 -1.000000
367 368 -1.000000
368 368 4.000000
369 368 -1.000000
395 368 -1.000000
342 369 -1.000000
368 369 -1.000000
369 369 4.000000
370 369 -1.000000
396 369 -1.000000
343 370 -1.000000
369 370 -1.000000
370 370 4.000000
371 370 -1.000000
397 370 -1.000000
344 371 -1.000000
370 371 -1.000000
371 371 4.000000
372 371 -1.000000
398 371 -1.000000
345 372 -1.000000
371 372 -1.000000
372 372 4.000000
373 372 -1.000000
399 372 -1.000000
346 373 -1.000000
372 373 -1.000000
373 373 4.000000
374 373 -1.000000
400 373 -1.000000
347 374 -1.000000
373 374 -1.000000
374 374 4.000000
375 374 -1.000000
401 374 -1.000000
348 375 -1.000000
374 375 -1.000000
375 375 4.000000
376 375 -1.000000
402 375 -1.000000
349 376 -1.000000
375 376 -1.000000
376 376 4.000000
377 376 -1.000000
403 376 -1.000000
350 377 -1.000000
376 377 -1.000000
377 377 4.000000
378 377 -1.000000
404 377 -1.000000
351 378 -1.000000
377 378 -1.000000
378 378 4.000000
405 378 -1.000000
352 379 -1.000000
379 379 4.000000
380 379 -1.000000
406 379 -1.000000
353 380 -1.000000
379 380 -1.000000
380 380 4.000000
381 380 -1.000000
407 380 -1.000000
354 381 -1.000000
380 381 -1.000000
381 381 4.000000
382 381 -1.000000
408 381 -1.000000
355 382 -1.000000
381 382 -1.000000
382 382 4.000000
383 382 -1.000000
409 382 -1.000000
356 383 -1.000000
382 383 -1.000000
383 383 4.000000
384 383 -1.000000
410 383 -1.000000
357 384 -1.000000
383 384 -1.000000
384 384 4.000000
385 384 -1.000000
411 384 -1.000000
358 385 -1.000000
384 385 -1.000000
385 385 4.000000
386 385 -1.000000
412 385 -1.000000
359 386 -1.000000
385 386 -1.000000
386 386 4.000000
387 386 -1.000000
413 386 -1.000000
360 387 -1.000000
386 387 -1.000000
387 387 4.000000
388 387 -1.000000
414 387 -1.000000
361 388 -1.000000
387 388 -1.000000
388 388 4.000000
389 388 -1.000000
415 388 -1.000000
362 389 -1.000000
388 389 -1.000000
389 389 4.000000
390 389 -1.000000
416 389 -1.000000
363 390 -1.000000
389 390 -1.000000
390 390 4.000000
391 390 -1.000000
417 390 -1.000000
364 391 -1.000000
390 391 -1.000000
391 391 4.000000
392 391 -1.000000
418 391 -1.000000
365 392 -1.000000
391 392 -1.000000
392 392 4.000000
393 392 -1.000000
419 392 -1.000000
366 393 -1.000000
392 393 -1.000000
393 393 4.000000
394 393 -1.000000
420 393 -1.000000
367 394 -1.000000
393 394 -1.000000
394 394 4.000000
395 394 -1.000000
421 394 -1.000000
368 395 -1.000000
394 395 -1.000000
395 395 4.000000
396 395 -1.000000
422 395 -1.000000
369 396 -1.000000
395 396 -1.000000
396 396 4.000000
397 396 -1.000000
423 396 -1.000000
370 397 -1.000000
396 397 -1.000000
397 397 4.000000
398 397 -1.000000
424 397 -1.000000
371 398 -1.000000
397 398 -1.000000
398 398 4.000000
399 398 -1.000000
425 398 -1.000000
372 399 -1.000000
398 399 -1.000000
399 399 4.000000
400 399 -1.000000
426 399 -1.000000
373 400 -1.000000
399 400 -1.000000
400 400 4.000000
401 400 -1.000000
427 400 -1.000000
374 401 -1.000000
400 401 -1.000000
401 401 4.000000
402 401 -1.000000
428 401 -1.000000
375 402 -1.000000
401 402 -1.000000
402 402 4.000000
403 402 -1.000000
429 402 -1.000000
376 403 -1.000000
402 403 -1.000000
403 403 4.000000
404 403 -1.000000
430 403 -1.000000
377 404 -1.000000
403 404 -1.000000
404 404 4.000000
405 404 -1.000000
431 404 -1.000000
378 405 -1.000000
404 405 -1.000000
405 405 4.000000
432 405 -1.000000
379 406 -1.000000
406 406 4.000000
407 406 -1.000000
433 406 -1.000000
380 407 -1.000000
406 407 -1.000000
407 407 4.000000
408 407 -1.000000
434 407 -1.000000
381 408 -1.000000
407 408 -1.000000
408 408 4.000000
409 408 -1.000000
435 408 -1.000000
382 409 -1.000000
408 409 -1.000000
409 409 4.000000
410 409 -1.000000
436 409 -1.000000
383 410 -1.000000
409 410 -1.000000
410 410 4.000000
411 410 -1.000000
437 410 -1.000000
384 411 -1.000000
410 411 -1.000000
411 411 4.000000
412 411 -1.000000
438 411 -1.000000
385 412 -1.000000
411 412 -1.000000
412 412 4.000000
413 412 -1.000000
439 412 -1.000000
386 413 -1.000000
412 413 -1.000000
413 413 4.000000
414 413 -1.000000
440 413 -1.000000
387 414 -1.000000
413 414 -1.000000
414 414 4.000000
415 414 -1.000000
441 414 -1.000000
388 415 -1.000000
414 415 -1.000000
415 415 4.000000
416 415 -1.000000
442 415 -1.000000
389 416 -1.000000
415 416 -1.000000
416 416 4.000000
417 416 -1.000000
443 416 -1.000000
390 417 -1.000000
416 417 -1.000000
417 417 4.000000
418 417 -1.000000
444 417 -1.000000
391 418 -1.000000
417 418 -1.000000
418 418 4.000000
419 418 -1.000000
445 418 -1.000000
392 419 -1.000000
418 419 -1.000000
419 419 4.000000
420 419 -1.000000
446 419 -1.000000
393 420 -1.000000
419 420 -1.000000
420 420 4.000000
421 420 -1.000000
447 420 -1.000000
394 421 -1.000000
420 421 -1.000000
421 421 4.000000
422 421 -1.000000
448 421 -1.000000
395 422 -1.000000
421 422 -1.000000
422 422 4.000000
423 422 -1.000000
449 422 -1.000000
396 423 -1.000000
422 423 -1.000000
423 423 4.000000
424 423 -1.000000
450 423 -1.000000
397 424 -1.000000
423 424 -1.000000
424 424 4.000000
425 424 -1.000000
451 424 -1.000000
398 425 -1.000000
424 425 -1.000000
425 425 4.000000
426 425 -1.000000
452 425 -1.000000
399 426 -1.000000
425 426 -1.000000
426 426 4.000000
427 426 -1.000000
453 426 -1.000000
400 427 -1.000000
426 427 -1.000000
427 427 4.000000
428 427 -1.000000
454 427 -1.000000
401 428 -1.000000
427 428 -1.000000
428 428 4.000000
429 428 -1.000000
455 428 -1.000000
402 429 -1.000000
428 429 -1.000000
429 429 4.000000
430 429 -1.000000
456 429 -1.000000
403 430 -1.000000
429 430 -1.000000
430 430 4.000000
431 430 -1.000000
457 430 -1.000000
404 431 -1.000000
430 431 -1.000000
431 431 4.000000
432 431 -1.000000
458 431 -1.000000
405 432 -1.000000
431 432 -1.000000
432 432 4.000000
459 432 -1.000000
406 433 -1.000000
433 433 4.000000
434 433 -1.000000
460 433 -1.000000
407 434 -1.000000
433 434 -1.000000
434 434 4.000000
435 434 -1.000000
461 434 -1.000000
408 435 -1.000000
434 435 -1.000000
435 435 4.000000
436 435 -1.000000
462 435 -1.000000
409 436 -1.000000
435 436 -1.000000
436 436 4.000000
437 436 -1.000000
463 436 -1.000000
410 437 -1.000000
436 437 -1.000000
437 437 4.000000
438 437 -1.000000
464 437 -1.000000
411 438 -1.000000
437 438 -1.000000
438 438 4.000000
439 438 -1.000000
465 438 -1.000000
412 439 -1.000000
438 439 -1.000000
439 439 4.000000
440 439 -1.000000
466 439 -1.000000
413 440 -1.000000
439 440 -1.000000
440 440 4.000000
441 440 -1.000000
467 440 -1.000000
414 441 -1.000000
440 441 -1.000000
441 441 4.000000
442 441 -1.000000
468 441 -1.000000
415 442 -1.000000
441 442 -1.000000
442 442 4.000000
443 442 -1.000000
469 442 -1.000000
416 443 -1.000000
442 443 -1.000000
443 443 4.000000
444 443 -1.000000
470 443 -1.000000
417 444 -1.000000
443 444 -1.000000
444 444 4.000000
445 444 -1.000000
471 444 -1.000000
418 445 -1.000000
444 445 -1.000000
445 445 4.000000
446 445 -1.000000
472 445 -1.000000
419 446 -1.000000
445 446 -1.000000
446 446 4.000000
447 446 -1.000000
473 446 -1.000000
420 447 -1.000000
446 447 -1.000000
447 447 4.000000
448 447 -1.000000
474 447 -1.000000
421 448 -1.000000
447 448 -1.000000
448 448 4.000000
449 448 -1.000000
475 448 -1.000000
422 449 -1.000000
448 449 -1.000000
449 449 4.000000
450 449 -1.000000
476 449 -1.000000
423 450 -1.000000
449 450 -1.000000
450 450 4.000000
451 450 -1.000000
477 450 -1.000000
424 451 -1.000000
450 451 -1.000000
451 451 4.000000
452 451 -1.000000
478 451 -1.000000
425 452 -1.000000
451 452 -1.000000
452 452 4.000000
453 452 -1.000000
479 452 -1.000000
426 453 -1.000000
452 453 -1.000000
453 453 4.000000
454 453 -1.000000
480 453 -1.000000
427 454 -1.000000
453 454 -1.000000
454 454 4.000000
455 454 -1.000000
481 454 -1.000000
428 455 -1.000000
454 455 -1.000000
455 455 4.000000
456 455 -1.000000
482 455 -1.000000
429 456 -1.000000
455 456 -1.000000
456 456 4.000000
457 456 -1.000000
483 456 -1.000000
430 457 -1.000000
456 457 -1.000000
457 457 4.000000
458 457 -1.000000
484 457 -1.000000
431 458 -1.000000
457 458 -1.000000
458 458 4.000000
459 458 -1.000000
485 458 -1.000000
432 459 -1.000000
458 459 -1.000000
459 459 4.000000
486 459 -1.000000
433 460 -1.000000
460 460 4.000000
461 460 -1.000000
487 460 -1.000000
434 461 -1.000000
460 461 -1.000000
461 461 4.000000
462 461 -1.000000
488 461 -1.000000
435 462 -1.000000
461 462 -1.000000
462 462 4.000000
463 462 -1.000000
489 462 -1.000000
436 463 -1.000000
462 463 -1.000000
463 463 4.000000
464 463 -1.000000
490 463 -1.000000
437 464 -1.000000
463 464 -1.000000
464 464 4.000000
465 464 -1.000000
491 464 -1.000000
438 465 -1.000000
464 465 -1.000000
465 465 4.000000
466 465 -1.000000
492 465 -1.000000
439 466 -1.000000
465 466 -1.000000
466 466 4.000000
467 466 -1.000000
493 466 -1.000000
440 467 -1.000000
466 467 -1.000000
467 467 4.000000
468 467 -1.000000
494 467 -1.000000
441 468 -1.000000
467 468 -1.000000
468 468 4.000000
469 468 -1.000000
495 468 -1.000000
442 469 -1.000000
468 469 -1.000000
469 469 4.000000
470 469 -1.000000
496 469 -1.000000
443 470 -1.000000
469 470 -1.000000
470 470 4.000000
471 470 -1.000000
497 470 -1.000000
444 471 -1.000000
470 471 -1.000000
471 471 4.000000
472 471 -1.000000
498 471 -1.000000
445 472 -1.000000
471 472 -1.000000
472 472 4.000000
473 472 -1.000000
499 472 -1.000000
446 473 -1.000000
472 473 -1.000000
473 473 4.000000
474 473 -1.000000
500 473 -1.000000
447 474 -1.000000
473 474 -1.000000
474 474 4.000000
475 474 -1.000000
501 474 -1.000000
448 475 -1.000000
474 475 -1.000000
475 475 4.000000
476 475 -1.000000
502 475 -1.000000
449 476 -1.000000
475 476 -1.000000
476 476 4.000000
477 476 -1.000000
503 476 -1.000000
450 477 -1.000000
476 477 -1.000000
477 477 4.000000
478 477 -1.000000
504 477 -1.000000
451 478 -1.000000
477 478 -1.000000
478 478 4.000000
479 478 -1.000000
505 478 -1.000000
452 479 -1.000000
478 479 -1.000000
479 479 4.000000
480 479 -1.000000
506 479 -1.000000
453 480 -1.000000
479 480 -1.000000
480 480 4.000000
481 480 -1.000000
507 480 -1.000000
454 481 -1.000000
480 481 -1.000000
481 481 4.000000
482 481 -1.000000
508 481 -1.000000
455 482 -1.000000
481 482 -1.000000
482 482 4.000000
483 482 -1.000000
509 482 -1.000000
456 483 -1.000000
482 483 -1.000000
483 483 4.000000
484 483 -1.000000
510 483 -1.000000
457 484 -1.000000
483 484 -1.000000
484 484 4.000000
485 484 -1.000000
511 484 -1.000000
458 485 -1.000000
484 485 -1.000000
485 485 4.000000
486 485 -1.000000
512 485 -1.000000
459 486 -1.000000
485 486 -1.000000
486 486 4.000000
513 486 -1.000000
460 487 -1.000000
487 487 4.000000
488 487 -1.000000
514 487 -1.000000
461 488 -1.000000
487 488 -1.000000
488 488 4.000000
489 488 -1.000000
515 488 -1.000000
462 489 -1.000000
488 489 -1.000000
489 489 4.000000
490 489 -1.000000
516 489 -1.000000
463 490 -1.000000
489 490 -1.000000
490 490 4.000000
491 490 -1.000000
517 490 -1.000000
464 491 -1.000000
490 491 -1.000000
491 491 4.000000
492 491 -1.000000
518 491 -1.000000
465 492 -1.000000
491 492 -1.000000
492 492 4.000000
493 492 -1.000000
519 492 -1.000000
466 493 -1.000000
492 493 -1.000000
493 493 4.000000
494 493 -1.000000
520 493 -1.000000
467 494 -1.000000
493 494 -1.000000
494 494 4.000000
495 494 -1.000000
521 494 -1.000000
468 495 -1.000000
494 495 -1.000000
495 495 4.000000
496 495 -1.000000
522 495 -1.000000
469 496 -1.000000
495 496 -1.000000
496 496 4.000000
497 496 -1.000000
523 496 -1.000000
470 497 -1.000000
496 497 -1.000000
497 497 4.000000
498 497 -1.000000
524 497 -1.000000
471 498 -1.000000
497 498 -1.000000
498 498 4.000000
499 498 -1.000000
525 498 -1.000000
472 499 -1.000000
498 499 -1.000000
499 499 4.000000
500 499 -1.000000
526 499 -1.000000
473 500 -1.000000
499 500 -1.000000
500 500 4.000000
501 500 -1.000000
527 500 -1.000000
474 501 -1.000000
500 501 -1.000000
501 501 4.000000
502 501 -1.000000
528 501 -1.000000
475 502 -1.000000
501 502 -1.000000
502 502 4.000000
503 502 -1.000000
529 502 -1.000000
476 503 -1.000000
502 503 -1.000000
503 503 4.000000
504 503 -1.000000
530 503 -1.000000
477 504 -1.000000
503 504 -1.000000
504 504 4.000000
505 504 -1.000000
531 504 -1.000000
478 505 -1.000000
504 505 -1.000000
505 505 4.000000
506 505 -1.000000
532 505 -1.000000
479 506 -1.000000
505 506 -1.000000
506 506 4.000000
507 506 -1.000000
533 506 -1.000000
480 507 -1.000000
506 507 -1.000000
507 507 4.000000
508 507 -1.000000
534 507 -1.000000
481 508 -1.000000
507 508 -1.000000
508 508 4.000000
509 508 -1.000000
535 508 -1.000000
482 509 -1.000000
508 509 -1.000000
509 509 4.000000
510 509 -1.000000
536 509 -1.000000
483 510 -1.000000
509 510 -1.000000
510 510 4.000000
511 510 -1.000000
537 510 -1.000000
484 511 -1.000000
510 511 -1.000000
511 511 4.000000
512 511 -1.000000
538 511 -1.000000
485 512 -1.000000
511 512 -1.000000
512 512 4.000000
513 512 -1.000000
539 512 -1.000000
486 513 -1.000000
512 513 -1.000000
513 513 4.000000
540 513 -1.000000
487 514 -1.000000
514 514 4.000000
515 514 -1.000000
541 514 -1.000000
488 515 -1.000000
514 515 -1.000000
515 515 4.000000
516 515 -1.000000
542 515 -1.000000
489 516 -1.000000
515 516 -1.000000
516 516 4.000000
517 516 -1.000000
543 516 -1.000000
490 517 -1.000000
516 517 -1.000000
517 517 4.000000
518 517 -1.000000
544 517 -1.000000
491 518 -1.000000
517 518 -1.000000
518 518 4.000000
519 518 -1.000000
545 518 -1.000000
492 519 -1.000000
518 519 -1.000000
519 519 4.000000
520 519 -1.000000
546 519 -1.000000
493 520 -1.000000
519 520 -1.000000
520 520 4.000000
521 520 -1.000000
547 520 -1.000000
494 521 -1.000000
520 521 -1.000000
521 521 4.000000
522 521 -1.000000
548 521 -1.000000
495 522 -1.000000
521 522 -1.000000
522 522 4.000000
523 522 -1.000000
549 522 -1.000000
496 523 -1.000000
522 523 -1.000000
523 523 4.000000
524 523 -1.000000
550 523 -1.000000
497 524 -1.000000
523 524 -1.000000
524 524 4.000000
525 524 -1.000000
551 524 -1.000000
498 525 -1.000000
524 525 -1.000000
525 525 4.000000
526 525 -1.000000
552 525 -1.000000
499 526 -1.000000
525 526 -1.000000
526 526 4.000000
527 526 -1.000000
553 526 -1.000000
500 527 -1.000000
526 527 -1.000000
527 527 4.000000
528 527 -1.000000
554 527 -1.000000
501 528 -1.000000
527 528 -1.000000
528 528 4.000000
529 528 -1.000000
555 528 -1.000000
502 529 -1.000000
528 529 -1.000000
529 529 4.000000
530 529 -1.000000
556 529 -1.000000
503 530 -1.000000
529 530 -1.000000
530 530 4.000000
531 530 -1.000000
557 530 -1.000000
504 531 -1.000000
530 531 -1.000000
531 531 4.000000
532 531 -1.000000
558 531 -1.000000
505 532 -1.000000
531 532 -1.000000
532 532 4.000000
533 532 -1.000000
559 532 -1.000000
506 533 -1.000000
532 533 -1.000000
533 533 4.000000
534 533 -1.000000
560 533 -1.000000
507 534 -1.000000
533 534 -1.000000
534 534 4.000000
535 534 -1.000000
561 534 -1.000000
508 535 -1.000000
534 535 -1.000000
535 535 4.000000
536 535 -1.000000
562 535 -1.000000
509 536 -1.000000
535 536 -1.000000
536 536 4.000000
537 536 -1.000000
563 536 -1.000000
510 537 -1.000000
536 537 -1.000000
537 537 4.000000
538 537 -1.000000
564 537 -1.000000
511 538 -1.000000
537 538 -1.000000
538 538 4.000000
539 538 -1.000000
565 538 -1.000000
512 539 -1.000000
538 539 -1.000000
539 539 4.000000
540 539 -1.000000
566 539 -1.000000
513 540 -1.000000
539 540 -1.000000
540 540 4.000000
567 540 -1.000000
514 541 -1.000000
541 541 4.000000
542 541 -1.000000
568 541 -1.000000
515 542 -1.000000
541 542 -1.000000
542 542 4.000000
543 542 -1.000000
569 542 -1.000000
516 543 -1.000000
542 543 -1.000000
543 543 4.000000
544 543 -1.000000
570 543 -1.000000
517 544 -1.000000
543 544 -1.000000
544 544 4.000000
545 544 -1.000000
571 544 -1.000000
518 545 -1.000000
544 545 -1.000000
545 545 4.000000
546 545 -1.000000
572 545 -1.000000
519 546 -1.000000
545 546 -1.000000
546 546 4.000000
547 546 -1.000000
573 546 -1.000000
520 547 -1.000000
546 547 -1.000000
547 547 4.000000
548 547 -1.000000
574 547 -1.000000
521 548 -1.000000
547 548 -1.000000
548 548 4.000000
549 548 -1.000000
575 548 -1.000000
522 549 -1.000000
548 549 -1.000000
549 549 4.000000
550 549 -1.000000
576 549 -1.000000
523 550 -1.000000
549 550 -1.000000
550 550 4.000000
551 550 -1.000000
577 550 -1.000000
524 551 -1.000000
550 551 -1.000000
551 551 4.000000
552 551 -1.000000
578 551 -1.000000
525 552 -1.000000
551 552 -1.000000
552 552 4.000000
553 552 -1.000000
579 552 -1.000000
526 553 -1.000000
552 553 -1.000000
553 553 4.000000
554 553 -1.000000
580 553 -1.000000
527 554 -1.000000
553 554 -1.000000
554 554 4.000000
555 554 -1.000000
581 554 -1.000000
528 555 -1.000000
554 555 -1.000000
555 555 4.000000
556 555 -1.000000
582 555 -1.000000
529 556 -1.000000
555 556 -1.000000
556 556 4.000000
557 556 -1.000000
583 556 -1.000000
530 557 -1.000000
556 557 -1.000000
557 557 4.000000
558 557 -1.000000
584 557 -1.000000
531 558 -1.000000
557 558 -1.000000
558 558 4.000000
559 558 -1.000000
585 558 -1.000000
532 559 -1.000000
558 559 -1.000000
559 559 4.000000
560 559 -1.000000
586 559 -1.000000
533 560 -1.000000
559 560 -1.000000
560 560 4.000000
561 560 -1.000000
587 560 -1.000000
534 561 -1.000000
560 561 -1.000000
561 561 4.000000
562 561 -1.000000
588 561 -1.000000
535 562 -1.000000
561 562 -1.000000
562 562 4.000000
563 562 -1.000000
589 562 -1.000000
536 563 -1.000000
562 563 -1.000000
563 563 4.000000
564 563 -1.000000
590 563 -1.000000
537 564 -1.000000
563 564 -1.000000
564 564 4.000000
565 564 -1.000000
591 564 -1.000000
538 565 -1.000000
564 565 -1.000000
565 565 4.000000
566 565 -1.000000
592 565 -1.000000
539 566 -1.000000
565 566 -1.000000
566 566 4.000000
567 566 -1.000000
593 566 -1.000000
540 567 -1.000000
566 567 -1.000000
567 567 4.000000
594 567 -1.000000
541 568 -1.000000
568 568 4.000000
569 568 -1.000000
595 568 -1.000000
542 569 -1.000000
568 569 -1.000000
569 569 4.000000
570 569 -1.000000
596 569 -1.000000
543 570 -1.000000
569 570 -1.000000
570 570 4.000000
571 570 -1.000000
597 570 -1.000000
544 571 -1.000000
570 571 -1.000000
571 571 4.000000
572 571 -1.000000
598 571 -1.000000
545 572 -1.000000
571 572 -1.000000
572 572 4.000000
573 572 -1.000000
599 572 -1.000000
546 573 -1.000000
572 573 -1.000000
573 573 4.000000
574 573 -1.000000
600 573 -1.000000
547 574 -1.000000
573 574 -1.000000
574 574 4.000000
575 574 -1.000000
601 574 -1.000000
548 575 -1.000000
574 575 -1.000000
575 575 4.000000
576 575 -1.000000
602 575 -1.000000
549 576 -1.000000
575 576 -1.000000
576 576 4.000000
577 576 -1.000000
603 576 -1.000000
550 577 -1.000000
576 577 -1.000000
577 577 4.000000
578 577 -1.000000
604 577 -1.000000
551 578 -1.000000
577 578 -1.000000
578 578 4.000000
579 578 -1.000000
605 578 -1.000000
552 579 -1.000000
578 579 -1.000000
579 579 4.000000
580 579 -1.000000
606 579 -1.000000
553 580 -1.000000
579 580 -1.000000
580 580 4.000000
581 580 -1.000000
607 580 -1.000000
554 581 -1.000000
580 581 -1.000000
581 581 4.000000
582 581 -1.000000
608 581 -1.000000
555 582 -1.000000
581 582 -1.000000
582 582 4.000000
583 582 -1.000000
609 582 -1.000000
556 583 -1.000000
582 583 -1.000000
583 583 4.000000
584 583 -1.000000
610 583 -1.000000
557 584 -1.000000
583 584 -1.000000
584 584 4.000000
585 584 -1.000000
611 584 -1.000000
558 585 -1.000000
584 585 -1.000000
585 585 4.000000
586 585 -1.000000
612 585 -1.000000
559 586 -1.000000
585 586 -1.000000
586 586 4.000000
587 586 -1.000000
613 586 -1.000000
560 587 -1.000000
586 587 -1.000000
587 587 4.000000
588 587 -1.000000
614 587 -1.000000
561 588 -1.000000
587 588 -1.000000
588 588 4.000000
589 588 -1.000000
615 588 -1.000000
562 589 -1.000000
588 589 -1.000000
589 589 4.000000
590 589 -1.000000
616 589 -1.000000
563 590 -1.000000
589 590 -1.000000
590 590 4.000000
591 590 -1.000000
617 590 -1.000000
564 591 -1.000000
590 591 -1.000000
591 591 4.000000
592 591 -1.000000
618 591 -1.000000
565 592 -1.000000
591 592 -1.000000
592 592 4.000000
593 592 -1.000000
619 592 -1.000000
566 593 -1.000000
592 593 -1.000000
593 593 4.000000
594 593 -1.000000
620 593 -1.000000
567 594 -1.000000
593 594 -1.000000
594 594 4.000000
621 594 -1.000000
568 595 -1.000000
595 595 4.000000
596 595 -1.000000
622 595 -1.000000
569 596 -1.000000
595 596 -1.000000
596 596 4.000000
597 596 -1.000000
623 596 -1.000000
570 597 -1.000000
596 597 -1.000000
597 597 4.000000
598 597 -1.000000
624 597 -1.000000
571 598 -1.000000
597 598 -1.000000
598 598 4.000000
599 598 -1.000000
625 598 -1.000000
572 599 -1.000000
598 599 -1.000000
599 599 4.000000
600 599 -1.000000
626 599 -1.000000
573 600 -1.000000
599 600 -1.000000
600 600 4.000000
601 600 -1.000000
627 600 -1.000000
574 601 -1.000000
600 601 -1.000000
601 601 4.000000
602 601 -1.000000
628 601 -1.000000
575 602 -1.000000
601 602 -1.000000
602 602 4.000000
603 602 -1.000000
629 602 -1.000000
576 603 -1.000000
602 603 -1.000000
603 603 4.000000
604 603 -1.000000
630 603 -1.000000
577 604 -1.000000
603 604 -1.000000
604 604 4.000000
605 604 -1.000000
631 604 -1.000000
578 605 -1.000000
604 605 -1.000000
605 605 4.000000
606 605 -1.000000
632 605 -1.000000
579 606 -1.000000
605 606 -1.000000
606 606 4.000000
607 606 -1.000000
633 606 -1.000000
580 607 -1.000000
606 607 -1.000000
607 607 4.000000
608 607 -1.000000
634 607 -1.000000
581 608 -1.000000
607 608 -1.000000
608 608 4.000000
609 608 -1.000000
635 608 -1.000000
582 609 -1.000000
608 609 -1.000000
609 609 4.000000
610 609 -1.000000
636 609 -1.000000
583 610 -1.000000
609 610 -1.000000
610 610 4.000000
611 610 -1.000000
637 610 -1.000000
584 611 -1.000000
610 611 -1.000000
611 611 4.000000
612 611 -1.000000
638 611 -1.000000
585 612 -1.000000
611 612 -1.000000
612 612 4.000000
613 612 -1.000000
639 612 -1.000000
586 613 -1.000000
612 613 -1.000000
613 613 4.000000
614 613 -1.000000
640 613 -1.000000
587 614 -1.000000
613 614 -1.000000
614 614 4.000000
615 614 -1.000000
641 614 -1.000000
588 615 -1.000000
614 615 -1.000000
615 615 4.000000
616 615 -1.000000
642 615 -1.000000
589 616 -1.000000
615 616 -1.000000
616 616 4.000000
617 616 -1.000000
643 616 -1.000000
590 617 -1.000000
616 617 -1.000000
617 617 4.000000
618 617 -1.000000
644 617 -1.000000
591 618 -1.000000
617 618 -1.000000
618 618 4.000000
619 618 -1.000000
645 618 -1.000000
592 619 -1.000000
618 619 -1.000000
619 619 4.000000
620 619 -1.000000
646 619 -1.000000
593 620 -1.000000
619 620 -1.000000
620 620 4.000000
621 620 -1.000000
647 620 -1.000000
594 621 -1.000000
620 621 -1.000000
621 621 4.000000
648 621 -1.000000
595 622 -1.000000
622 622 4.000000
623 622 -1.000000
649 622 -1.000000
596 623 -1.000000
622 623 -1.000000
623 623 4.000000
624 623 -1.000000
650 623 -1.000000
597 624 -1.000000
623 624 -1.000000
624 624 4.000000
625 624 -1.000000
651 624 -1.000000
598 625 -1.000000
624 625 -1.000000
625 625 4.000000
626 625 -1.000000
652 625 -1.000000
599 626 -1.000000
625 626 -1.000000
626 626 4.000000
627 626 -1.000000
653 626 -1.000000
600 627 -1.000000
626 627 -1.000000
627 627 4.000000
628 627 -1.000000
654 627 -1.000000
601 628 -1.000000
627 628 -1.000000
628 628 4.000000
629 628 -1.000000
655 628 -1.000000
602 629 -1.000000
628 629 -1.000000
629 629 4.000000
630 629 -1.000000
656 629 -1.000000
603 630 -1.000000
629 630 -1.000000
630 630 4.000000
631 630 -1.000000
657 630 -1.000000
604 631 -1.000000
630 631 -1.000000
631 631 4.000000
632 631 -1.000000
658 631 -1.000000
605 632 -1.000000
631 632 -1.000000
632 632 4.000000
633 632 -1.000000
659 632 -1.000000
606 633 -1.000000
632 633 -1.000000
633 633 4.000000
634 633 -1.000000
660 633 -1.000000
607 634 -1.000000
633 634 -1.000000
634 634 4.000000
635 634 -1.000000
661 634 -1.000000
608 635 -1.000000
634 635 -1.000000
635 635 4.000000
636 635 -1.000000
662 635 -1.000000
609 636 -1.000000
635 636 -1.000000
636 636 4.000000
637 636 -1.000000
663 636 -1.000000
610 637 -1.000000
636 637 -1.000000
637 637 4.000000
638 637 -1.000000
664 637 -1.000000
611 638 -1.000000
637 638 -1.000000
638 638 4.000000
639 638 -1.000000
665 638 -1.000000
612 639 -1.000000
638 639 -1.000000
639 639 4.000000
640 639 -1.000000
666 639 -1.000000
613 640 -1.000000
639 640 -1.000000
640 640 4.000000
641 640 -1.000000
667 640 -1.000000
614 641 -1.000000
640 641 -1.000000
641 641 4.000000
642 641 -1.000000
668 641 -1.000000
615 642 -1.000000
641 642 -1.000000
642 642 4.000000
643 642 -1.000000
669 642 -1.000000
616 643 -1.000000
642 643 -1.000000
643 643 4.000000
644 643 -1.000000
670 643 -1.000000
617 644 -1.000000
643 644 -1.000000
644 644 4.000000
645 644 -1.000000
671 644 -1.000000
618 645 -1.000000
644 645 -1.000000
645 645 4.000000
646 645 -1.000000
672 645 -1.000000
619 646 -1.000000
645 646 -1.000000
646 646 4.000000
647 646 -1.000000
673 646 -1.000000
620 647 -1.000000
646 647 -1.000000
647 647 4.000000
648 647 -1.000000
674 647 -1.000000
621 648 -1.000000
647 648 -1.000000
648 648 4.000000
675 648 -1.000000
622 649 -1.000000
649 649 4.000000
650 649 -1.000000
676 649 -1.000000
623 650 -1.000000
649 650 -1.000000
650 650 4.000000
651 650 -1.000000
677 650 -1.000000
624 651 -1.000000
650 651 -1.000000
651 651 4.000000
652 651 -1.000000
678 651 -1.000000
625 652 -1.000000
651 652 -1.000000
652 652 4.000000
653 652 -1.000000
679 652 -1.000000
626 653 -1.000000
652 653 -1.000000
653 653 4.000000
654 653 -1.000000
680 653 -1.000000
627 654 -1.000000
653 654 -1.000000
654 654 4.000000
655 654 -1.000000
681 654 -1.000000
628 655 -1.000000
654 655 -1.000000
655 655 4.000000
656 655 -1.000000
682 655 -1.000000
629 656 -1.000000
655 656 -1.000000
656 656 4.000000
657 656 -1.000000
683 656 -1.000000
630 657 -1.000000
656 657 -1.000000
657 657 4.000000
658 657 -1.000000
684 657 -1.000000
631 658 -1.000000
657 658 -1.000000
658 658 4.000000
659 658 -1.000000
685 658 -1.000000
632 659 -1.000000
658 659 -1.000000
659 659 4.000000
660 659 -1.000000
686 659 -1.000000
633 660 -1.000000
659 660 -1.000000
660 660 4.000000
661 660 -1.000000
687 660 -1.000000
634 661 -1.000000
660 661 -1.000000
661 661 4.000000
662 661 -1.000000
688 661 -1.000000
635 662 -1.000000
661 662 -1.000000
662 662 4.000000
663 662 -1.000000
689 662 -1.000000
636 663 -1.000000
662 663 -1.000000
663 663 4.000000
664 663 -1.000000
690 663 -1.000000
637 664 -1.000000
663 664 -1.000000
664 664 4.000000
665 664 -1.000000
691 664 -1.000000
638 665 -1.000000
664 665 -1.000000
665 665 4.000000
666 665 -1.000000
692 665 -1.000000
639 666 -1.000000
665 666 -1.000000
666 666 4.000000
667 666 -1.000000
693 666 -1.000000
640 667 -1.000000
666 667 -1.000000
667 667 4.000000
668 667 -1.000000
694 667 -1.000000
641 668 -1.000000
667 668 -1.000000
668 668 4.000000
669 668 -1.000000
695 668 -1.000000
642 669 -1.000000
668 669 -1.000000
669 669 4.000000
670 669 -1.000000
696 669 -1.000000
643 670 -1.000000
669 670 -1.000000
670 670 4.000000
671 670 -1.000000
697 670 -1.000000
644 671 -1.000000
670 671 -1.000000
671 671 4.000000
672 671 -1.000000
698 671 -1.000000
645 672 -1.000000
671 672 -1.000000
672 672 4.000000
673 672 -1.000000
699 672 -1.000000
646 673 -1.000000
672 673 -1.000000
673 673 4.000000
674 673 -1.000000
700 673 -1.000000
647 674 -1.000000
673 674 -1.000000
674 674 4.000000
675 674 -1.000000
701 674 -1.000000
648 675 -1.000000
674 675 -1.000000
675 675 4.000000
702 675 -1.000000
649 676 -1.000000
676 676 4.000000
677 676 -1.000000
703 676 -1.000000
650 677 -1.000000
676 677 -1.000000
677 677 4.000000
678 677 -1.000000
704 677 -1.000000
651 678 -1.000000
677 678 -1.000000
678 678 4.000000
679 678 -1.000000
705 678 -1.000000
652 679 -1.000000
678 679 -1.000000
679 679 4.000000
680 679 -1.000000
706 679 -1.000000
653 680 -1.000000
679 680 -1.000000
680 680 4.000000
681 680 -1.000000
707 680 -1.000000
654 681 -1.000000
680 681 -1.000000
681 681 4.000000
682 681 -1.000000
708 681 -1.000000
655 682 -1.000000
681 682 -1.000000
682 682 4.000000
683 682 -1.000000
709 682 -1.000000
656 683 -1.000000
682 683 -1.000000
683 683 4.000000
684 683 -1.000000
710 683 -1.000000
657 684 -1.000000
683 684 -1.000000
684 684 4.000000
685 684 -1.000000
711 684 -1.000000
658 685 -1.000000
684 685 -1.000000
685 685 4.000000
686 685 -1.000000
712 685 -1.000000
659 686 -1.000000
685 686 -1.000000
686 686 4.000000
687 686 -1.000000
713 686 -1.000000
660 687 -1.000000
686 687 -1.000000
687 687 4.000000
688 687 -1.000000
714 687 -1.000000
661 688 -1.000000
687 688 -1.000000
688 688 4.000000
689 688 -1.000000
715 688 -1.000000
662 689 -1.000000
688 689 -1.000000
689 689 4.000000
690 689 -1.000000
716 689 -1.000000
663 690 -1.000000
689 690 -1.000000
690 690 4.000000
691 690 -1.000000
717 690 -1.000000
664 691 -1.000000
690 691 -1.000000
691 691 4.000000
692 691 -1.000000
718 691 -1.000000
665 692 -1.000000
691 692 -1.000000
692 692 4.000000
693 692 -1.000000
719 692 -1.000000
666 693 -1.000000
692 693 -1.000000
693 693 4.000000
694 693 -1.000000
720 693 -1.000000
667 694 -1.000000
693 694 -1.000000
694 694 4.000000
695 694 -1.000000
721 694 -1.000000
668 695 -1.000000
694 695 -1.000000
695 695 4.000000
696 695 -1.000000
722 695 -1.000000
669 696 -1.000000
695 696 -1.000000
696 696 4.000000
697 696 -1.000000
723 696 -1.000000
670 697 -1.000000
696 697 -1.000000
697 697 4.000000
698 697 -1.000000
724 697 -1.000000
671 698 -1.000000
697 698 -1.000000
698 698 4.000000
699 698 -1.000000
725 698 -1.000000
672 699 -1.000000
698 699 -1.000000
699 699 4.000000
700 699 -1.000000
726 699 -1.000000
673 700 -1.000000
699 700 -1.000000
700 700 4.000000
701 700 -1.000000
727 700 -1.000000
674 701 -1.000000
700 701 -1.000000
701 701 4.000000
702 701 -1.000000
728 701 -1.000000
675 702 -1.000000
701 702 -1.000000
702 702 4.000000
729 702 -1.000000
676 703 -1.000000
703 703 4.000000
704 703 -1.000000
677 704 -1.000000
703 704 -1.000000
704 704 4.000000
705 704 -1.000000
678 705 -1.000000
704 705 -1.000000
705 705 4.000000
706 705 -1.000000
679 706 -1.000000
705 706 -1.000000
706 706 4.000000
707 706 -1.000000
680 707 -1.000000
706 707 -1.000000
707 707 4.000000
708 707 -1.000000
681 708 -1.000000
707 708 -1.000000
708 708 4.000000
709 708 -1.000000
682 709 -1.000000
708 709 -1.000000
709 709 4.000000
710 709 -1.000000
683 710 -1.000000
709 710 -1.000000
710 710 4.000000
711 710 -1.000000
684 711 -1.000000
710 711 -1.000000
711 711 4.000000
712 711 -1.000000
685 712 -1.000000
711 712 -1.000000
712 712 4.000000
713 712 -1.000000
686 713 -1.000000
712 713 -1.000000
713 713 4.000000
714 713 -1.000000
687 714 -1.000000
713 714 -1.000000
714 714 4.000000
715 714 -1.000000
688 715 -1.000000
714 715 -1.000000
715 715 4.000000
716 715 -1.000000
689 716 -1.000000
715 716 -1.000000
716 716 4.000000
717 716 -1.000000
690 717 -1.000000
716 717 -1.000000
717 717 4.000000
718 717 -1.000000
691 718 -1.000000
717 718 -1.000000
718 718 4.000000
719 718 -1.000000
692 719 -1.000000
718 719 -1.000000
719 719 4.000000
720 719 -1.000000
693 720 -1.000000
719 720 -1.000000
720 720 4.000000
721 720 -1.000000
694 721 -1.000000
720 721 -1.000000
721 721 4.000000
722 721 -1.000000
695 722 -1.000000
721 722 -1.000000
722 722 4.000000
723 722 -1.000000
696 723 -1.000000
722 723 -1.000000
723 723 4.000000
724 723 -1.000000
697 724 -1.000000
723 724 -1.000000
724 724 4.000000
725 724 -1.000000
698 725 -1.000000
724 725 -1.000000
725 725 4.000000
726 725 -1.000000
699 726 -1.000000
725 726 -1.000000
726 726 4.000000
727 726 -1.000000
700 727 -1.000000
726 727 -1.000000
727 727 4.000000
728 727 -1.000000
701 728 -1.000000
727 728 -1.000000
728 728 4.000000
729 728 -1.000000
702 729 -1.000000
728 729 -1.000000
729 729 4.000000
