1 1 4.000000
2 1 -1.000000
30 1 -1.000000
1 2 -1.000000
2 2 4.000000
3 2 -1.000000
31 2 -1.000000
2 3 -1.000000
3 3 4.000000
4 3 -1.000000
32 3 -1.000000
3 4 -1.000000
4 4 4.000000
5 4 -1.000000
33 4 -1.000000
4 5 -1.000000
5 5 4.000000
6 5 -1.000000
34 5 -1.000000
5 6 -1.000000
6 6 4.000000
7 6 -1.000000
35 6 -1.000000
6 7 -1.000000
7 7 4.000000
8 7 -1.000000
36 7 -1.000000
7 8 -1.000000
8 8 4.000000
9 8 -1.000000
37 8 -1.000000
8 9 -1.000000
9 9 4.000000
10 9 -1.000000
38 9 -1.000000
9 10 -1.000000
10 10 4.000000
11 10 -1.000000
39 10 -1.000000
10 11 -1.000000
11 11 4.000000
12 11 -1.000000
40 11 -1.000000
11 12 -1.000000
12 12 4.000000
13 12 -1.000000
41 12 -1.000000
12 13 -1.000000
13 13 4.000000
14 13 -1.000000
42 13 -1.000000
13 14 -1.000000
14 14 4.000000
15 14 -1.000000
43 14 -1.000000
14 15 -1.000000
15 15 4.000000
16 15 -1.000000
44 15 -1.000000
15 16 -1.000000
16 16 4.000000
17 16 -1.000000
45 16 -1.000000
16 17 -1.000000
17 17 4.000000
18 17 -1.000000
46 17 -1.000000
17 18 -1.000000
18 18 4.000000
19 18 -1.000000
47 18 -1.000000
18 19 -1.000000
19 19 4.000000
20 19 -1.000000
48 19 -1.000000
19 20 -1.000000
20 20 4.000000
21 20 -1.000000
49 20 -1.000000
20 21 -1.000000
21 21 4.000000
22 21 -1.000000
50 21 -1.000000
21 22 -1.000000
22 22 4.000000
23 22 -1.000000
51 22 -1.000000
22 23 -1.000000
23 23 4.000000
24 23 -1.000000
52 23 -1.000000
23 24 -1.000000
24 24 4.000000
25 24 -1.000000
53 24 -1.000000
24 25 -1.000000
25 25 4.000000
26 25 -1.000000
54 25 -1.000000
25 26 -1.000000
26 26 4.000000
27 26 -1.000000
55 26 -1.000000
26 27 -1.000000
27 27 4.000000
28 27 -1.000000
56 27 -1.000000
27 28 -1.000000
28 28 4.000000
29 28 -1.000000
57 28 -1.000000
28 29 -1.000000
29 29 4.000000
58 29 -1.000000
1 30 -1.000000
30 30 4.000000
31 30 -1.000000
59 30 -1.000000
2 31 -1.000000
30 31 -1.000000
31 31 4.000000
32 31 -1.000000
60 31 -1.000000
3 32 -1.000000
31 32 -1.000000
32 32 4.000000
33 32 -1.000000
61 32 -1.000000
4 33 -1.000000
32 33 -1.000000
33 33 4.000000
34 33 -1.000000
62 33 -1.000000
5 34 -1.000000
33 34 -1.000000
34 34 4.000000
35 34 -1.000000
63 34 -1.000000
6 35 -1.000000
34 35 -1.000000
35 35 4.000000
36 35 -1.000000
64 35 -1.000000
7 36 -1.000000
35 36 -1.000000
36 36 4.000000
37 36 -1.000000
65 36 -1.000000
8 37 -1.000000
36 37 -1.000000
37 37 4.000000
38 37 -1.000000
66 37 -1.000000
9 38 -1.000000
37 38 -1.000000
38 38 4.000000
39 38 -1.000000
67 38 -1.000000
10 39 -1.000000
38 39 -1.000000
39 39 4.000000
40 39 -1.000000
68 39 -1.000000
11 40 -1.000000
39 40 -1.000000
40 40 4.000000
41 40 -1.000000
69 40 -1.000000
12 41 -1.000000
40 41 -1.000000
41 41 4.000000
42 41 -1.000000
70 41 -1.000000
13 42 -1.000000
41 42 -1.000000
42 42 4.000000
43 42 -1.000000
71 42 -1.000000
14 43 -1.000000
42 43 -1.000000
43 43 4.000000
44 43 -1.000000
72 43 -1.000000
15 44 -1.000000
43 44 -1.000000
44 44 4.000000
45 44 -1.000000
73 44 -1.000000
16 45 -1.000000
44 45 -1.000000
45 45 4.000000
46 45 -1.000000
74 45 -1.000000
17 46 -1.000000
45 46 -1.000000
46 46 4.000000
47 46 -1.000000
75 46 -1.000000
18 47 -1.000000
46 47 -1.000000
47 47 4.000000
48 47 -1.000000
76 47 -1.000000
19 48 -1.000000
47 48 -1.000000
48 48 4.000000
49 48 -1.000000
77 48 -1.000000
20 49 -1.000000
48 49 -1.000000
49 49 4.000000
50 49 -1.000000
78 49 -1.000000
21 50 -1.000000
49 50 -1.000000
50 50 4.000000
51 50 -1.000000
79 50 -1.000000
22 51 -1.000000
50 51 -1.000000
51 51 4.000000
52 51 -1.000000
80 51 -1.000000
23 52 -1.000000
51 52 -1.000000
52 52 4.000000
53 52 -1.000000
81 52 -1.000000
24 53 -1.000000
52 53 -1.000000
53 53 4.000000
54 53 -1.000000
82 53 -1.000000
25 54 -1.000000
53 54 -1.000000
54 54 4.000000
55 54 -1.000000
83 54 -1.000000
26 55 -1.000000
54 55 -1.000000
55 55 4.000000
56 55 -1.000000
84 55 -1.000000
27 56 -1.000000
55 56 -1.000000
56 56 4.000000
57 56 -1.000000
85 56 -1.000000
28 57 -1.000000
56 57 -1.000000
57 57 4.000000
58 57 -1.000000
86 57 -1.000000
29 58 -1.000000
57 58 -1.000000
58 58 4.000000
87 58 -1.000000
30 59 -1.000000
59 59 4.000000
60 59 -1.000000
88 59 -1.000000
31 60 -1.000000
59 60 -1.000000
60 60 4.000000
61 60 -1.000000
89 60 -1.000000
32 61 -1.000000
60 61 -1.000000
61 61 4.000000
62 61 -1.000000
90 61 -1.000000
33 62 -1.000000
61 62 -1.000000
62 62 4.000000
63 62 -1.000000
91 62 -1.000000
34 63 -1.000000
62 63 -1.000000
63 63 4.000000
64 63 -1.000000
92 63 -1.000000
35 64 -1.000000
63 64 -1.000000
64 64 4.000000
65 64 -1.000000
93 64 -1.000000
36 65 -1.000000
64 65 -1.000000
65 65 4.000000
66 65 -1.000000
94 65 -1.000000
37 66 -1.000000
65 66 -1.000000
66 66 4.000000
67 66 -1.000000
95 66 -1.000000
38 67 -1.000000
66 67 -1.000000
67 67 4.000000
68 67 -1.000000
96 67 -1.000000
39 68 -1.000000
67 68 -1.000000
68 68 4.000000
69 68 -1.000000
97 68 -1.000000
40 69 -1.000000
68 69 -1.000000
69 69 4.000000
70 69 -1.000000
98 69 -1.000000
41 70 -1.000000
69 70 -1.000000
70 70 4.000000
71 70 -1.000000
99 70 -1.000000
42 71 -1.000000
70 71 -1.000000
71 71 4.000000
72 71 -1.000000
100 71 -1.000000
43 72 -1.000000
71 72 -1.000000
72 72 4.000000
73 72 -1.000000
101 72 -1.000000
44 73 -1.000000
72 73 -1.000000
73 73 4.000000
74 73 -1.000000
102 73 -1.000000
45 74 -1.000000
73 74 -1.000000
74 74 4.000000
75 74 -1.000000
103 74 -1.000000
46 75 -1.000000
74 75 -1.000000
75 75 4.000000
76 75 -1.000000
104 75 -1.000000
47 76 -1.000000
75 76 -1.000000
76 76 4.000000
77 76 -1.000000
105 76 -1.000000
48 77 -1.000000
76 77 -1.000000
77 77 4.000000
78 77 -1.000000
106 77 -1.000000
49 78 -1.000000
77 78 -1.000000
78 78 4.000000
79 78 -1.000000
107 78 -1.000000
50 79 -1.000000
78 79 -1.000000
79 79 4.000000
80 79 -1.000000
108 79 -1.000000
51 80 -1.000000
79 80 -1.000000
80 80 4.000000
81 80 -1.000000
109 80 -1.000000
52 81 -1.000000
80 81 -1.000000
81 81 4.000000
82 81 -1.000000
110 81 -1.000000
53 82 -1.000000
81 82 -1.000000
82 82 4.000000
83 82 -1.000000
111 82 -1.000000
54 83 -1.000000
82 83 -1.000000
83 83 4.000000
84 83 -1.000000
112 83 -1.000000
55 84 -1.000000
83 84 -1.000000
84 84 4.000000
85 84 -1.000000
113 84 -1.000000
56 85 -1.000000
84 85 -1.000000
85 85 4.000000
86 85 -1.000000
114 85 -1.000000
57 86 -1.000000
85 86 -1.000000
86 86 4.000000
87 86 -1.000000
115 86 -1.000000
58 87 -1.000000
86 87 -1.000000
87 87 4.000000
116 87 -1.000000
59 88 -1.000000
88 88 4.000000
89 88 -1.000000
117 88 -1.000000
60 89 -1.000000
88 89 -1.000000
89 89 4.000000
90 89 -1.000000
118 89 -1.000000
61 90 -1.000000
89 90 -1.000000
90 90 4.000000
91 90 -1.000000
119 90 -1.000000
62 91 -1.000000
90 91 -1.000000
91 91 4.000000
92 91 -1.000000
120 91 -1.000000
63 92 -1.000000
91 92 -1.000000
92 92 4.000000
93 92 -1.000000
121 92 -1.000000
64 93 -1.000000
92 93 -1.000000
93 93 4.000000
94 93 -1.000000
122 93 -1.000000
65 94 -1.000000
93 94 -1.000000
94 94 4.000000
95 94 -1.000000
123 94 -1.000000
66 95 -1.000000
94 95 -1.000000
95 95 4.000000
96 95 -1.000000
124 95 -1.000000
67 96 -1.000000
95 96 -1.000000
96 96 4.000000
97 96 -1.000000
125 96 -1.000000
68 97 -1.000000
96 97 -1.000000
97 97 4.000000
98 97 -1.000000
126 97 -1.000000
69 98 -1.000000
97 98 -1.000000
98 98 4.000000
99 98 -1.000000
127 98 -1.000000
70 99 -1.000000
98 99 -1.000000
99 99 4.000000
100 99 -1.000000
128 99 -1.000000
71 100 -1.000000
99 100 -1.000000
100 100 4.000000
101 100 -1.000000
129 100 -1.000000
72 101 -1.000000
100 101 -1.000000
101 101 4.000000
102 101 -1.000000
130 101 -1.000000
73 102 -1.000000
101 102 -1.000000
102 102 4.000000
103 102 -1.000000
131 102 -1.000000
74 103 -1.000000
102 103 -1.000000
103 103 4.000000
104 103 -1.000000
132 103 -1.000000
75 104 -1.000000
103 104 -1.000000
104 104 4.000000
105 104 -1.000000
133 104 -1.000000
76 105 -1.000000
104 105 -1.000000
105 105 4.000000
106 105 -1.000000
134 105 -1.000000
77 106 -1.000000
105 106 -1.000000
106 106 4.000000
107 106 -1.000000
135 106 -1.000000
78 107 -1.000000
106 107 -1.000000
107 107 4.000000
108 107 -1.000000
136 107 -1.000000
79 108 -1.000000
107 108 -1.000000
108 108 4.000000
109 108 -1.000000
137 108 -1.000000
80 109 -1.000000
108 109 -1.000000
109 109 4.000000
110 109 -1.000000
138 109 -1.000000
81 110 -1.000000
109 110 -1.000000
110 110 4.000000
111 110 -1.000000
139 110 -1.000000
82 111 -1.000000
110 111 -1.000000
111 111 4.000000
112 111 -1.000000
140 111 -1.000000
83 112 -1.000000
111 112 -1.000000
112 112 4.000000
113 112 -1.000000
141 112 -1.000000
84 113 -1.000000
112 113 -1.000000
113 113 4.000000
114 113 -1.000000
142 113 -1.000000
85 114 -1.000000
113 114 -1.000000
114 114 4.000000
115 114 -1.000000
143 114 -1.000000
86 115 -1.000000
114 115 -1.000000
115 115 4.000000
116 115 -1.000000
144 115 -1.000000
87 116 -1.000000
115 116 -1.000000
116 116 4.000000
145 116 -1.000000
88 117 -1.000000
117 117 4.000000
118 117 -1.000000
146 117 -1.000000
89 118 -1.000000
117 118 -1.000000
118 118 4.000000
119 118 -1.000000
147 118 -1.000000
90 119 -1.000000
118 119 -1.000000
119 119 4.000000
120 119 -1.000000
148 119 -1.000000
91 120 -1.000000
119 120 -1.000000
120 120 4.000000
121 120 -1.000000
149 120 -1.000000
92 121 -1.000000
120 121 -1.000000
121 121 4.000000
122 121 -1.000000
150 121 -1.000000
93 122 -1.000000
121 122 -1.000000
122 122 4.000000
123 122 -1.000000
151 122 -1.000000
94 123 -1.000000
122 123 -1.000000
123 123 4.000000
124 123 -1.000000
152 123 -1.000000
95 124 -1.000000
123 124 -1.000000
124 124 4.000000
125 124 -1.000000
153 124 -1.000000
96 125 -1.000000
124 125 -1.000000
125 125 4.000000
126 125 -1.000000
154 125 -1.000000
97 126 -1.000000
125 126 -1.000000
126 126 4.000000
127 126 -1.000000
155 126 -1.000000
98 127 -1.000000
126 127 -1.000000
127 127 4.000000
128 127 -1.000000
156 127 -1.000000
99 128 -1.000000
127 128 -1.000000
128 128 4.000000
129 128 -1.000000
157 128 -1.000000
100 129 -1.000000
128 129 -1.000000
129 129 4.000000
130 129 -1.000000
158 129 -1.000000
101 130 -1.000000
129 130 -1.000000
130 130 4.000000
131 130 -1.000000
159 130 -1.000000
102 131 -1.000000
130 131 -1.000000
131 131 4.000000
132 131 -1.000000
160 131 -1.000000
103 132 -1.000000
131 132 -1.000000
132 132 4.000000
133 132 -1.000000
161 132 -1.000000
104 133 -1.000000
132 133 -1.000000
133 133 4.000000
134 133 -1.000000
162 133 -1.000000
105 134 -1.000000
133 134 -1.000000
134 134 4.000000
135 134 -1.000000
163 134 -1.000000
106 135 -1.000000
134 135 -1.000000
135 135 4.000000
136 135 -1.000000
164 135 -1.000000
107 136 -1.000000
135 136 -1.000000
136 136 4.000000
137 136 -1.000000
165 136 -1.000000
108 137 -1.000000
136 137 -1.000000
137 137 4.000000
138 137 -1.000000
166 137 -1.000000
109 138 -1.000000
137 138 -1.000000
138 138 4.000000
139 138 -1.000000
167 138 -1.000000
110 139 -1.000000
138 139 -1.000000
139 139 4.000000
140 139 -1.000000
168 139 -1.000000
111 140 -1.000000
139 140 -1.000000
140 140 4.000000
141 140 -1.000000
169 140 -1.000000
112 141 -1.000000
140 141 -1.000000
141 141 4.000000
142 141 -1.000000
170 141 -1.000000
113 142 -1.000000
141 142 -1.000000
142 142 4.000000
143 142 -1.000000
171 142 -1.000000
114 143 -1.000000
142 143 -1.000000
143 143 4.000000
144 143 -1.000000
172 143 -1.000000
115 144 -1.000000
143 144 -1.000000
144 144 4.000000
145 144 -1.000000
173 144 -1.000000
116 145 -1.000000
144 145 -1.000000
145 145 4.000000
174 145 -1.000000
117 146 -1.000000
146 146 4.000000
147 146 -1.000000
175 146 -1.000000
118 147 -1.000000
146 147 -1.000000
147 147 4.000000
148 147 -1.000000
176 147 -1.000000
119 148 -1.000000
147 148 -1.000000
148 148 4.000000
149 148 -1.000000
177 148 -1.000000
120 149 -1.000000
148 149 -1.000000
149 149 4.000000
150 149 -1.000000
178 149 -1.000000
121 150 -1.000000
149 150 -1.000000
150 150 4.000000
151 150 -1.000000
179 150 -1.000000
122 151 -1.000000
150 151 -1.000000
151 151 4.000000
152 151 -1.000000
180 151 -1.000000
123 152 -1.000000
151 152 -1.000000
152 152 4.000000
153 152 -1.000000
181 152 -1.000000
124 153 -1.000000
152 153 -1.000000
153 153 4.000000
154 153 -1.000000
182 153 -1.000000
125 154 -1.000000
153 154 -1.000000
154 154 4.000000
155 154 -1.000000
183 154 -1.000000
126 155 -1.000000
154 155 -1.000000
155 155 4.000000
156 155 -1.000000
184 155 -1.000000
127 156 -1.000000
155 156 -1.000000
156 156 4.000000
157 156 -1.000000
185 156 -1.000000
128 157 -1.000000
156 157 -1.000000
157 157 4.000000
158 157 -1.000000
186 157 -1.000000
129 158 -1.000000
157 158 -1.000000
158 158 4.000000
159 158 -1.000000
187 158 -1.000000
130 159 -1.000000
158 159 -1.000000
159 159 4.000000
160 159 -1.000000
188 159 -1.000000
131 160 -1.000000
159 160 -1.000000
160 160 4.000000
161 160 -1.000000
189 160 -1.000000
132 161 -1.000000
160 161 -1.000000
161 161 4.000000
162 161 -1.000000
190 161 -1.000000
133 162 -1.000000
161 162 -1.000000
162 162 4.000000
163 162 -1.000000
191 162 -1.000000
134 163 -1.000000
162 163 -1.000000
163 163 4.000000
164 163 -1.000000
192 163 -1.000000
135 164 -1.000000
163 164 -1.000000
164 164 4.000000
165 164 -1.000000
193 164 -1.000000
136 165 -1.000000
164 165 -1.000000
165 165 4.000000
166 165 -1.000000
194 165 -1.000000
137 166 -1.000000
165 166 -1.000000
166 166 4.000000
167 166 -1.000000
195 166 -1.000000
138 167 -1.000000
166 167 -1.000000
167 167 4.000000
168 167 -1.000000
196 167 -1.000000
139 168 -1.000000
167 168 -1.000000
168 168 4.000000
169 168 -1.000000
197 168 -1.000000
140 169 -1.000000
168 169 -1.000000
169 169 4.000000
170 169 -1.000000
198 169 -1.000000
141 170 -1.000000
169 170 -1.000000
170 170 4.000000
171 170 -1.000000
199 170 -1.000000
142 171 -1.000000
170 171 -1.000000
171 171 4.000000
172 171 -1.000000
200 171 -1.000000
143 172 -1.000000
171 172 -1.000000
172 172 4.000000
173 172 -1.000000
201 172 -1.000000
144 173 -1.000000
172 173 -1.000000
173 173 4.000000
174 173 -1.000000
202 173 -1.000000
145 174 -1.000000
173 174 -1.000000
174 174 4.000000
203 174 -1.000000
146 175 -1.000000
175 175 4.000000
176 175 -1.000000
204 175 -1.000000
147 176 -1.000000
175 176 -1.000000
176 176 4.000000
177 176 -1.000000
205 176 -1.000000
148 177 -1.000000
176 177 -1.000000
177 177 4.000000
178 177 -1.000000
206 177 -1.000000
149 178 -1.000000
177 178 -1.000000
178 178 4.000000
179 178 -1.000000
207 178 -1.000000
150 179 -1.000000
178 179 -1.000000
179 179 4.000000
180 179 -1.000000
208 179 -1.000000
151 180 -1.000000
179 180 -1.000000
180 180 4.000000
181 180 -1.000000
209 180 -1.000000
152 181 -1.000000
180 181 -1.000000
181 181 4.000000
182 181 -1.000000
210 181 -1.000000
153 182 -1.000000
181 182 -1.000000
182 182 4.000000
183 182 -1.000000
211 182 -1.000000
154 183 -1.000000
182 183 -1.000000
183 183 4.000000
184 183 -1.000000
212 183 -1.000000
155 184 -1.000000
183 184 -1.000000
184 184 4.000000
185 184 -1.000000
213 184 -1.000000
156 185 -1.000000
184 185 -1.000000
185 185 4.000000
186 185 -1.000000
214 185 -1.000000
157 186 -1.000000
185 186 -1.000000
186 186 4.000000
187 186 -1.000000
215 186 -1.000000
158 187 -1.000000
186 187 -1.000000
187 187 4.000000
188 187 -1.000000
216 187 -1.000000
159 188 -1.000000
187 188 -1.000000
188 188 4.000000
189 188 -1.000000
217 188 -1.000000
160 189 -1.000000
188 189 -1.000000
189 189 4.000000
190 189 -1.000000
218 189 -1.000000
161 190 -1.000000
189 190 -1.000000
190 190 4.000000
191 190 -1.000000
219 190 -1.000000
162 191 -1.000000
190 191 -1.000000
191 191 4.000000
192 191 -1.000000
220 191 -1.000000
163 192 -1.000000
191 192 -1.000000
192 192 4.000000
193 192 -1.000000
221 192 -1.000000
164 193 -1.000000
192 193 -1.000000
193 193 4.000000
194 193 -1.000000
222 193 -1.000000
165 194 -1.000000
193 194 -1.000000
194 194 4.000000
195 194 -1.000000
223 194 -1.000000
166 195 -1.000000
194 195 -1.000000
195 195 4.000000
196 195 -1.000000
224 195 -1.000000
167 196 -1.000000
195 196 -1.000000
196 196 4.000000
197 196 -1.000000
225 196 -1.000000
168 197 -1.000000
196 197 -1.000000
197 197 4.000000
198 197 -1.000000
226 197 -1.000000
169 198 -1.000000
197 198 -1.000000
198 198 4.000000
199 198 -1.000000
227 198 -1.000000
170 199 -1.000000
198 199 -1.000000
199 199 4.000000
200 199 -1.000000
228 199 -1.000000
171 200 -1.000000
199 200 -1.000000
200 200 4.000000
201 200 -1.000000
229 200 -1.000000
172 201 -1.000000
200 201 -1.000000
201 201 4.000000
202 201 -1.000000
230 201 -1.000000
173 202 -1.000000
201 202 -1.000000
202 202 4.000000
203 202 -1.000000
231 202 -1.000000
174 203 -1.000000
202 203 -1.000000
203 203 4.000000
232 203 -1.000000
175 204 -1.000000
204 204 4.000000
205 204 -1.000000
233 204 -1.000000
176 205 -1.000000
204 205 -1.000000
205 205 4.000000
206 205 -1.000000
234 205 -1.000000
177 206 -1.000000
205 206 -1.000000
206 206 4.000000
207 206 -1.000000
235 206 -1.000000
178 207 -1.000000
206 207 -1.000000
207 207 4.000000
208 207 -1.000000
236 207 -1.000000
179 208 -1.000000
207 208 -1.000000
208 208 4.000000
209 208 -1.000000
237 208 -1.000000
180 209 -1.000000
208 209 -1.000000
209 209 4.000000
210 209 -1.000000
238 209 -1.000000
181 210 -1.000000
209 210 -1.000000
210 210 4.000000
211 210 -1.000000
239 210 -1.000000
182 211 -1.000000
210 211 -1.000000
211 211 4.000000
212 211 -1.000000
240 211 -1.000000
183 212 -1.000000
211 212 -1.000000
212 212 4.000000
213 212 -1.000000
241 212 -1.000000
184 213 -1.000000
212 213 -1.000000
213 213 4.000000
214 213 -1.000000
242 213 -1.000000
185 214 -1.000000
213 214 -1.000000
214 214 4.000000
215 214 -1.000000
243 214 -1.000000
186 215 -1.000000
214 215 -1.000000
215 215 4.000000
216 215 -1.000000
244 215 -1.000000
187 216 -1.000000
215 216 -1.000000
216 216 4.000000
217 216 -1.000000
245 216 -1.000000
188 217 -1.000000
216 217 -1.000000
217 217 4.000000
218 217 -1.000000
246 217 -1.000000
189 218 -1.000000
217 218 -1.000000
218 218 4.000000
219 218 -1.000000
247 218 -1.000000
190 219 -1.000000
218 219 -1.000000
219 219 4.000000
220 219 -1.000000
248 219 -1.000000
191 220 -1.000000
219 220 -1.000000
220 220 4.000000
221 220 -1.000000
249 220 -1.000000
192 221 -1.000000
220 221 -1.000000
221 221 4.000000
222 221 -1.000000
250 221 -1.000000
193 222 -1.000000
221 222 -1.000000
222 222 4.000000
223 222 -1.000000
251 222 -1.000000
194 223 -1.000000
222 223 -1.000000
223 223 4.000000
224 223 -1.000000
252 223 -1.000000
195 224 -1.000000
223 224 -1.000000
224 224 4.000000
225 224 -1.000000
253 224 -1.000000
196 225 -1.000000
224 225 -1.000000
225 225 4.000000
226 225 -1.000000
254 225 -1.000000
197 226 -1.000000
225 226 -1.000000
226 226 4.000000
227 226 -1.000000
255 226 -1.000000
198 227 -1.000000
226 227 -1.000000
227 227 4.000000
228 227 -1.000000
256 227 -1.000000
199 228 -1.000000
227 228 -1.000000
228 228 4.000000
229 228 -1.000000
257 228 -1.000000
200 229 -1.000000
228 229 -1.000000
229 229 4.000000
230 229 -1.000000
258 229 -1.000000
201 230 -1.000000
229 230 -1.000000
230 230 4.000000
231 230 -1.000000
259 230 -1.000000
202 231 -1.000000
230 231 -1.000000
231 231 4.000000
232 231 -1.000000
260 231 -1.000000
203 232 -1.000000
231 232 -1.000000
232 232 4.000000
261 232 -1.000000
204 233 -1.000000
233 233 4.000000
234 233 -1.000000
262 233 -1.000000
205 234 -1.000000
233 234 -1.000000
234 234 4.000000
235 234 -1.000000
263 234 -1.000000
206 235 -1.000000
234 235 -1.000000
235 235 4.000000
236 235 -1.000000
264 235 -1.000000
207 236 -1.000000
235 236 -1.000000
236 236 4.000000
237 236 -1.000000
265 236 -1.000000
208 237 -1.000000
236 237 -1.000000
237 237 4.000000
238 237 -1.000000
266 237 -1.000000
209 238 -1.000000
237 238 -1.000000
238 238 4.000000
239 238 -1.000000
267 238 -1.000000
210 239 -1.000000
238 239 -1.000000
239 239 4.000000
240 239 -1.000000
268 239 -1.000000
211 240 -1.000000
239 240 -1.000000
240 240 4.000000
241 240 -1.000000
269 240 -1.000000
212 241 -1.000000
240 241 -1.000000
241 241 4.000000
242 241 -1.000000
270 241 -1.000000
213 242 -1.000000
241 242 -1.000000
242 242 4.000000
243 242 -1.000000
271 242 -1.000000
214 243 -1.000000
242 243 -1.000000
243 243 4.000000
244 243 -1.000000
272 243 -1.000000
215 244 -1.000000
243 244 -1.000000
244 244 4.000000
245 244 -1.000000
273 244 -1.000000
216 245 -1.000000
244 245 -1.000000
245 245 4.000000
246 245 -1.000000
274 245 -1.000000
217 246 -1.000000
245 246 -1.000000
246 246 4.000000
247 246 -1.000000
275 246 -1.000000
218 247 -1.000000
246 247 -1.000000
247 247 4.000000
248 247 -1.000000
276 247 -1.000000
219 248 -1.000000
247 248 -1.000000
248 248 4.000000
249 248 -1.000000
277 248 -1.000000
220 249 -1.000000
248 249 -1.000000
249 249 4.000000
250 249 -1.000000
278 249 -1.000000
221 250 -1.000000
249 250 -1.000000
250 250 4.000000
251 250 -1.000000
279 250 -1.000000
222 251 -1.000000
250 251 -1.000000
251 251 4.000000
252 251 -1.000000
280 251 -1.000000
223 252 -1.000000
251 252 -1.000000
252 252 4.000000
253 252 -1.000000
281 252 -1.000000
224 253 -1.000000
252 253 -1.000000
253 253 4.000000
254 253 -1.000000
282 253 -1.000000
225 254 -1.000000
253 254 -1.000000
254 254 4.000000
255 254 -1.000000
283 254 -1.000000
226 255 -1.000000
254 255 -1.000000
255 255 4.000000
256 255 -1.000000
284 255 -1.000000
227 256 -1.000000
255 256 -1.000000
256 256 4.000000
257 256 -1.000000
285 256 -1.000000
228 257 -1.000000
256 257 -1.000000
257 257 4.000000
258 257 -1.000000
286 257 -1.000000
229 258 -1.000000
257 258 -1.000000
258 258 4.000000
259 258 -1.000000
287 258 -1.000000
230 259 -1.000000
258 259 -1.000000
259 259 4.000000
260 259 -1.000000
288 259 -1.000000
231 260 -1.000000
259 260 -1.000000
260 260 4.000000
261 260 -1.000000
289 260 -1.000000
232 261 -1.000000
260 261 -1.000000
261 261 4.000000
290 261 -1.000000
233 262 -1.000000
262 262 4.000000
263 262 -1.000000
291 262 -1.000000
234 263 -1.000000
262 263 -1.000000
263 263 4.000000
264 263 -1.000000
292 263 -1.000000
235 264 -1.000000
263 264 -1.000000
264 264 4.000000
265 264 -1.000000
293 264 -1.000000
236 265 -1.000000
264 265 -1.000000
265 265 4.000000
266 265 -1.000000
294 265 -1.000000
237 266 -1.000000
265 266 -1.000000
266 266 4.000000
267 266 -1.000000
295 266 -1.000000
238 267 -1.000000
266 267 -1.000000
267 267 4.000000
268 267 -1.000000
296 267 -1.000000
239 268 -1.000000
267 268 -1.000000
268 268 4.000000
269 268 -1.000000
297 268 -1.000000
240 269 -1.000000
268 269 -1.000000
269 269 4.000000
270 269 -1.000000
298 269 -1.000000
241 270 -1.000000
269 270 -1.000000
270 270 4.000000
271 270 -1.000000
299 270 -1.000000
242 271 -1.000000
270 271 -1.000000
271 271 4.000000
272 271 -1.000000
300 271 -1.000000
243 272 -1.000000
271 272 -1.000000
272 272 4.000000
273 272 -1.000000
301 272 -1.000000
244 273 -1.000000
272 273 -1.000000
273 273 4.000000
274 273 -1.000000
302 273 -1.000000
245 274 -1.000000
273 274 -1.000000
274 274 4.000000
275 274 -1.000000
303 274 -1.000000
246 275 -1.000000
274 275 -1.000000
275 275 4.000000
276 275 -1.000000
304 275 -1.000000
247 276 -1.000000
275 276 -1.000000
276 276 4.000000
277 276 -1.000000
305 276 -1.000000
248 277 -1.000000
276 277 -1.000000
277 277 4.000000
278 277 -1.000000
306 277 -1.000000
249 278 -1.000000
277 278 -1.000000
278 278 4.000000
279 278 -1.000000
307 278 -1.000000
250 279 -1.000000
278 279 -1.000000
279 279 4.000000
280 279 -1.000000
308 279 -1.000000
251 280 -1.000000
279 280 -1.000000
280 280 4.000000
281 280 -1.000000
309 280 -1.000000
252 281 -1.000000
280 281 -1.000000
281 281 4.000000
282 281 -1.000000
310 281 -1.000000
253 282 -1.000000
281 282 -1.000000
282 282 4.000000
283 282 -1.000000
311 282 -1.000000
254 283 -1.000000
282 283 -1.000000
283 283 4.000000
284 283 -1.000000
312 283 -1.000000
255 284 -1.000000
283 284 -1.000000
284 284 4.000000
285 284 -1.000000
313 284 -1.000000
256 285 -1.000000
284 285 -1.000000
285 285 4.000000
286 285 -1.000000
314 285 -1.000000
257 286 -1.000000
285 286 -1.000000
286 286 4.000000
287 286 -1.000000
315 286 -1.000000
258 287 -1.000000
286 287 -1.000000
287 287 4.000000
288 287 -1.000000
316 287 -1.000000
259 288 -1.000000
287 288 -1.000000
288 288 4.000000
289 288 -1.000000
317 288 -1.000000
260 289 -1.000000
288 289 -1.000000
289 289 4.000000
290 289 -1.000000
318 289 -1.000000
261 290 -1.000000
289 290 -1.000000
290 290 4.000000
319 290 -1.000000
262 291 -1.000000
291 291 4.000000
292 291 -1.000000
320 291 -1.000000
263 292 -1.000000
291 292 -1.000000
292 292 4.000000
293 292 -1.000000
321 292 -1.000000
264 293 -1.000000
292 293 -1.000000
293 293 4.000000
294 293 -1.000000
322 293 -1.000000
265 294 -1.000000
293 294 -1.000000
294 294 4.000000
295 294 -1.000000
323 294 -1.000000
266 295 -1.000000
294 295 -1.000000
295 295 4.000000
296 295 -1.000000
324 295 -1.000000
267 296 -1.000000
295 296 -1.000000
296 296 4.000000
297 296 -1.000000
325 296 -1.000000
268 297 -1.000000
296 297 -1.000000
297 297 4.000000
298 297 -1.000000
326 297 -1.000000
269 298 -1.000000
297 298 -1.000000
298 298 4.000000
299 298 -1.000000
327 298 -1.000000
270 299 -1.000000
298 299 -1.000000
299 299 4.000000
300 299 -1.000000
328 299 -1.000000
271 300 -1.000000
299 300 -1.000000
300 300 4.000000
301 300 -1.000000
329 300 -1.000000
272 301 -1.000000
300 301 -1.000000
301 301 4.000000
302 301 -1.000000
330 301 -1.000000
273 302 -1.000000
301 302 -1.000000
302 302 4.000000
303 302 -1.000000
331 302 -1.000000
274 303 -1.000000
302 303 -1.000000
303 303 4.000000
304 303 -1.000000
332 303 -1.000000
275 304 -1.000000
303 304 -1.000000
304 304 4.000000
305 304 -1.000000
333 304 -1.000000
276 305 -1.000000
304 305 -1.000000
305 305 4.000000
306 305 -1.000000
334 305 -1.000000
277 306 -1.000000
305 306 -1.000000
306 306 4.000000
307 306 -1.000000
335 306 -1.000000
278 307 -1.000000
306 307 -1.000000
307 307 4.000000
308 307 -1.000000
336 307 -1.000000
279 308 -1.000000
307 308 -1.000000
308 308 4.000000
309 308 -1.000000
337 308 -1.000000
280 309 -1.000000
308 309 -1.000000
309 309 4.000000
310 309 -1.000000
338 309 -1.000000
281 310 -1.000000
309 310 -1.000000
310 310 4.000000
311 310 -1.000000
339 310 -1.000000
282 311 -1.000000
310 311 -1.000000
311 311 4.000000
312 311 -1.000000
340 311 -1.000000
283 312 -1.000000
311 312 -1.000000
312 312 4.000000
313 312 -1.000000
341 312 -1.000000
284 313 -1.000000
312 313 -1.000000
313 313 4.000000
314 313 -1.000000
342 313 -1.000000
285 314 -1.000000
313 314 -1.000000
314 314 4.000000
315 314 -1.000000
343 314 -1.000000
286 315 -1.000000
314 315 -1.000000
315 315 4.000000
316 315 -1.000000
344 315 -1.000000
287 316 -1.000000
315 316 -1.000000
316 316 4.000000
317 316 -1.000000
345 316 -1.000000
288 317 -1.000000
316 317 -1.000000
317 317 4.000000
318 317 -1.000000
346 317 -1.000000
289 318 -1.000000
317 318 -1.000000
318 318 4.000000
319 318 -1.000000
347 318 -1.000000
290 319 -1.000000
318 319 -1.000000
319 319 4.000000
348 319 -1.000000
291 320 -1.000000
320 320 4.000000
321 320 -1.000000
349 320 -1.000000
292 321 -1.000000
320 321 -1.000000
321 321 4.000000
322 321 -1.000000
350 321 -1.000000
293 322 -1.000000
321 322 -1.000000
322 322 4.000000
323 322 -1.000000
351 322 -1.000000
294 323 -1.000000
322 323 -1.000000
323 323 4.000000
324 323 -1.000000
352 323 -1.000000
295 324 -1.000000
323 324 -1.000000
324 324 4.000000
325 324 -1.000000
353 324 -1.000000
296 325 -1.000000
324 325 -1.000000
325 325 4.000000
326 325 -1.000000
354 325 -1.000000
297 326 -1.000000
325 326 -1.000000
326 326 4.000000
327 326 -1.000000
355 326 -1.000000
298 327 -1.000000
326 327 -1.000000
327 327 4.000000
328 327 -1.000000
356 327 -1.000000
299 328 -1.000000
327 328 -1.000000
328 328 4.000000
329 328 -1.000000
357 328 -1.000000
300 329 -1.000000
328 329 -1.000000
329 329 4.000000
330 329 -1.000000
358 329 -1.000000
301 330 -1.000000
329 330 -1.000000
330 330 4.000000
331 330 -1.000000
359 330 -1.000000
302 331 -1.000000
330 331 -1.000000
331 331 4.000000
332 331 -1.000000
360 331 -1.000000
303 332 -1.000000
331 332 -1.000000
332 332 4.000000
333 332 -1.000000
361 332 -1.000000
304 333 -1.000000
332 333 -1.000000
333 333 4.000000
334 333 -1.000000
362 333 -1.000000
305 334 -1.000000
333 334 -1.000000
334 334 4.000000
335 334 -1.000000
363 334 -1.000000
306 335 -1.000000
334 335 -1.000000
335 335 4.000000
336 335 -1.000000
364 335 -1.000000
307 336 -1.000000
335 336 -1.000000
336 336 4.000000
337 336 -1.000000
365 336 -1.000000
308 337 -1.000000
336 337 -1.000000
337 337 4.000000
338 337 -1.000000
366 337 -1.000000
309 338 -1.000000
337 338 -1.000000
338 338 4.000000
339 338 -1.000000
367 338 -1.000000
310 339 -1.000000
338 339 -1.000000
339 339 4.000000
340 339 -1.000000
368 339 -1.000000
311 340 -1.000000
339 340 -1.000000
340 340 4.000000
341 340 -1.000000
369 340 -1.000000
312 341 -1.000000
340 341 -1.000000
341 341 4.000000
342 341 -1.000000
370 341 -1.000000
313 342 -1.000000
341 342 -1.000000
342 342 4.000000
343 342 -1.000000
371 342 -1.000000
314 343 -1.000000
342 343 -1.000000
343 343 4.000000
344 343 -1.000000
372 343 -1.000000
315 344 -1.000000
343 344 -1.000000
344 344 4.000000
345 344 -1.000000
373 344 -1.000000
316 345 -1.000000
344 345 -1.000000
345 345 4.000000
346 345 -1.000000
374 345 -1.000000
317 346 -1.000000
345 346 -1.000000
346 346 4.000000
347 346 -1.000000
375 346 -1.000000
318 347 -1.000000
346 347 -1.000000
347 347 4.000000
348 347 -1.000000
376 347 -1.000000
319 348 -1.000000
347 348 -1.000000
348 348 4.000000
377 348 -1.000000
320 349 -1.000000
349 349 4.000000
350 349 -1.000000
378 349 -1.000000
321 350 -1.000000
349 350 -1.000000
350 350 4.000000
351 350 -1.000000
379 350 -1.000000
322 351 -1.000000
350 351 -1.000000
351 351 4.000000
352 351 -1.000000
380 351 -1.000000
323 352 -1.000000
351 352 -1.000000
352 352 4.000000
353 352 -1.000000
381 352 -1.000000
324 353 -1.000000
352 353 -1.000000
353 353 4.000000
354 353 -1.000000
382 353 -1.000000
325 354 -1.000000
353 354 -1.000000
354 354 4.000000
355 354 -1.000000
383 354 -1.000000
326 355 -1.000000
354 355 -1.000000
355 355 4.000000
356 355 -1.000000
384 355 -1.000000
327 356 -1.000000
355 356 -1.000000
356 356 4.000000
357 356 -1.000000
385 356 -1.000000
328 357 -1.000000
356 357 -1.000000
357 357 4.000000
358 357 -1.000000
386 357 -1.000000
329 358 -1.000000
357 358 -1.000000
358 358 4.000000
359 358 -1.000000
387 358 -1.000000
330 359 -1.000000
358 359 -1.000000
359 359 4.000000
360 359 -1.000000
388 359 -1.000000
331 360 -1.000000
359 360 -1.000000
360 360 4.000000
361 360 -1.000000
389 360 -1.000000
332 361 -1.000000
360 361 -1.000000
361 361 4.000000
362 361 -1.000000
390 361 -1.000000
333 362 -1.000000
361 362 -1.000000
362 362 4.000000
363 362 -1.000000
391 362 -1.000000
334 363 -1.000000
362 363 -1.000000
363 363 4.000000
364 363 -1.000000
392 363 -1.000000
335 364 -1.000000
363 364 -1.000000
364 364 4.000000
365 364 -1.000000
393 364 -1.000000
336 365 -1.000000
364 365 -1.000000
365 365 4.000000
366 365 -1.000000
394 365 -1.000000
337 366 -1.000000
365 366 -1.000000
366 366 4.000000
367 366 -1.000000
395 366 -1.000000
338 367 -1.000000
366 367 -1.000000
367 367 4.000000
368 367 -1.000000
396 367 -1.000000
339 368 -1.000000
367 368 -1.000000
368 368 4.000000
369 368 -1.000000
397 368 -1.000000
340 369 -1.000000
368 369 -1.000000
369 369 4.000000
370 369 -1.000000
398 369 -1.000000
341 370 -1.000000
369 370 -1.000000
370 370 4.000000
371 370 -1.000000
399 370 -1.000000
342 371 -1.000000
370 371 -1.000000
371 371 4.000000
372 371 -1.000000
400 371 -1.000000
343 372 -1.000000
371 372 -1.000000
372 372 4.000000
373 372 -1.000000
401 372 -1.000000
344 373 -1.000000
372 373 -1.000000
373 373 4.000000
374 373 -1.000000
402 373 -1.000000
345 374 -1.000000
373 374 -1.000000
374 374 4.000000
375 374 -1.000000
403 374 -1.000000
346 375 -1.000000
374 375 -1.000000
375 375 4.000000
376 375 -1.000000
404 375 -1.000000
347 376 -1.000000
375 376 -1.000000
376 376 4.000000
377 376 -1.000000
405 376 -1.000000
348 377 -1.000000
376 377 -1.000000
377 377 4.000000
406 377 -1.000000
349 378 -1.000000
378 378 4.000000
379 378 -1.000000
407 378 -1.000000
350 379 -1.000000
378 379 -1.000000
379 379 4.000000
380 379 -1.000000
408 379 -1.000000
351 380 -1.000000
379 380 -1.000000
380 380 4.000000
381 380 -1.000000
409 380 -1.000000
352 381 -1.000000
380 381 -1.000000
381 381 4.000000
382 381 -1.000000
410 381 -1.000000
353 382 -1.000000
381 382 -1.000000
382 382 4.000000
383 382 -1.000000
411 382 -1.000000
354 383 -1.000000
382 383 -1.000000
383 383 4.000000
384 383 -1.000000
412 383 -1.000000
355 384 -1.000000
383 384 -1.000000
384 384 4.000000
385 384 -1.000000
413 384 -1.000000
356 385 -1.000000
384 385 -1.000000
385 385 4.000000
386 385 -1.000000
414 385 -1.000000
357 386 -1.000000
385 386 -1.000000
386 386 4.000000
387 386 -1.000000
415 386 -1.000000
358 387 -1.000000
386 387 -1.000000
387 387 4.000000
388 387 -1.000000
416 387 -1.000000
359 388 -1.000000
387 388 -1.000000
388 388 4.000000
389 388 -1.000000
417 388 -1.000000
360 389 -1.000000
388 389 -1.000000
389 389 4.000000
390 389 -1.000000
418 389 -1.000000
361 390 -1.000000
389 390 -1.000000
390 390 4.000000
391 390 -1.000000
419 390 -1.000000
362 391 -1.000000
390 391 -1.000000
391 391 4.000000
392 391 -1.000000
420 391 -1.000000
363 392 -1.000000
391 392 -1.000000
392 392 4.000000
393 392 -1.000000
421 392 -1.000000
364 393 -1.000000
392 393 -1.000000
393 393 4.000000
394 393 -1.000000
422 393 -1.000000
365 394 -1.000000
393 394 -1.000000
394 394 4.000000
395 394 -1.000000
423 394 -1.000000
366 395 -1.000000
394 395 -1.000000
395 395 4.000000
396 395 -1.000000
424 395 -1.000000
367 396 -1.000000
395 396 -1.000000
396 396 4.000000
397 396 -1.000000
425 396 -1.000000
368 397 -1.000000
396 397 -1.000000
397 397 4.000000
398 397 -1.000000
426 397 -1.000000
369 398 -1.000000
397 398 -1.000000
398 398 4.000000
399 398 -1.000000
427 398 -1.000000
370 399 -1.000000
398 399 -1.000000
399 399 4.000000
400 399 -1.000000
428 399 -1.000000
371 400 -1.000000
399 400 -1.000000
400 400 4.000000
401 400 -1.000000
429 400 -1.000000
372 401 -1.000000
400 401 -1.000000
401 401 4.000000
402 401 -1.000000
430 401 -1.000000
373 402 -1.000000
401 402 -1.000000
402 402 4.000000
403 402 -1.000000
431 402 -1.000000
374 403 -1.000000
402 403 -1.000000
403 403 4.000000
404 403 -1.000000
432 403 -1.000000
375 404 -1.000000
403 404 -1.000000
404 404 4.000000
405 404 -1.000000
433 404 -1.000000
376 405 -1.000000
404 405 -1.000000
405 405 4.000000
406 405 -1.000000
434 405 -1.000000
377 406 -1.000000
405 406 -1.000000
406 406 4.000000
435 406 -1.000000
378 407 -1.000000
407 407 4.000000
408 407 -1.000000
436 407 -1.000000
379 408 -1.000000
407 408 -1.000000
408 408 4.000000
409 408 -1.000000
437 408 -1.000000
380 409 -1.000000
408 409 -1.000000
409 409 4.000000
410 409 -1.000000
438 409 -1.000000
381 410 -1.000000
409 410 -1.000000
410 410 4.000000
411 410 -1.000000
439 410 -1.000000
382 411 -1.000000
410 411 -1.000000
411 411 4.000000
412 411 -1.000000
440 411 -1.000000
383 412 -1.000000
411 412 -1.000000
412 412 4.000000
413 412 -1.000000
441 412 -1.000000
384 413 -1.000000
412 413 -1.000000
413 413 4.000000
414 413 -1.000000
442 413 -1.000000
385 414 -1.000000
413 414 -1.000000
414 414 4.000000
415 414 -1.000000
443 414 -1.000000
386 415 -1.000000
414 415 -1.000000
415 415 4.000000
416 415 -1.000000
444 415 -1.000000
387 416 -1.000000
415 416 -1.000000
416 416 4.000000
417 416 -1.000000
445 416 -1.000000
388 417 -1.000000
416 417 -1.000000
417 417 4.000000
418 417 -1.000000
446 417 -1.000000
389 418 -1.000000
417 418 -1.000000
418 418 4.000000
419 418 -1.000000
447 418 -1.000000
390 419 -1.000000
418 419 -1.000000
419 419 4.000000
420 419 -1.000000
448 419 -1.000000
391 420 -1.000000
419 420 -1.000000
420 420 4.000000
421 420 -1.000000
449 420 -1.000000
392 421 -1.000000
420 421 -1.000000
421 421 4.000000
422 421 -1.000000
450 421 -1.000000
393 422 -1.000000
421 422 -1.000000
422 422 4.000000
423 422 -1.000000
451 422 -1.000000
394 423 -1.000000
422 423 -1.000000
423 423 4.000000
424 423 -1.000000
452 423 -1.000000
395 424 -1.000000
423 424 -1.000000
424 424 4.000000
425 424 -1.000000
453 424 -1.000000
396 425 -1.000000
424 425 -1.000000
425 425 4.000000
426 425 -1.000000
454 425 -1.000000
397 426 -1.000000
425 426 -1.000000
426 426 4.000000
427 426 -1.000000
455 426 -1.000000
398 427 -1.000000
426 427 -1.000000
427 427 4.000000
428 427 -1.000000
456 427 -1.000000
399 428 -1.000000
427 428 -1.000000
428 428 4.000000
429 428 -1.000000
457 428 -1.000000
400 429 -1.000000
428 429 -1.000000
429 429 4.000000
430 429 -1.000000
458 429 -1.000000
401 430 -1.000000
429 430 -1.000000
430 430 4.000000
431 430 -1.000000
459 430 -1.000000
402 431 -1.000000
430 431 -1.000000
431 431 4.000000
432 431 -1.000000
460 431 -1.000000
403 432 -1.000000
431 432 -1.000000
432 432 4.000000
433 432 -1.000000
461 432 -1.000000
404 433 -1.000000
432 433 -1.000000
433 433 4.000000
434 433 -1.000000
462 433 -1.000000
405 434 -1.000000
433 434 -1.000000
434 434 4.000000
435 434 -1.000000
463 434 -1.000000
406 435 -1.000000
434 435 -1.000000
435 435 4.000000
464 435 -1.000000
407 436 -1.000000
436 436 4.000000
437 436 -1.000000
465 436 -1.000000
408 437 -1.000000
436 437 -1.000000
437 437 4.000000
438 437 -1.000000
466 437 -1.000000
409 438 -1.000000
437 438 -1.000000
438 438 4.000000
439 438 -1.000000
467 438 -1.000000
410 439 -1.000000
438 439 -1.000000
439 439 4.000000
440 439 -1.000000
468 439 -1.000000
411 440 -1.000000
439 440 -1.000000
440 440 4.000000
441 440 -1.000000
469 440 -1.000000
412 441 -1.000000
440 441 -1.000000
441 441 4.000000
442 441 -1.000000
470 441 -1.000000
413 442 -1.000000
441 442 -1.000000
442 442 4.000000
443 442 -1.000000
471 442 -1.000000
414 443 -1.000000
442 443 -1.000000
443 443 4.000000
444 443 -1.000000
472 443 -1.000000
415 444 -1.000000
443 444 -1.000000
444 444 4.000000
445 444 -1.000000
473 444 -1.000000
416 445 -1.000000
444 445 -1.000000
445 445 4.000000
446 445 -1.000000
474 445 -1.000000
417 446 -1.000000
445 446 -1.000000
446 446 4.000000
447 446 -1.000000
475 446 -1.000000
418 447 -1.000000
446 447 -1.000000
447 447 4.000000
448 447 -1.000000
476 447 -1.000000
419 448 -1.000000
447 448 -1.000000
448 448 4.000000
449 448 -1.000000
477 448 -1.000000
420 449 -1.000000
448 449 -1.000000
449 449 4.000000
450 449 -1.000000
478 449 -1.000000
421 450 -1.000000
449 450 -1.000000
450 450 4.000000
451 450 -1.000000
479 450 -1.000000
422 451 -1.000000
450 451 -1.000000
451 451 4.000000
452 451 -1.000000
480 451 -1.000000
423 452 -1.000000
451 452 -1.000000
452 452 4.000000
453 452 -1.000000
481 452 -1.000000
424 453 -1.000000
452 453 -1.000000
453 453 4.000000
454 453 -1.000000
482 453 -1.000000
425 454 -1.000000
453 454 -1.000000
454 454 4.000000
455 454 -1.000000
483 454 -1.000000
426 455 -1.000000
454 455 -1.000000
455 455 4.000000
456 455 -1.000000
484 455 -1.000000
427 456 -1.000000
455 456 -1.000000
456 456 4.000000
457 456 -1.000000
485 456 -1.000000
428 457 -1.000000
456 457 -1.000000
457 457 4.000000
458 457 -1.000000
486 457 -1.000000
429 458 -1.000000
457 458 -1.000000
458 458 4.000000
459 458 -1.000000
487 458 -1.000000
430 459 -1.000000
458 459 -1.000000
459 459 4.000000
460 459 -1.000000
488 459 -1.000000
431 460 -1.000000
459 460 -1.000000
460 460 4.000000
461 460 -1.000000
489 460 -1.000000
432 461 -1.000000
460 461 -1.000000
461 461 4.000000
462 461 -1.000000
490 461 -1.000000
433 462 -1.000000
461 462 -1.000000
462 462 4.000000
463 462 -1.000000
491 462 -1.000000
434 463 -1.000000
462 463 -1.000000
463 463 4.000000
464 463 -1.000000
492 463 -1.000000
435 464 -1.000000
463 464 -1.000000
464 464 4.000000
493 464 -1.000000
436 465 -1.000000
465 465 4.000000
466 465 -1.000000
494 465 -1.000000
437 466 -1.000000
465 466 -1.000000
466 466 4.000000
467 466 -1.000000
495 466 -1.000000
438 467 -1.000000
466 467 -1.000000
467 467 4.000000
468 467 -1.000000
496 467 -1.000000
439 468 -1.000000
467 468 -1.000000
468 468 4.000000
469 468 -1.000000
497 468 -1.000000
440 469 -1.000000
468 469 -1.000000
469 469 4.000000
470 469 -1.000000
498 469 -1.000000
441 470 -1.000000
469 470 -1.000000
470 470 4.000000
471 470 -1.000000
499 470 -1.000000
442 471 -1.000000
470 471 -1.000000
471 471 4.000000
472 471 -1.000000
500 471 -1.000000
443 472 -1.000000
471 472 -1.000000
472 472 4.000000
473 472 -1.000000
501 472 -1.000000
444 473 -1.000000
472 473 -1.000000
473 473 4.000000
474 473 -1.000000
502 473 -1.000000
445 474 -1.000000
473 474 -1.000000
474 474 4.000000
475 474 -1.000000
503 474 -1.000000
446 475 -1.000000
474 475 -1.000000
475 475 4.000000
476 475 -1.000000
504 475 -1.000000
447 476 -1.000000
475 476 -1.000000
476 476 4.000000
477 476 -1.000000
505 476 -1.000000
448 477 -1.000000
476 477 -1.000000
477 477 4.000000
478 477 -1.000000
506 477 -1.000000
449 478 -1.000000
477 478 -1.000000
478 478 4.000000
479 478 -1.000000
507 478 -1.000000
450 479 -1.000000
478 479 -1.000000
479 479 4.000000
480 479 -1.000000
508 479 -1.000000
451 480 -1.000000
479 480 -1.000000
480 480 4.000000
481 480 -1.000000
509 480 -1.000000
452 481 -1.000000
480 481 -1.000000
481 481 4.000000
482 481 -1.000000
510 481 -1.000000
453 482 -1.000000
481 482 -1.000000
482 482 4.000000
483 482 -1.000000
511 482 -1.000000
454 483 -1.000000
482 483 -1.000000
483 483 4.000000
484 483 -1.000000
512 483 -1.000000
455 484 -1.000000
483 484 -1.000000
484 484 4.000000
485 484 -1.000000
513 484 -1.000000
456 485 -1.000000
484 485 -1.000000
485 485 4.000000
486 485 -1.000000
514 485 -1.000000
457 486 -1.000000
485 486 -1.000000
486 486 4.000000
487 486 -1.000000
515 486 -1.000000
458 487 -1.000000
486 487 -1.000000
487 487 4.000000
488 487 -1.000000
516 487 -1.000000
459 488 -1.000000
487 488 -1.000000
488 488 4.000000
489 488 -1.000000
517 488 -1.000000
460 489 -1.000000
488 489 -1.000000
489 489 4.000000
490 489 -1.000000
518 489 -1.000000
461 490 -1.000000
489 490 -1.000000
490 490 4.000000
491 490 -1.000000
519 490 -1.000000
462 491 -1.000000
490 491 -1.000000
491 491 4.000000
492 491 -1.000000
520 491 -1.000000
463 492 -1.000000
491 492 -1.000000
492 492 4.000000
493 492 -1.000000
521 492 -1.000000
464 493 -1.000000
492 493 -1.000000
493 493 4.000000
522 493 -1.000000
465 494 -1.000000
494 494 4.000000
495 494 -1.000000
523 494 -1.000000
466 495 -1.000000
494 495 -1.000000
495 495 4.000000
496 495 -1.000000
524 495 -1.000000
467 496 -1.000000
495 496 -1.000000
496 496 4.000000
497 496 -1.000000
525 496 -1.000000
468 497 -1.000000
496 497 -1.000000
497 497 4.000000
498 497 -1.000000
526 497 -1.000000
469 498 -1.000000
497 498 -1.000000
498 498 4.000000
499 498 -1.000000
527 498 -1.000000
470 499 -1.000000
498 499 -1.000000
499 499 4.000000
500 499 -1.000000
528 499 -1.000000
471 500 -1.000000
499 500 -1.000000
500 500 4.000000
501 500 -1.000000
529 500 -1.000000
472 501 -1.000000
500 501 -1.000000
501 501 4.000000
502 501 -1.000000
530 501 -1.000000
473 502 -1.000000
501 502 -1.000000
502 502 4.000000
503 502 -1.000000
531 502 -1.000000
474 503 -1.000000
502 503 -1.000000
503 503 4.000000
504 503 -1.000000
532 503 -1.000000
475 504 -1.000000
503 504 -1.000000
504 504 4.000000
505 504 -1.000000
533 504 -1.000000
476 505 -1.000000
504 505 -1.000000
505 505 4.000000
506 505 -1.000000
534 505 -1.000000
477 506 -1.000000
505 506 -1.000000
506 506 4.000000
507 506 -1.000000
535 506 -1.000000
478 507 -1.000000
506 507 -1.000000
507 507 4.000000
508 507 -1.000000
536 507 -1.000000
479 508 -1.000000
507 508 -1.000000
508 508 4.000000
509 508 -1.000000
537 508 -1.000000
480 509 -1.000000
508 509 -1.000000
509 509 4.000000
510 509 -1.000000
538 509 -1.000000
481 510 -1.000000
509 510 -1.000000
510 510 4.000000
511 510 -1.000000
539 510 -1.000000
482 511 -1.000000
510 511 -1.000000
511 511 4.000000
512 511 -1.000000
540 511 -1.000000
483 512 -1.000000
511 512 -1.000000
512 512 4.000000
513 512 -1.000000
541 512 -1.000000
484 513 -1.000000
512 513 -1.000000
513 513 4.000000
514 513 -1.000000
542 513 -1.000000
485 514 -1.000000
513 514 -1.000000
514 514 4.000000
515 514 -1.000000
543 514 -1.000000
486 515 -1.000000
514 515 -1.000000
515 515 4.000000
516 515 -1.000000
544 515 -1.000000
487 516 -1.000000
515 516 -1.000000
516 516 4.000000
517 516 -1.000000
545 516 -1.000000
488 517 -1.000000
516 517 -1.000000
517 517 4.000000
518 517 -1.000000
546 517 -1.000000
489 518 -1.000000
517 518 -1.000000
518 518 4.000000
519 518 -1.000000
547 518 -1.000000
490 519 -1.000000
518 519 -1.000000
519 519 4.000000
520 519 -1.000000
548 519 -1.000000
491 520 -1.000000
519 520 -1.000000
520 520 4.000000
521 520 -1.000000
549 520 -1.000000
492 521 -1.000000
520 521 -1.000000
521 521 4.000000
522 521 -1.000000
550 521 -1.000000
493 522 -1.000000
521 522 -1.000000
522 522 4.000000
551 522 -1.000000
494 523 -1.000000
523 523 4.000000
524 523 -1.000000
552 523 -1.000000
495 524 -1.000000
523 524 -1.000000
524 524 4.000000
525 524 -1.000000
553 524 -1.000000
496 525 -1.000000
524 525 -1.000000
525 525 4.000000
526 525 -1.000000
554 525 -1.000000
497 526 -1.000000
525 526 -1.000000
526 526 4.000000
527 526 -1.000000
555 526 -1.000000
498 527 -1.000000
526 527 -1.000000
527 527 4.000000
528 527 -1.000000
556 527 -1.000000
499 528 -1.000000
527 528 -1.000000
528 528 4.000000
529 528 -1.000000
557 528 -1.000000
500 529 -1.000000
528 529 -1.000000
529 529 4.000000
530 529 -1.000000
558 529 -1.000000
501 530 -1.000000
529 530 -1.000000
530 530 4.000000
531 530 -1.000000
559 530 -1.000000
502 531 -1.000000
530 531 -1.000000
531 531 4.000000
532 531 -1.000000
560 531 -1.000000
503 532 -1.000000
531 532 -1.000000
532 532 4.000000
533 532 -1.000000
561 532 -1.000000
504 533 -1.000000
532 533 -1.000000
533 533 4.000000
534 533 -1.000000
562 533 -1.000000
505 534 -1.000000
533 534 -1.000000
534 534 4.000000
535 534 -1.000000
563 534 -1.000000
506 535 -1.000000
534 535 -1.000000
535 535 4.000000
536 535 -1.000000
564 535 -1.000000
507 536 -1.000000
535 536 -1.000000
536 536 4.000000
537 536 -1.000000
565 536 -1.000000
508 537 -1.000000
536 537 -1.000000
537 537 4.000000
538 537 -1.000000
566 537 -1.000000
509 538 -1.000000
537 538 -1.000000
538 538 4.000000
539 538 -1.000000
567 538 -1.000000
510 539 -1.000000
538 539 -1.000000
539 539 4.000000
540 539 -1.000000
568 539 -1.000000
511 540 -1.000000
539 540 -1.000000
540 540 4.000000
541 540 -1.000000
569 540 -1.000000
512 541 -1.000000
540 541 -1.000000
541 541 4.000000
542 541 -1.000000
570 541 -1.000000
513 542 -1.000000
541 542 -1.000000
542 542 4.000000
543 542 -1.000000
571 542 -1.000000
514 543 -1.000000
542 543 -1.000000
543 543 4.000000
544 543 -1.000000
572 543 -1.000000
515 544 -1.000000
543 544 -1.000000
544 544 4.000000
545 544 -1.000000
573 544 -1.000000
516 545 -1.000000
544 545 -1.000000
545 545 4.000000
546 545 -1.000000
574 545 -1.000000
517 546 -1.000000
545 546 -1.000000
546 546 4.000000
547 546 -1.000000
575 546 -1.000000
518 547 -1.000000
546 547 -1.000000
547 547 4.000000
548 547 -1.000000
576 547 -1.000000
519 548 -1.000000
547 548 -1.000000
548 548 4.000000
549 548 -1.000000
577 548 -1.000000
520 549 -1.000000
548 549 -1.000000
549 549 4.000000
550 549 -1.000000
578 549 -1.000000
521 550 -1.000000
549 550 -1.000000
550 550 4.000000
551 550 -1.000000
579 550 -1.000000
522 551 -1.000000
550 551 -1.000000
551 551 4.000000
580 551 -1.000000
523 552 -1.000000
552 552 4.000000
553 552 -1.000000
581 552 -1.000000
524 553 -1.000000
552 553 -1.000000
553 553 4.000000
554 553 -1.000000
582 553 -1.000000
525 554 -1.000000
553 554 -1.000000
554 554 4.000000
555 554 -1.000000
583 554 -1.000000
526 555 -1.000000
554 555 -1.000000
555 555 4.000000
556 555 -1.000000
584 555 -1.000000
527 556 -1.000000
555 556 -1.000000
556 556 4.000000
557 556 -1.000000
585 556 -1.000000
528 557 -1.000000
556 557 -1.000000
557 557 4.000000
558 557 -1.000000
586 557 -1.000000
529 558 -1.000000
557 558 -1.000000
558 558 4.000000
559 558 -1.000000
587 558 -1.000000
530 559 -1.000000
558 559 -1.000000
559 559 4.000000
560 559 -1.000000
588 559 -1.000000
531 560 -1.000000
559 560 -1.000000
560 560 4.000000
561 560 -1.000000
589 560 -1.000000
532 561 -1.000000
560 561 -1.000000
561 561 4.000000
562 561 -1.000000
590 561 -1.000000
533 562 -1.000000
561 562 -1.000000
562 562 4.000000
563 562 -1.000000
591 562 -1.000000
534 563 -1.000000
562 563 -1.000000
563 563 4.000000
564 563 -1.000000
592 563 -1.000000
535 564 -1.000000
563 564 -1.000000
564 564 4.000000
565 564 -1.000000
593 564 -1.000000
536 565 -1.000000
564 565 -1.000000
565 565 4.000000
566 565 -1.000000
594 565 -1.000000
537 566 -1.000000
565 566 -1.000000
566 566 4.000000
567 566 -1.000000
595 566 -1.000000
538 567 -1.000000
566 567 -1.000000
567 567 4.000000
568 567 -1.000000
596 567 -1.000000
539 568 -1.000000
567 568 -1.000000
568 568 4.000000
569 568 -1.000000
597 568 -1.000000
540 569 -1.000000
568 569 -1.000000
569 569 4.000000
570 569 -1.000000
598 569 -1.000000
541 570 -1.000000
569 570 -1.000000
570 570 4.000000
571 570 -1.000000
599 570 -1.000000
542 571 -1.000000
570 571 -1.000000
571 571 4.000000
572 571 -1.000000
600 571 -1.000000
543 572 -1.000000
571 572 -1.000000
572 572 4.000000
573 572 -1.000000
601 572 -1.000000
544 573 -1.000000
572 573 -1.000000
573 573 4.000000
574 573 -1.000000
602 573 -1.000000
545 574 -1.000000
573 574 -1.000000
574 574 4.000000
575 574 -1.000000
603 574 -1.000000
546 575 -1.000000
574 575 -1.000000
575 575 4.000000
576 575 -1.000000
604 575 -1.000000
547 576 -1.000000
575 576 -1.000000
576 576 4.000000
577 576 -1.000000
605 576 -1.000000
548 577 -1.000000
576 577 -1.000000
577 577 4.000000
578 577 -1.000000
606 577 -1.000000
549 578 -1.000000
577 578 -1.000000
578 578 4.000000
579 578 -1.000000
607 578 -1.000000
550 579 -1.000000
578 579 -1.000000
579 579 4.000000
580 579 -1.000000
608 579 -1.000000
551 580 -1.000000
579 580 -1.000000
580 580 4.000000
609 580 -1.000000
552 581 -1.000000
581 581 4.000000
582 581 -1.000000
610 581 -1.000000
553 582 -1.000000
581 582 -1.000000
582 582 4.000000
583 582 -1.000000
611 582 -1.000000
554 583 -1.000000
582 583 -1.000000
583 583 4.000000
584 583 -1.000000
612 583 -1.000000
555 584 -1.000000
583 584 -1.000000
584 584 4.000000
585 584 -1.000000
613 584 -1.000000
556 585 -1.000000
584 585 -1.000000
585 585 4.000000
586 585 -1.000000
614 585 -1.000000
557 586 -1.000000
585 586 -1.000000
586 586 4.000000
587 586 -1.000000
615 586 -1.000000
558 587 -1.000000
586 587 -1.000000
587 587 4.000000
588 587 -1.000000
616 587 -1.000000
559 588 -1.000000
587 588 -1.000000
588 588 4.000000
589 588 -1.000000
617 588 -1.000000
560 589 -1.000000
588 589 -1.000000
589 589 4.000000
590 589 -1.000000
618 589 -1.000000
561 590 -1.000000
589 590 -1.000000
590 590 4.000000
591 590 -1.000000
619 590 -1.000000
562 591 -1.000000
590 591 -1.000000
591 591 4.000000
592 591 -1.000000
620 591 -1.000000
563 592 -1.000000
591 592 -1.000000
592 592 4.000000
593 592 -1.000000
621 592 -1.000000
564 593 -1.000000
592 593 -1.000000
593 593 4.000000
594 593 -1.000000
622 593 -1.000000
565 594 -1.000000
593 594 -1.000000
594 594 4.000000
595 594 -1.000000
623 594 -1.000000
566 595 -1.000000
594 595 -1.000000
595 595 4.000000
596 595 -1.000000
624 595 -1.000000
567 596 -1.000000
595 596 -1.000000
596 596 4.000000
597 596 -1.000000
625 596 -1.000000
568 597 -1.000000
596 597 -1.000000
597 597 4.000000
598 597 -1.000000
626 597 -1.000000
569 598 -1.000000
597 598 -1.000000
598 598 4.000000
599 598 -1.000000
627 598 -1.000000
570 599 -1.000000
598 599 -1.000000
599 599 4.000000
600 599 -1.000000
628 599 -1.000000
571 600 -1.000000
599 600 -1.000000
600 600 4.000000
601 600 -1.000000
629 600 -1.000000
572 601 -1.000000
600 601 -1.000000
601 601 4.000000
602 601 -1.000000
630 601 -1.000000
573 602 -1.000000
601 602 -1.000000
602 602 4.000000
603 602 -1.000000
631 602 -1.000000
574 603 -1.000000
602 603 -1.000000
603 603 4.000000
604 603 -1.000000
632 603 -1.000000
575 604 -1.000000
603 604 -1.000000
604 604 4.000000
605 604 -1.000000
633 604 -1.000000
576 605 -1.000000
604 605 -1.000000
605 605 4.000000
606 605 -1.000000
634 605 -1.000000
577 606 -1.000000
605 606 -1.000000
606 606 4.000000
607 606 -1.000000
635 606 -1.000000
578 607 -1.000000
606 607 -1.000000
607 607 4.000000
608 607 -1.000000
636 607 -1.000000
579 608 -1.000000
607 608 -1.000000
608 608 4.000000
609 608 -1.000000
637 608 -1.000000
580 609 -1.000000
608 609 -1.000000
609 609 4.000000
638 609 -1.000000
581 610 -1.000000
610 610 4.000000
611 610 -1.000000
639 610 -1.000000
582 611 -1.000000
610 611 -1.000000
611 611 4.000000
612 611 -1.000000
640 611 -1.000000
583 612 -1.000000
611 612 -1.000000
612 612 4.000000
613 612 -1.000000
641 612 -1.000000
584 613 -1.000000
612 613 -1.000000
613 613 4.000000
614 613 -1.000000
642 613 -1.000000
585 614 -1.000000
613 614 -1.000000
614 614 4.000000
615 614 -1.000000
643 614 -1.000000
586 615 -1.000000
614 615 -1.000000
615 615 4.000000
616 615 -1.000000
644 615 -1.000000
587 616 -1.000000
615 616 -1.000000
616 616 4.000000
617 616 -1.000000
645 616 -1.000000
588 617 -1.000000
616 617 -1.000000
617 617 4.000000
618 617 -1.000000
646 617 -1.000000
589 618 -1.000000
617 618 -1.000000
618 618 4.000000
619 618 -1.000000
647 618 -1.000000
590 619 -1.000000
618 619 -1.000000
619 619 4.000000
620 619 -1.000000
648 619 -1.000000
591 620 -1.000000
619 620 -1.000000
620 620 4.000000
621 620 -1.000000
649 620 -1.000000
592 621 -1.000000
620 621 -1.000000
621 621 4.000000
622 621 -1.000000
650 621 -1.000000
593 622 -1.000000
621 622 -1.000000
622 622 4.000000
623 622 -1.000000
651 622 -1.000000
594 623 -1.000000
622 623 -1.000000
623 623 4.000000
624 623 -1.000000
652 623 -1.000000
595 624 -1.000000
623 624 -1.000000
624 624 4.000000
625 624 -1.000000
653 624 -1.000000
596 625 -1.000000
624 625 -1.000000
625 625 4.000000
626 625 -1.000000
654 625 -1.000000
597 626 -1.000000
625 626 -1.000000
626 626 4.000000
627 626 -1.000000
655 626 -1.000000
598 627 -1.000000
626 627 -1.000000
627 627 4.000000
628 627 -1.000000
656 627 -1.000000
599 628 -1.000000
627 628 -1.000000
628 628 4.000000
629 628 -1.000000
657 628 -1.000000
600 629 -1.000000
628 629 -1.000000
629 629 4.000000
630 629 -1.000000
658 629 -1.000000
601 630 -1.000000
629 630 -1.000000
630 630 4.000000
631 630 -1.000000
659 630 -1.000000
602 631 -1.000000
630 631 -1.000000
631 631 4.000000
632 631 -1.000000
660 631 -1.000000
603 632 -1.000000
631 632 -1.000000
632 632 4.000000
633 632 -1.000000
661 632 -1.000000
604 633 -1.000000
632 633 -1.000000
633 633 4.000000
634 633 -1.000000
662 633 -1.000000
605 634 -1.000000
633 634 -1.000000
634 634 4.000000
635 634 -1.000000
663 634 -1.000000
606 635 -1.000000
634 635 -1.000000
635 635 4.000000
636 635 -1.000000
664 635 -1.000000
607 636 -1.000000
635 636 -1.000000
636 636 4.000000
637 636 -1.000000
665 636 -1.000000
608 637 -1.000000
636 637 -1.000000
637 637 4.000000
638 637 -1.000000
666 637 -1.000000
609 638 -1.000000
637 638 -1.000000
638 638 4.000000
667 638 -1.000000
610 639 -1.000000
639 639 4.000000
640 639 -1.000000
668 639 -1.000000
611 640 -1.000000
639 640 -1.000000
640 640 4.000000
641 640 -1.000000
669 640 -1.000000
612 641 -1.000000
640 641 -1.000000
641 641 4.000000
642 641 -1.000000
670 641 -1.000000
613 642 -1.000000
641 642 -1.000000
642 642 4.000000
643 642 -1.000000
671 642 -1.000000
614 643 -1.000000
642 643 -1.000000
643 643 4.000000
644 643 -1.000000
672 643 -1.000000
615 644 -1.000000
643 644 -1.000000
644 644 4.000000
645 644 -1.000000
673 644 -1.000000
616 645 -1.000000
644 645 -1.000000
645 645 4.000000
646 645 -1.000000
674 645 -1.000000
617 646 -1.000000
645 646 -1.000000
646 646 4.000000
647 646 -1.000000
675 646 -1.000000
618 647 -1.000000
646 647 -1.000000
647 647 4.000000
648 647 -1.000000
676 647 -1.000000
619 648 -1.000000
647 648 -1.000000
648 648 4.000000
649 648 -1.000000
677 648 -1.000000
620 649 -1.000000
648 649 -1.000000
649 649 4.000000
650 649 -1.000000
678 649 -1.000000
621 650 -1.000000
649 650 -1.000000
650 650 4.000000
651 650 -1.000000
679 650 -1.000000
622 651 -1.000000
650 651 -1.000000
651 651 4.000000
652 651 -1.000000
680 651 -1.000000
623 652 -1.000000
651 652 -1.000000
652 652 4.000000
653 652 -1.000000
681 652 -1.000000
624 653 -1.000000
652 653 -1.000000
653 653 4.000000
654 653 -1.000000
682 653 -1.000000
625 654 -1.000000
653 654 -1.000000
654 654 4.000000
655 654 -1.000000
683 654 -1.000000
626 655 -1.000000
654 655 -1.000000
655 655 4.000000
656 655 -1.000000
684 655 -1.000000
627 656 -1.000000
655 656 -1.000000
656 656 4.000000
657 656 -1.000000
685 656 -1.000000
628 657 -1.000000
656 657 -1.000000
657 657 4.000000
658 657 -1.000000
686 657 -1.000000
629 658 -1.000000
657 658 -1.000000
658 658 4.000000
659 658 -1.000000
687 658 -1.000000
630 659 -1.000000
658 659 -1.000000
659 659 4.000000
660 659 -1.000000
688 659 -1.000000
631 660 -1.000000
659 660 -1.000000
660 660 4.000000
661 660 -1.000000
689 660 -1.000000
632 661 -1.000000
660 661 -1.000000
661 661 4.000000
662 661 -1.000000
690 661 -1.000000
633 662 -1.000000
661 662 -1.000000
662 662 4.000000
663 662 -1.000000
691 662 -1.000000
634 663 -1.000000
662 663 -1.000000
663 663 4.000000
664 663 -1.000000
692 663 -1.000000
635 664 -1.000000
663 664 -1.000000
664 664 4.000000
665 664 -1.000000
693 664 -1.000000
636 665 -1.000000
664 665 -1.000000
665 665 4.000000
666 665 -1.000000
694 665 -1.000000
637 666 -1.000000
665 666 -1.000000
666 666 4.000000
667 666 -1.000000
695 666 -1.000000
638 667 -1.000000
666 667 -1.000000
667 667 4.000000
696 667 -1.000000
639 668 -1.000000
668 668 4.000000
669 668 -1.000000
697 668 -1.000000
640 669 -1.000000
668 669 -1.000000
669 669 4.000000
670 669 -1.000000
698 669 -1.000000
641 670 -1.000000
669 670 -1.000000
670 670 4.000000
671 670 -1.000000
699 670 -1.000000
642 671 -1.000000
670 671 -1.000000
671 671 4.000000
672 671 -1.000000
700 671 -1.000000
643 672 -1.000000
671 672 -1.000000
672 672 4.000000
673 672 -1.000000
701 672 -1.000000
644 673 -1.000000
672 673 -1.000000
673 673 4.000000
674 673 -1.000000
702 673 -1.000000
645 674 -1.000000
673 674 -1.000000
674 674 4.000000
675 674 -1.000000
703 674 -1.000000
646 675 -1.000000
674 675 -1.000000
675 675 4.000000
676 675 -1.000000
704 675 -1.000000
647 676 -1.000000
675 676 -1.000000
676 676 4.000000
677 676 -1.000000
705 676 -1.000000
648 677 -1.000000
676 677 -1.000000
677 677 4.000000
678 677 -1.000000
706 677 -1.000000
649 678 -1.000000
677 678 -1.000000
678 678 4.000000
679 678 -1.000000
707 678 -1.000000
650 679 -1.000000
678 679 -1.000000
679 679 4.000000
680 679 -1.000000
708 679 -1.000000
651 680 -1.000000
679 680 -1.000000
680 680 4.000000
681 680 -1.000000
709 680 -1.000000
652 681 -1.000000
680 681 -1.000000
681 681 4.000000
682 681 -1.000000
710 681 -1.000000
653 682 -1.000000
681 682 -1.000000
682 682 4.000000
683 682 -1.000000
711 682 -1.000000
654 683 -1.000000
682 683 -1.000000
683 683 4.000000
684 683 -1.000000
712 683 -1.000000
655 684 -1.000000
683 684 -1.000000
684 684 4.000000
685 684 -1.000000
713 684 -1.000000
656 685 -1.000000
684 685 -1.000000
685 685 4.000000
686 685 -1.000000
714 685 -1.000000
657 686 -1.000000
685 686 -1.000000
686 686 4.000000
687 686 -1.000000
715 686 -1.000000
658 687 -1.000000
686 687 -1.000000
687 687 4.000000
688 687 -1.000000
716 687 -1.000000
659 688 -1.000000
687 688 -1.000000
688 688 4.000000
689 688 -1.000000
717 688 -1.000000
660 689 -1.000000
688 689 -1.000000
689 689 4.000000
690 689 -1.000000
718 689 -1.000000
661 690 -1.000000
689 690 -1.000000
690 690 4.000000
691 690 -1.000000
719 690 -1.000000
662 691 -1.000000
690 691 -1.000000
691 691 4.000000
692 691 -1.000000
720 691 -1.000000
663 692 -1.000000
691 692 -1.000000
692 692 4.000000
693 692 -1.000000
721 692 -1.000000
664 693 -1.000000
692 693 -1.000000
693 693 4.000000
694 693 -1.000000
722 693 -1.000000
665 694 -1.000000
693 694 -1.000000
694 694 4.000000
695 694 -1.000000
723 694 -1.000000
666 695 -1.000000
694 695 -1.000000
695 695 4.000000
696 695 -1.000000
724 695 -1.000000
667 696 -1.000000
695 696 -1.000000
696 696 4.000000
725 696 -1.000000
668 697 -1.000000
697 697 4.000000
698 697 -1.000000
726 697 -1.000000
669 698 -1.000000
697 698 -1.000000
698 698 4.000000
699 698 -1.000000
727 698 -1.000000
670 699 -1.000000
698 699 -1.000000
699 699 4.000000
700 699 -1.000000
728 699 -1.000000
671 700 -1.000000
699 700 -1.000000
700 700 4.000000
701 700 -1.000000
729 700 -1.000000
672 701 -1.000000
700 701 -1.000000
701 701 4.000000
702 701 -1.000000
730 701 -1.000000
673 702 -1.000000
701 702 -1.000000
702 702 4.000000
703 702 -1.000000
731 702 -1.000000
674 703 -1.000000
702 703 -1.000000
703 703 4.000000
704 703 -1.000000
732 703 -1.000000
675 704 -1.000000
703 704 -1.000000
704 704 4.000000
705 704 -1.000000
733 704 -1.000000
676 705 -1.000000
704 705 -1.000000
705 705 4.000000
706 705 -1.000000
734 705 -1.000000
677 706 -1.000000
705 706 -1.000000
706 706 4.000000
707 706 -1.000000
735 706 -1.000000
678 707 -1.000000
706 707 -1.000000
707 707 4.000000
708 707 -1.000000
736 707 -1.000000
679 708 -1.000000
707 708 -1.000000
708 708 4.000000
709 708 -1.000000
737 708 -1.000000
680 709 -1.000000
708 709 -1.000000
709 709 4.000000
710 709 -1.000000
738 709 -1.000000
681 710 -1.000000
709 710 -1.000000
710 710 4.000000
711 710 -1.000000
739 710 -1.000000
682 711 -1.000000
710 711 -1.000000
711 711 4.000000
712 711 -1.000000
740 711 -1.000000
683 712 -1.000000
711 712 -1.000000
712 712 4.000000
713 712 -1.000000
741 712 -1.000000
684 713 -1.000000
712 713 -1.000000
713 713 4.000000
714 713 -1.000000
742 713 -1.000000
685 714 -1.000000
713 714 -1.000000
714 714 4.000000
715 714 -1.000000
743 714 -1.000000
686 715 -1.000000
714 715 -1.000000
715 715 4.000000
716 715 -1.000000
744 715 -1.000000
687 716 -1.000000
715 716 -1.000000
716 716 4.000000
717 716 -1.000000
745 716 -1.000000
688 717 -1.000000
716 717 -1.000000
717 717 4.000000
718 717 -1.000000
746 717 -1.000000
689 718 -1.000000
717 718 -1.000000
718 718 4.000000
719 718 -1.000000
747 718 -1.000000
690 719 -1.000000
718 719 -1.000000
719 719 4.000000
720 719 -1.000000
748 719 -1.000000
691 720 -1.000000
719 720 -1.000000
720 720 4.000000
721 720 -1.000000
749 720 -1.000000
692 721 -1.000000
720 721 -1.000000
721 721 4.000000
722 721 -1.000000
750 721 -1.000000
693 722 -1.000000
721 722 -1.000000
722 722 4.000000
723 722 -1.000000
751 722 -1.000000
694 723 -1.000000
722 723 -1.000000
723 723 4.000000
724 723 -1.000000
752 723 -1.000000
695 724 -1.000000
723 724 -1.000000
724 724 4.000000
725 724 -1.000000
753 724 -1.000000
696 725 -1.000000
724 725 -1.000000
725 725 4.000000
754 725 -1.000000
697 726 -1.000000
726 726 4.000000
727 726 -1.000000
755 726 -1.000000
698 727 -1.000000
726 727 -1.000000
727 727 4.000000
728 727 -1.000000
756 727 -1.000000
699 728 -1.000000
727 728 -1.000000
728 728 4.000000
729 728 -1.000000
757 728 -1.000000
700 729 -1.000000
728 729 -1.000000
729 729 4.000000
730 729 -1.000000
758 729 -1.000000
701 730 -1.000000
729 730 -1.000000
730 730 4.000000
731 730 -1.000000
759 730 -1.000000
702 731 -1.000000
730 731 -1.000000
731 731 4.000000
732 731 -1.000000
760 731 -1.000000
703 732 -1.000000
731 732 -1.000000
732 732 4.000000
733 732 -1.000000
761 732 -1.000000
704 733 -1.000000
732 733 -1.000000
733 733 4.000000
734 733 -1.000000
762 733 -1.000000
705 734 -1.000000
733 734 -1.000000
734 734 4.000000
735 734 -1.000000
763 734 -1.000000
706 735 -1.000000
734 735 -1.000000
735 735 4.000000
736 735 -1.000000
764 735 -1.000000
707 736 -1.000000
735 736 -1.000000
736 736 4.000000
737 736 -1.000000
765 736 -1.000000
708 737 -1.000000
736 737 -1.000000
737 737 4.000000
738 737 -1.000000
766 737 -1.000000
709 738 -1.000000
737 738 -1.000000
738 738 4.000000
739 738 -1.000000
767 738 -1.000000
710 739 -1.000000
738 739 -1.000000
739 739 4.000000
740 739 -1.000000
768 739 -1.000000
711 740 -1.000000
739 740 -1.000000
740 740 4.000000
741 740 -1.000000
769 740 -1.000000
712 741 -1.000000
740 741 -1.000000
741 741 4.000000
742 741 -1.000000
770 741 -1.000000
713 742 -1.000000
741 742 -1.000000
742 742 4.000000
743 742 -1.000000
771 742 -1.000000
714 743 -1.000000
742 743 -1.000000
743 743 4.000000
744 743 -1.000000
772 743 -1.000000
715 744 -1.000000
743 744 -1.000000
744 744 4.000000
745 744 -1.000000
773 744 -1.000000
716 745 -1.000000
744 745 -1.000000
745 745 4.000000
746 745 -1.000000
774 745 -1.000000
717 746 -1.000000
745 746 -1.000000
746 746 4.000000
747 746 -1.000000
775 746 -1.000000
718 747 -1.000000
746 747 -1.000000
747 747 4.000000
748 747 -1.000000
776 747 -1.000000
719 748 -1.000000
747 748 -1.000000
748 748 4.000000
749 748 -1.000000
777 748 -1.000000
720 749 -1.000000
748 749 -1.000000
749 749 4.000000
750 749 -1.000000
778 749 -1.000000
721 750 -1.000000
749 750 -1.000000
750 750 4.000000
751 750 -1.000000
779 750 -1.000000
722 751 -1.000000
750 751 -1.000000
751 751 4.000000
752 751 -1.000000
780 751 -1.000000
723 752 -1.000000
751 752 -1.000000
752 752 4.000000
753 752 -1.000000
781 752 -1.000000
724 753 -1.000000
752 753 -1.000000
753 753 4.000000
754 753 -1.000000
782 753 -1.000000
725 754 -1.000000
753 754 -1.000000
754 754 4.000000
783 754 -1.000000
726 755 -1.000000
755 755 4.000000
756 755 -1.000000
784 755 -1.000000
727 756 -1.000000
755 756 -1.000000
756 756 4.000000
757 756 -1.000000
785 756 -1.000000
728 757 -1.000000
756 757 -1.000000
757 757 4.000000
758 757 -1.000000
786 757 -1.000000
729 758 -1.000000
757 758 -1.000000
758 758 4.000000
759 758 -1.000000
787 758 -1.000000
730 759 -1.000000
758 759 -1.000000
759 759 4.000000
760 759 -1.000000
788 759 -1.000000
731 760 -1.000000
759 760 -1.000000
760 760 4.000000
761 760 -1.000000
789 760 -1.000000
732 761 -1.000000
760 761 -1.000000
761 761 4.000000
762 761 -1.000000
790 761 -1.000000
733 762 -1.000000
761 762 -1.000000
762 762 4.000000
763 762 -1.000000
791 762 -1.000000
734 763 -1.000000
762 763 -1.000000
763 763 4.000000
764 763 -1.000000
792 763 -1.000000
735 764 -1.000000
763 764 -1.000000
764 764 4.000000
765 764 -1.000000
793 764 -1.000000
736 765 -1.000000
764 765 -1.000000
765 765 4.000000
766 765 -1.000000
794 765 -1.000000
737 766 -1.000000
765 766 -1.000000
766 766 4.000000
767 766 -1.000000
795 766 -1.000000
738 767 -1.000000
766 767 -1.000000
767 767 4.000000
768 767 -1.000000
796 767 -1.000000
739 768 -1.000000
767 768 -1.000000
768 768 4.000000
769 768 -1.000000
797 768 -1.000000
740 769 -1.000000
768 769 -1.000000
769 769 4.000000
770 769 -1.000000
798 769 -1.000000
741 770 -1.000000
769 770 -1.000000
770 770 4.000000
771 770 -1.000000
799 770 -1.000000
742 771 -1.000000
770 771 -1.000000
771 771 4.000000
772 771 -1.000000
800 771 -1.000000
743 772 -1.000000
771 772 -1.000000
772 772 4.000000
773 772 -1.000000
801 772 -1.000000
744 773 -1.000000
772 773 -1.000000
773 773 4.000000
774 773 -1.000000
802 773 -1.000000
745 774 -1.000000
773 774 -1.000000
774 774 4.000000
775 774 -1.000000
803 774 -1.000000
746 775 -1.000000
774 775 -1.000000
775 775 4.000000
776 775 -1.000000
804 775 -1.000000
747 776 -1.000000
775 776 -1.000000
776 776 4.000000
777 776 -1.000000
805 776 -1.000000
748 777 -1.000000
776 777 -1.000000
777 777 4.000000
778 777 -1.000000
806 777 -1.000000
749 778 -1.000000
777 778 -1.000000
778 778 4.000000
779 778 -1.000000
807 778 -1.000000
750 779 -1.000000
778 779 -1.000000
779 779 4.000000
780 779 -1.000000
808 779 -1.000000
751 780 -1.000000
779 780 -1.000000
780 780 4.000000
781 780 -1.000000
809 780 -1.000000
752 781 -1.000000
780 781 -1.000000
781 781 4.000000
782 781 -1.000000
810 781 -1.000000
753 782 -1.000000
781 782 -1.000000
782 782 4.000000
783 782 -1.000000
811 782 -1.000000
754 783 -1.000000
782 783 -1.000000
783 783 4.000000
812 783 -1.000000
755 784 -1.000000
784 784 4.000000
785 784 -1.000000
813 784 -1.000000
756 785 -1.000000
784 785 -1.000000
785 785 4.000000
786 785 -1.000000
814 785 -1.000000
757 786 -1.000000
785 786 -1.000000
786 786 4.000000
787 786 -1.000000
815 786 -1.000000
758 787 -1.000000
786 787 -1.000000
787 787 4.000000
788 787 -1.000000
816 787 -1.000000
759 788 -1.000000
787 788 -1.000000
788 788 4.000000
789 788 -1.000000
817 788 -1.000000
760 789 -1.000000
788 789 -1.000000
789 789 4.000000
790 789 -1.000000
818 789 -1.000000
761 790 -1.000000
789 790 -1.000000
790 790 4.000000
791 790 -1.000000
819 790 -1.000000
762 791 -1.000000
790 791 -1.000000
791 791 4.000000
792 791 -1.000000
820 791 -1.000000
763 792 -1.000000
791 792 -1.000000
792 792 4.000000
793 792 -1.000000
821 792 -1.000000
764 793 -1.000000
792 793 -1.000000
793 793 4.000000
794 793 -1.000000
822 793 -1.000000
765 794 -1.000000
793 794 -1.000000
794 794 4.000000
795 794 -1.000000
823 794 -1.000000
766 795 -1.000000
794 795 -1.000000
795 795 4.000000
796 795 -1.000000
824 795 -1.000000
767 796 -1.000000
795 796 -1.000000
796 796 4.000000
797 796 -1.000000
825 796 -1.000000
768 797 -1.000000
796 797 -1.000000
797 797 4.000000
798 797 -1.000000
826 797 -1.000000
769 798 -1.000000
797 798 -1.000000
798 798 4.000000
799 798 -1.000000
827 798 -1.000000
770 799 -1.000000
798 799 -1.000000
799 799 4.000000
800 799 -1.000000
828 799 -1.000000
771 800 -1.000000
799 800 -1.000000
800 800 4.000000
801 800 -1.000000
829 800 -1.000000
772 801 -1.000000
800 801 -1.000000
801 801 4.000000
802 801 -1.000000
830 801 -1.000000
773 802 -1.000000
801 802 -1.000000
802 802 4.000000
803 802 -1.000000
831 802 -1.000000
774 803 -1.000000
802 803 -1.000000
803 803 4.000000
804 803 -1.000000
832 803 -1.000000
775 804 -1.000000
803 804 -1.000000
804 804 4.000000
805 804 -1.000000
833 804 -1.000000
776 805 -1.000000
804 805 -1.000000
805 805 4.000000
806 805 -1.000000
834 805 -1.000000
777 806 -1.000000
805 806 -1.000000
806 806 4.000000
807 806 -1.000000
835 806 -1.000000
778 807 -1.000000
806 807 -1.000000
807 807 4.000000
808 807 -1.000000
836 807 -1.000000
779 808 -1.000000
807 808 -1.000000
808 808 4.000000
809 808 -1.000000
837 808 -1.000000
780 809 -1.000000
808 809 -1.000000
809 809 4.000000
810 809 -1.000000
838 809 -1.000000
781 810 -1.000000
809 810 -1.000000
810 810 4.000000
811 810 -1.000000
839 810 -1.000000
782 811 -1.000000
810 811 -1.000000
811 811 4.000000
812 811 -1.000000
840 811 -1.000000
783 812 -1.000000
811 812 -1.000000
812 812 4.000000
841 812 -1.000000
784 813 -1.000000
813 813 4.000000
814 813 -1.000000
785 814 -1.000000
813 814 -1.000000
814 814 4.000000
815 814 -1.000000
786 815 -1.000000
814 815 -1.000000
815 815 4.000000
816 815 -1.000000
787 816 -1.000000
815 816 -1.000000
816 816 4.000000
817 816 -1.000000
788 817 -1.000000
816 817 -1.000000
817 817 4.000000
818 817 -1.000000
789 818 -1.000000
817 818 -1.000000
818 818 4.000000
819 818 -1.000000
790 819 -1.000000
818 819 -1.000000
819 819 4.000000
820 819 -1.000000
791 820 -1.000000
819 820 -1.000000
820 820 4.000000
821 820 -1.000000
792 821 -1.000000
820 821 -1.000000
821 821 4.000000
822 821 -1.000000
793 822 -1.000000
821 822 -1.000000
822 822 4.000000
823 822 -1.000000
794 823 -1.000000
822 823 -1.000000
823 823 4.000000
824 823 -1.000000
795 824 -1.000000
823 824 -1.000000
824 824 4.000000
825 824 -1.000000
796 825 -1.000000
824 825 -1.000000
825 825 4.000000
826 825 -1.000000
797 826 -1.000000
825 826 -1.000000
826 826 4.000000
827 826 -1.000000
798 827 -1.000000
826 827 -1.000000
827 827 4.000000
828 827 -1.000000
799 828 -1.000000
827 828 -1.000000
828 828 4.000000
829 828 -1.000000
800 829 -1.000000
828 829 -1.000000
829 829 4.000000
830 829 -1.000000
801 830 -1.000000
829 830 -1.000000
830 830 4.000000
831 830 -1.000000
802 831 -1.000000
830 831 -1.000000
831 831 4.000000
832 831 -1.000000
803 832 -1.000000
831 832 -1.000000
832 832 4.000000
833 832 -1.000000
804 833 -1.000000
832 833 -1.000000
833 833 4.000000
834 833 -1.000000
805 834 -1.000000
833 834 -1.000000
834 834 4.000000
835 834 -1.000000
806 835 -1.000000
834 835 -1.000000
835 835 4.000000
836 835 -1.000000
807 836 -1.000000
835 836 -1.000000
836 836 4.000000
837 836 -1.000000
808 837 -1.000000
836 837 -1.000000
837 837 4.000000
838 837 -1.000000
809 838 -1.000000
837 838 -1.000000
838 838 4.000000
839 838 -1.000000
810 839 -1.000000
838 839 -1.000000
839 839 4.000000
840 839 -1.000000
811 840 -1.000000
839 840 -1.000000
840 840 4.000000
841 840 -1.000000
812 841 -1.000000
840 841 -1.000000
841 841 4.000000
