1 1 4.000000
2 1 -1.000000
32 1 -1.000000
1 2 -1.000000
2 2 4.000000
3 2 -1.000000
33 2 -1.000000
2 3 -1.000000
3 3 4.000000
4 3 -1.000000
34 3 -1.000000
3 4 -1.000000
4 4 4.000000
5 4 -1.000000
35 4 -1.000000
4 5 -1.000000
5 5 4.000000
6 5 -1.000000
36 5 -1.000000
5 6 -1.000000
6 6 4.000000
7 6 -1.000000
37 6 -1.000000
6 7 -1.000000
7 7 4.000000
8 7 -1.000000
38 7 -1.000000
7 8 -1.000000
8 8 4.000000
9 8 -1.000000
39 8 -1.000000
8 9 -1.000000
9 9 4.000000
10 9 -1.000000
40 9 -1.000000
9 10 -1.000000
10 10 4.000000
11 10 -1.000000
41 10 -1.000000
10 11 -1.000000
11 11 4.000000
12 11 -1.000000
42 11 -1.000000
11 12 -1.000000
12 12 4.000000
13 12 -1.000000
43 12 -1.000000
12 13 -1.000000
13 13 4.000000
14 13 -1.000000
44 13 -1.000000
13 14 -1.000000
14 14 4.000000
15 14 -1.000000
45 14 -1.000000
14 15 -1.000000
15 15 4.000000
16 15 -1.000000
46 15 -1.000000
15 16 -1.000000
16 16 4.000000
17 16 -1.000000
47 16 -1.000000
16 17 -1.000000
17 17 4.000000
18 17 -1.000000
48 17 -1.000000
17 18 -1.000000
18 18 4.000000
19 18 -1.000000
49 18 -1.000000
18 19 -1.000000
19 19 4.000000
20 19 -1.000000
50 19 -1.000000
19 20 -1.000000
20 20 4.000000
21 20 -1.000000
51 20 -1.000000
20 21 -1.000000
21 21 4.000000
22 21 -1.000000
52 21 -1.000000
21 22 -1.000000
22 22 4.000000
23 22 -1.000000
53 22 -1.000000
22 23 -1.000000
23 23 4.000000
24 23 -1.000000
54 23 -1.000000
23 24 -1.000000
24 24 4.000000
25 24 -1.000000
55 24 -1.000000
24 25 -1.000000
25 25 4.000000
26 25 -1.000000
56 25 -1.000000
25 26 -1.000000
26 26 4.000000
27 26 -1.000000
57 26 -1.000000
26 27 -1.000000
27 27 4.000000
28 27 -1.000000
58 27 -1.000000
27 28 -1.000000
28 28 4.000000
29 28 -1.000000
59 28 -1.000000
28 29 -1.000000
29 29 4.000000
30 29 -1.000000
60 29 -1.000000
29 30 -1.000000
30 30 4.000000
31 30 -1.000000
61 30 -1.000000
30 31 -1.000000
31 31 4.000000
62 31 -1.000000
1 32 -1.000000
32 32 4.000000
33 32 -1.000000
63 32 -1.000000
2 33 -1.000000
32 33 -1.000000
33 33 4.000000
34 33 -1.000000
64 33 -1.000000
3 34 -1.000000
33 34 -1.000000
34 34 4.000000
35 34 -1.000000
65 34 -1.000000
4 35 -1.000000
34 35 -1.000000
35 35 4.000000
36 35 -1.000000
66 35 -1.000000
5 36 -1.000000
35 36 -1.000000
36 36 4.000000
37 36 -1.000000
67 36 -1.000000
6 37 -1.000000
36 37 -1.000000
37 37 4.000000
38 37 -1.000000
68 37 -1.000000
7 38 -1.000000
37 38 -1.000000
38 38 4.000000
39 38 -1.000000
69 38 -1.000000
8 39 -1.000000
38 39 -1.000000
39 39 4.000000
40 39 -1.000000
70 39 -1.000000
9 40 -1.000000
39 40 -1.000000
40 40 4.000000
41 40 -1.000000
71 40 -1.000000
10 41 -1.000000
40 41 -1.000000
41 41 4.000000
42 41 -1.000000
72 41 -1.000000
11 42 -1.000000
41 42 -1.000000
42 42 4.000000
43 42 -1.000000
73 42 -1.000000
12 43 -1.000000
42 43 -1.000000
43 43 4.000000
44 43 -1.000000
74 43 -1.000000
13 44 -1.000000
43 44 -1.000000
44 44 4.000000
45 44 -1.000000
75 44 -1.000000
14 45 -1.000000
44 45 -1.000000
45 45 4.000000
46 45 -1.000000
76 45 -1.000000
15 46 -1.000000
45 46 -1.000000
46 46 4.000000
47 46 -1.000000
77 46 -1.000000
16 47 -1.000000
46 47 -1.000000
47 47 4.000000
48 47 -1.000000
78 47 -1.000000
17 48 -1.000000
47 48 -1.000000
48 48 4.000000
49 48 -1.000000
79 48 -1.000000
18 49 -1.000000
48 49 -1.000000
49 49 4.000000
50 49 -1.000000
80 49 -1.000000
19 50 -1.000000
49 50 -1.000000
50 50 4.000000
51 50 -1.000000
81 50 -1.000000
20 51 -1.000000
50 51 -1.000000
51 51 4.000000
52 51 -1.000000
82 51 -1.000000
21 52 -1.000000
51 52 -1.000000
52 52 4.000000
53 52 -1.000000
83 52 -1.000000
22 53 -1.000000
52 53 -1.000000
53 53 4.000000
54 53 -1.000000
84 53 -1.000000
23 54 -1.000000
53 54 -1.000000
54 54 4.000000
55 54 -1.000000
85 54 -1.000000
24 55 -1.000000
54 55 -1.000000
55 55 4.000000
56 55 -1.000000
86 55 -1.000000
25 56 -1.000000
55 56 -1.000000
56 56 4.000000
57 56 -1.000000
87 56 -1.000000
26 57 -1.000000
56 57 -1.000000
57 57 4.000000
58 57 -1.000000
88 57 -1.000000
27 58 -1.000000
57 58 -1.000000
58 58 4.000000
59 58 -1.000000
89 58 -1.000000
28 59 -1.000000
58 59 -1.000000
59 59 4.000000
60 59 -1.000000
90 59 -1.000000
29 60 -1.000000
59 60 -1.000000
60 60 4.000000
61 60 -1.000000
91 60 -1.000000
30 61 -1.000000
60 61 -1.000000
61 61 4.000000
62 61 -1.000000
92 61 -1.000000
31 62 -1.000000
61 62 -1.000000
62 62 4.000000
93 62 -1.000000
32 63 -1.000000
63 63 4.000000
64 63 -1.000000
94 63 -1.000000
33 64 -1.000000
63 64 -1.000000
64 64 4.000000
65 64 -1.000000
95 64 -1.000000
34 65 -1.000000
64 65 -1.000000
65 65 4.000000
66 65 -1.000000
96 65 -1.000000
35 66 -1.000000
65 66 -1.000000
66 66 4.000000
67 66 -1.000000
97 66 -1.000000
36 67 -1.000000
66 67 -1.000000
67 67 4.000000
68 67 -1.000000
98 67 -1.000000
37 68 -1.000000
67 68 -1.000000
68 68 4.000000
69 68 -1.000000
99 68 -1.000000
38 69 -1.000000
68 69 -1.000000
69 69 4.000000
70 69 -1.000000
100 69 -1.000000
39 70 -1.000000
69 70 -1.000000
70 70 4.000000
71 70 -1.000000
101 70 -1.000000
40 71 -1.000000
70 71 -1.000000
71 71 4.000000
72 71 -1.000000
102 71 -1.000000
41 72 -1.000000
71 72 -1.000000
72 72 4.000000
73 72 -1.000000
103 72 -1.000000
42 73 -1.000000
72 73 -1.000000
73 73 4.000000
74 73 -1.000000
104 73 -1.000000
43 74 -1.000000
73 74 -1.000000
74 74 4.000000
75 74 -1.000000
105 74 -1.000000
44 75 -1.000000
74 75 -1.000000
75 75 4.000000
76 75 -1.000000
106 75 -1.000000
45 76 -1.000000
75 76 -1.000000
76 76 4.000000
77 76 -1.000000
107 76 -1.000000
46 77 -1.000000
76 77 -1.000000
77 77 4.000000
78 77 -1.000000
108 77 -1.000000
47 78 -1.000000
77 78 -1.000000
78 78 4.000000
79 78 -1.000000
109 78 -1.000000
48 79 -1.000000
78 79 -1.000000
79 79 4.000000
80 79 -1.000000
110 79 -1.000000
49 80 -1.000000
79 80 -1.000000
80 80 4.000000
81 80 -1.000000
111 80 -1.000000
50 81 -1.000000
80 81 -1.000000
81 81 4.000000
82 81 -1.000000
112 81 -1.000000
51 82 -1.000000
81 82 -1.000000
82 82 4.000000
83 82 -1.000000
113 82 -1.000000
52 83 -1.000000
82 83 -1.000000
83 83 4.000000
84 83 -1.000000
114 83 -1.000000
53 84 -1.000000
83 84 -1.000000
84 84 4.000000
85 84 -1.000000
115 84 -1.000000
54 85 -1.000000
84 85 -1.000000
85 85 4.000000
86 85 -1.000000
116 85 -1.000000
55 86 -1.000000
85 86 -1.000000
86 86 4.000000
87 86 -1.000000
117 86 -1.000000
56 87 -1.000000
86 87 -1.000000
87 87 4.000000
88 87 -1.000000
118 87 -1.000000
57 88 -1.000000
87 88 -1.000000
88 88 4.000000
89 88 -1.000000
119 88 -1.000000
58 89 -1.000000
88 89 -1.000000
89 89 4.000000
90 89 -1.000000
120 89 -1.000000
59 90 -1.000000
89 90 -1.000000
90 90 4.000000
91 90 -1.000000
121 90 -1.000000
60 91 -1.000000
90 91 -1.000000
91 91 4.000000
92 91 -1.000000
122 91 -1.000000
61 92 -1.000000
91 92 -1.000000
92 92 4.000000
93 92 -1.000000
123 92 -1.000000
62 93 -1.000000
92 93 -1.000000
93 93 4.000000
124 93 -1.000000
63 94 -1.000000
94 94 4.000000
95 94 -1.000000
125 94 -1.000000
64 95 -1.000000
94 95 -1.000000
95 95 4.000000
96 95 -1.000000
126 95 -1.000000
65 96 -1.000000
95 96 -1.000000
96 96 4.000000
97 96 -1.000000
127 96 -1.000000
66 97 -1.000000
96 97 -1.000000
97 97 4.000000
98 97 -1.000000
128 97 -1.000000
67 98 -1.000000
97 98 -1.000000
98 98 4.000000
99 98 -1.000000
129 98 -1.000000
68 99 -1.000000
98 99 -1.000000
99 99 4.000000
100 99 -1.000000
130 99 -1.000000
69 100 -1.000000
99 100 -1.000000
100 100 4.000000
101 100 -1.000000
131 100 -1.000000
70 101 -1.000000
100 101 -1.000000
101 101 4.000000
102 101 -1.000000
132 101 -1.000000
71 102 -1.000000
101 102 -1.000000
102 102 4.000000
103 102 -1.000000
133 102 -1.000000
72 103 -1.000000
102 103 -1.000000
103 103 4.000000
104 103 -1.000000
134 103 -1.000000
73 104 -1.000000
103 104 -1.000000
104 104 4.000000
105 104 -1.000000
135 104 -1.000000
74 105 -1.000000
104 105 -1.000000
105 105 4.000000
106 105 -1.000000
136 105 -1.000000
75 106 -1.000000
105 106 -1.000000
106 106 4.000000
107 106 -1.000000
137 106 -1.000000
76 107 -1.000000
106 107 -1.000000
107 107 4.000000
108 107 -1.000000
138 107 -1.000000
77 108 -1.000000
107 108 -1.000000
108 108 4.000000
109 108 -1.000000
139 108 -1.000000
78 109 -1.000000
108 109 -1.000000
109 109 4.000000
110 109 -1.000000
140 109 -1.000000
79 110 -1.000000
109 110 -1.000000
110 110 4.000000
111 110 -1.000000
141 110 -1.000000
80 111 -1.000000
110 111 -1.000000
111 111 4.000000
112 111 -1.000000
142 111 -1.000000
81 112 -1.000000
111 112 -1.000000
112 112 4.000000
113 112 -1.000000
143 112 -1.000000
82 113 -1.000000
112 113 -1.000000
113 113 4.000000
114 113 -1.000000
144 113 -1.000000
83 114 -1.000000
113 114 -1.000000
114 114 4.000000
115 114 -1.000000
145 114 -1.000000
84 115 -1.000000
114 115 -1.000000
115 115 4.000000
116 115 -1.000000
146 115 -1.000000
85 116 -1.000000
115 116 -1.000000
116 116 4.000000
117 116 -1.000000
147 116 -1.000000
86 117 -1.000000
116 117 -1.000000
117 117 4.000000
118 117 -1.000000
148 117 -1.000000
87 118 -1.000000
117 118 -1.000000
118 118 4.000000
119 118 -1.000000
149 118 -1.000000
88 119 -1.000000
118 119 -1.000000
119 119 4.000000
120 119 -1.000000
150 119 -1.000000
89 120 -1.000000
119 120 -1.000000
120 120 4.000000
121 120 -1.000000
151 120 -1.000000
90 121 -1.000000
120 121 -1.000000
121 121 4.000000
122 121 -1.000000
152 121 -1.000000
91 122 -1.000000
121 122 -1.000000
122 122 4.000000
123 122 -1.000000
153 122 -1.000000
92 123 -1.000000
122 123 -1.000000
123 123 4.000000
124 123 -1.000000
154 123 -1.000000
93 124 -1.000000
123 124 -1.000000
124 124 4.000000
155 124 -1.000000
94 125 -1.000000
125 125 4.000000
126 125 -1.000000
156 125 -1.000000
95 126 -1.000000
125 126 -1.000000
126 126 4.000000
127 126 -1.000000
157 126 -1.000000
96 127 -1.000000
126 127 -1.000000
127 127 4.000000
128 127 -1.000000
158 127 -1.000000
97 128 -1.000000
127 128 -1.000000
128 128 4.000000
129 128 -1.000000
159 128 -1.000000
98 129 -1.000000
128 129 -1.000000
129 129 4.000000
130 129 -1.000000
160 129 -1.000000
99 130 -1.000000
129 130 -1.000000
130 130 4.000000
131 130 -1.000000
161 130 -1.000000
100 131 -1.000000
130 131 -1.000000
131 131 4.000000
132 131 -1.000000
162 131 -1.000000
101 132 -1.000000
131 132 -1.000000
132 132 4.000000
133 132 -1.000000
163 132 -1.000000
102 133 -1.000000
132 133 -1.000000
133 133 4.000000
134 133 -1.000000
164 133 -1.000000
103 134 -1.000000
133 134 -1.000000
134 134 4.000000
135 134 -1.000000
165 134 -1.000000
104 135 -1.000000
134 135 -1.000000
135 135 4.000000
136 135 -1.000000
166 135 -1.000000
105 136 -1.000000
135 136 -1.000000
136 136 4.000000
137 136 -1.000000
167 136 -1.000000
106 137 -1.000000
136 137 -1.000000
137 137 4.000000
138 137 -1.000000
168 137 -1.000000
107 138 -1.000000
137 138 -1.000000
138 138 4.000000
139 138 -1.000000
169 138 -1.000000
108 139 -1.000000
138 139 -1.000000
139 139 4.000000
140 139 -1.000000
170 139 -1.000000
109 140 -1.000000
139 140 -1.000000
140 140 4.000000
141 140 -1.000000
171 140 -1.000000
110 141 -1.000000
140 141 -1.000000
141 141 4.000000
142 141 -1.000000
172 141 -1.000000
111 142 -1.000000
141 142 -1.000000
142 142 4.000000
143 142 -1.000000
173 142 -1.000000
112 143 -1.000000
142 143 -1.000000
143 143 4.000000
144 143 -1.000000
174 143 -1.000000
113 144 -1.000000
143 144 -1.000000
144 144 4.000000
145 144 -1.000000
175 144 -1.000000
114 145 -1.000000
144 145 -1.000000
145 145 4.000000
146 145 -1.000000
176 145 -1.000000
115 146 -1.000000
145 146 -1.000000
146 146 4.000000
147 146 -1.000000
177 146 -1.000000
116 147 -1.000000
146 147 -1.000000
147 147 4.000000
148 147 -1.000000
178 147 -1.000000
117 148 -1.000000
147 148 -1.000000
148 148 4.000000
149 148 -1.000000
179 148 -1.000000
118 149 -1.000000
148 149 -1.000000
149 149 4.000000
150 149 -1.000000
180 149 -1.000000
119 150 -1.000000
149 150 -1.000000
150 150 4.000000
151 150 -1.000000
181 150 -1.000000
120 151 -1.000000
150 151 -1.000000
151 151 4.000000
152 151 -1.000000
182 151 -1.000000
121 152 -1.000000
151 152 -1.000000
152 152 4.000000
153 152 -1.000000
183 152 -1.000000
122 153 -1.000000
152 153 -1.000000
153 153 4.000000
154 153 -1.000000
184 153 -1.000000
123 154 -1.000000
153 154 -1.000000
154 154 4.000000
155 154 -1.000000
185 154 -1.000000
124 155 -1.000000
154 155 -1.000000
155 155 4.000000
186 155 -1.000000
125 156 -1.000000
156 156 4.000000
157 156 -1.000000
187 156 -1.000000
126 157 -1.000000
156 157 -1.000000
157 157 4.000000
158 157 -1.000000
188 157 -1.000000
127 158 -1.000000
157 158 -1.000000
158 158 4.000000
159 158 -1.000000
189 158 -1.000000
128 159 -1.000000
158 159 -1.000000
159 159 4.000000
160 159 -1.000000
190 159 -1.000000
129 160 -1.000000
159 160 -1.000000
160 160 4.000000
161 160 -1.000000
191 160 -1.000000
130 161 -1.000000
160 161 -1.000000
161 161 4.000000
162 161 -1.000000
192 161 -1.000000
131 162 -1.000000
161 162 -1.000000
162 162 4.000000
163 162 -1.000000
193 162 -1.000000
132 163 -1.000000
162 163 -1.000000
163 163 4.000000
164 163 -1.000000
194 163 -1.000000
133 164 -1.000000
163 164 -1.000000
164 164 4.000000
165 164 -1.000000
195 164 -1.000000
134 165 -1.000000
164 165 -1.000000
165 165 4.000000
166 165 -1.000000
196 165 -1.000000
135 166 -1.000000
165 166 -1.000000
166 166 4.000000
167 166 -1.000000
197 166 -1.000000
136 167 -1.000000
166 167 -1.000000
167 167 4.000000
168 167 -1.000000
198 167 -1.000000
137 168 -1.000000
167 168 -1.000000
168 168 4.000000
169 168 -1.000000
199 168 -1.000000
138 169 -1.000000
168 169 -1.000000
169 169 4.000000
170 169 -1.000000
200 169 -1.000000
139 170 -1.000000
169 170 -1.000000
170 170 4.000000
171 170 -1.000000
201 170 -1.000000
140 171 -1.000000
170 171 -1.000000
171 171 4.000000
172 171 -1.000000
202 171 -1.000000
141 172 -1.000000
171 172 -1.000000
172 172 4.000000
173 172 -1.000000
203 172 -1.000000
142 173 -1.000000
172 173 -1.000000
173 173 4.000000
174 173 -1.000000
204 173 -1.000000
143 174 -1.000000
173 174 -1.000000
174 174 4.000000
175 174 -1.000000
205 174 -1.000000
144 175 -1.000000
174 175 -1.000000
175 175 4.000000
176 175 -1.000000
206 175 -1.000000
145 176 -1.000000
175 176 -1.000000
176 176 4.000000
177 176 -1.000000
207 176 -1.000000
146 177 -1.000000
176 177 -1.000000
177 177 4.000000
178 177 -1.000000
208 177 -1.000000
147 178 -1.000000
177 178 -1.000000
178 178 4.000000
179 178 -1.000000
209 178 -1.000000
148 179 -1.000000
178 179 -1.000000
179 179 4.000000
180 179 -1.000000
210 179 -1.000000
149 180 -1.000000
179 180 -1.000000
180 180 4.000000
181 180 -1.000000
211 180 -1.000000
150 181 -1.000000
180 181 -1.000000
181 181 4.000000
182 181 -1.000000
212 181 -1.000000
151 182 -1.000000
181 182 -1.000000
182 182 4.000000
183 182 -1.000000
213 182 -1.000000
152 183 -1.000000
182 183 -1.000000
183 183 4.000000
184 183 -1.000000
214 183 -1.000000
153 184 -1.000000
183 184 -1.000000
184 184 4.000000
185 184 -1.000000
215 184 -1.000000
154 185 -1.000000
184 185 -1.000000
185 185 4.000000
186 185 -1.000000
216 185 -1.000000
155 186 -1.000000
185 186 -1.000000
186 186 4.000000
217 186 -1.000000
156 187 -1.000000
187 187 4.000000
188 187 -1.000000
218 187 -1.000000
157 188 -1.000000
187 188 -1.000000
188 188 4.000000
189 188 -1.000000
219 188 -1.000000
158 189 -1.000000
188 189 -1.000000
189 189 4.000000
190 189 -1.000000
220 189 -1.000000
159 190 -1.000000
189 190 -1.000000
190 190 4.000000
191 190 -1.000000
221 190 -1.000000
160 191 -1.000000
190 191 -1.000000
191 191 4.000000
192 191 -1.000000
222 191 -1.000000
161 192 -1.000000
191 192 -1.000000
192 192 4.000000
193 192 -1.000000
223 192 -1.000000
162 193 -1.000000
192 193 -1.000000
193 193 4.000000
194 193 -1.000000
224 193 -1.000000
163 194 -1.000000
193 194 -1.000000
194 194 4.000000
195 194 -1.000000
225 194 -1.000000
164 195 -1.000000
194 195 -1.000000
195 195 4.000000
196 195 -1.000000
226 195 -1.000000
165 196 -1.000000
195 196 -1.000000
196 196 4.000000
197 196 -1.000000
227 196 -1.000000
166 197 -1.000000
196 197 -1.000000
197 197 4.000000
198 197 -1.000000
228 197 -1.000000
167 198 -1.000000
197 198 -1.000000
198 198 4.000000
199 198 -1.000000
229 198 -1.000000
168 199 -1.000000
198 199 -1.000000
199 199 4.000000
200 199 -1.000000
230 199 -1.000000
169 200 -1.000000
199 200 -1.000000
200 200 4.000000
201 200 -1.000000
231 200 -1.000000
170 201 -1.000000
200 201 -1.000000
201 201 4.000000
202 201 -1.000000
232 201 -1.000000
171 202 -1.000000
201 202 -1.000000
202 202 4.000000
203 202 -1.000000
233 202 -1.000000
172 203 -1.000000
202 203 -1.000000
203 203 4.000000
204 203 -1.000000
234 203 -1.000000
173 204 -1.000000
203 204 -1.000000
204 204 4.000000
205 204 -1.000000
235 204 -1.000000
174 205 -1.000000
204 205 -1.000000
205 205 4.000000
206 205 -1.000000
236 205 -1.000000
175 206 -1.000000
205 206 -1.000000
206 206 4.000000
207 206 -1.000000
237 206 -1.000000
176 207 -1.000000
206 207 -1.000000
207 207 4.000000
208 207 -1.000000
238 207 -1.000000
177 208 -1.000000
207 208 -1.000000
208 208 4.000000
209 208 -1.000000
239 208 -1.000000
178 209 -1.000000
208 209 -1.000000
209 209 4.000000
210 209 -1.000000
240 209 -1.000000
179 210 -1.000000
209 210 -1.000000
210 210 4.000000
211 210 -1.000000
241 210 -1.000000
180 211 -1.000000
210 211 -1.000000
211 211 4.000000
212 211 -1.000000
242 211 -1.000000
181 212 -1.000000
211 212 -1.000000
212 212 4.000000
213 212 -1.000000
243 212 -1.000000
182 213 -1.000000
212 213 -1.000000
213 213 4.000000
214 213 -1.000000
244 213 -1.000000
183 214 -1.000000
213 214 -1.000000
214 214 4.000000
215 214 -1.000000
245 214 -1.000000
184 215 -1.000000
214 215 -1.000000
215 215 4.000000
216 215 -1.000000
246 215 -1.000000
185 216 -1.000000
215 216 -1.000000
216 216 4.000000
217 216 -1.000000
247 216 -1.000000
186 217 -1.000000
216 217 -1.000000
217 217 4.000000
248 217 -1.000000
187 218 -1.000000
218 218 4.000000
219 218 -1.000000
249 218 -1.000000
188 219 -1.000000
218 219 -1.000000
219 219 4.000000
220 219 -1.000000
250 219 -1.000000
189 220 -1.000000
219 220 -1.000000
220 220 4.000000
221 220 -1.000000
251 220 -1.000000
190 221 -1.000000
220 221 -1.000000
221 221 4.000000
222 221 -1.000000
252 221 -1.000000
191 222 -1.000000
221 222 -1.000000
222 222 4.000000
223 222 -1.000000
253 222 -1.000000
192 223 -1.000000
222 223 -1.000000
223 223 4.000000
224 223 -1.000000
254 223 -1.000000
193 224 -1.000000
223 224 -1.000000
224 224 4.000000
225 224 -1.000000
255 224 -1.000000
194 225 -1.000000
224 225 -1.000000
225 225 4.000000
226 225 -1.000000
256 225 -1.000000
195 226 -1.000000
225 226 -1.000000
226 226 4.000000
227 226 -1.000000
257 226 -1.000000
196 227 -1.000000
226 227 -1.000000
227 227 4.000000
228 227 -1.000000
258 227 -1.000000
197 228 -1.000000
227 228 -1.000000
228 228 4.000000
229 228 -1.000000
259 228 -1.000000
198 229 -1.000000
228 229 -1.000000
229 229 4.000000
230 229 -1.000000
260 229 -1.000000
199 230 -1.000000
229 230 -1.000000
230 230 4.000000
231 230 -1.000000
261 230 -1.000000
200 231 -1.000000
230 231 -1.000000
231 231 4.000000
232 231 -1.000000
262 231 -1.000000
201 232 -1.000000
231 232 -1.000000
232 232 4.000000
233 232 -1.000000
263 232 -1.000000
202 233 -1.000000
232 233 -1.000000
233 233 4.000000
234 233 -1.000000
264 233 -1.000000
203 234 -1.000000
233 234 -1.000000
234 234 4.000000
235 234 -1.000000
265 234 -1.000000
204 235 -1.000000
234 235 -1.000000
235 235 4.000000
236 235 -1.000000
266 235 -1.000000
205 236 -1.000000
235 236 -1.000000
236 236 4.000000
237 236 -1.000000
267 236 -1.000000
206 237 -1.000000
236 237 -1.000000
237 237 4.000000
238 237 -1.000000
268 237 -1.000000
207 238 -1.000000
237 238 -1.000000
238 238 4.000000
239 238 -1.000000
269 238 -1.000000
208 239 -1.000000
238 239 -1.000000
239 239 4.000000
240 239 -1.000000
270 239 -1.000000
209 240 -1.000000
239 240 -1.000000
240 240 4.000000
241 240 -1.000000
271 240 -1.000000
210 241 -1.000000
240 241 -1.000000
241 241 4.000000
242 241 -1.000000
272 241 -1.000000
211 242 -1.000000
241 242 -1.000000
242 242 4.000000
243 242 -1.000000
273 242 -1.000000
212 243 -1.000000
242 243 -1.000000
243 243 4.000000
244 243 -1.000000
274 243 -1.000000
213 244 -1.000000
243 244 -1.000000
244 244 4.000000
245 244 -1.000000
275 244 -1.000000
214 245 -1.000000
244 245 -1.000000
245 245 4.000000
246 245 -1.000000
276 245 -1.000000
215 246 -1.000000
245 246 -1.000000
246 246 4.000000
247 246 -1.000000
277 246 -1.000000
216 247 -1.000000
246 247 -1.000000
247 247 4.000000
248 247 -1.000000
278 247 -1.000000
217 248 -1.000000
247 248 -1.000000
248 248 4.000000
279 248 -1.000000
218 249 -1.000000
249 249 4.000000
250 249 -1.000000
280 249 -1.000000
219 250 -1.000000
249 250 -1.000000
250 250 4.000000
251 250 -1.000000
281 250 -1.000000
220 251 -1.000000
250 251 -1.000000
251 251 4.000000
252 251 -1.000000
282 251 -1.000000
221 252 -1.000000
251 252 -1.000000
252 252 4.000000
253 252 -1.000000
283 252 -1.000000
222 253 -1.000000
252 253 -1.000000
253 253 4.000000
254 253 -1.000000
284 253 -1.000000
223 254 -1.000000
253 254 -1.000000
254 254 4.000000
255 254 -1.000000
285 254 -1.000000
224 255 -1.000000
254 255 -1.000000
255 255 4.000000
256 255 -1.000000
286 255 -1.000000
225 256 -1.000000
255 256 -1.000000
256 256 4.000000
257 256 -1.000000
287 256 -1.000000
226 257 -1.000000
256 257 -1.000000
257 257 4.000000
258 257 -1.000000
288 257 -1.000000
227 258 -1.000000
257 258 -1.000000
258 258 4.000000
259 258 -1.000000
289 258 -1.000000
228 259 -1.000000
258 259 -1.000000
259 259 4.000000
260 259 -1.000000
290 259 -1.000000
229 260 -1.000000
259 260 -1.000000
260 260 4.000000
261 260 -1.000000
291 260 -1.000000
230 261 -1.000000
260 261 -1.000000
261 261 4.000000
262 261 -1.000000
292 261 -1.000000
231 262 -1.000000
261 262 -1.000000
262 262 4.000000
263 262 -1.000000
293 262 -1.000000
232 263 -1.000000
262 263 -1.000000
263 263 4.000000
264 263 -1.000000
294 263 -1.000000
233 264 -1.000000
263 264 -1.000000
264 264 4.000000
265 264 -1.000000
295 264 -1.000000
234 265 -1.000000
264 265 -1.000000
265 265 4.000000
266 265 -1.000000
296 265 -1.000000
235 266 -1.000000
265 266 -1.000000
266 266 4.000000
267 266 -1.000000
297 266 -1.000000
236 267 -1.000000
266 267 -1.000000
267 267 4.000000
268 267 -1.000000
298 267 -1.000000
237 268 -1.000000
267 268 -1.000000
268 268 4.000000
269 268 -1.000000
299 268 -1.000000
238 269 -1.000000
268 269 -1.000000
269 269 4.000000
270 269 -1.000000
300 269 -1.000000
239 270 -1.000000
269 270 -1.000000
270 270 4.000000
271 270 -1.000000
301 270 -1.000000
240 271 -1.000000
270 271 -1.000000
271 271 4.000000
272 271 -1.000000
302 271 -1.000000
241 272 -1.000000
271 272 -1.000000
272 272 4.000000
273 272 -1.000000
303 272 -1.000000
242 273 -1.000000
272 273 -1.000000
273 273 4.000000
274 273 -1.000000
304 273 -1.000000
243 274 -1.000000
273 274 -1.000000
274 274 4.000000
275 274 -1.000000
305 274 -1.000000
244 275 -1.000000
274 275 -1.000000
275 275 4.000000
276 275 -1.000000
306 275 -1.000000
245 276 -1.000000
275 276 -1.000000
276 276 4.000000
277 276 -1.000000
307 276 -1.000000
246 277 -1.000000
276 277 -1.000000
277 277 4.000000
278 277 -1.000000
308 277 -1.000000
247 278 -1.000000
277 278 -1.000000
278 278 4.000000
279 278 -1.000000
309 278 -1.000000
248 279 -1.000000
278 279 -1.000000
279 279 4.000000
310 279 -1.000000
249 280 -1.000000
280 280 4.000000
281 280 -1.000000
311 280 -1.000000
250 281 -1.000000
280 281 -1.000000
281 281 4.000000
282 281 -1.000000
312 281 -1.000000
251 282 -1.000000
281 282 -1.000000
282 282 4.000000
283 282 -1.000000
313 282 -1.000000
252 283 -1.000000
282 283 -1.000000
283 283 4.000000
284 283 -1.000000
314 283 -1.000000
253 284 -1.000000
283 284 -1.000000
284 284 4.000000
285 284 -1.000000
315 284 -1.000000
254 285 -1.000000
284 285 -1.000000
285 285 4.000000
286 285 -1.000000
316 285 -1.000000
255 286 -1.000000
285 286 -1.000000
286 286 4.000000
287 286 -1.000000
317 286 -1.000000
256 287 -1.000000
286 287 -1.000000
287 287 4.000000
288 287 -1.000000
318 287 -1.000000
257 288 -1.000000
287 288 -1.000000
288 288 4.000000
289 288 -1.000000
319 288 -1.000000
258 289 -1.000000
288 289 -1.000000
289 289 4.000000
290 289 -1.000000
320 289 -1.000000
259 290 -1.000000
289 290 -1.000000
290 290 4.000000
291 290 -1.000000
321 290 -1.000000
260 291 -1.000000
290 291 -1.000000
291 291 4.000000
292 291 -1.000000
322 291 -1.000000
261 292 -1.000000
291 292 -1.000000
292 292 4.000000
293 292 -1.000000
323 292 -1.000000
262 293 -1.000000
292 293 -1.000000
293 293 4.000000
294 293 -1.000000
324 293 -1.000000
263 294 -1.000000
293 294 -1.000000
294 294 4.000000
295 294 -1.000000
325 294 -1.000000
264 295 -1.000000
294 295 -1.000000
295 295 4.000000
296 295 -1.000000
326 295 -1.000000
265 296 -1.000000
295 296 -1.000000
296 296 4.000000
297 296 -1.000000
327 296 -1.000000
266 297 -1.000000
296 297 -1.000000
297 297 4.000000
298 297 -1.000000
328 297 -1.000000
267 298 -1.000000
297 298 -1.000000
298 298 4.000000
299 298 -1.000000
329 298 -1.000000
268 299 -1.000000
298 299 -1.000000
299 299 4.000000
300 299 -1.000000
330 299 -1.000000
269 300 -1.000000
299 300 -1.000000
300 300 4.000000
301 300 -1.000000
331 300 -1.000000
270 301 -1.000000
300 301 -1.000000
301 301 4.000000
302 301 -1.000000
332 301 -1.000000
271 302 -1.000000
301 302 -1.000000
302 302 4.000000
303 302 -1.000000
333 302 -1.000000
272 303 -1.000000
302 303 -1.000000
303 303 4.000000
304 303 -1.000000
334 303 -1.000000
273 304 -1.000000
303 304 -1.000000
304 304 4.000000
305 304 -1.000000
335 304 -1.000000
274 305 -1.000000
304 305 -1.000000
305 305 4.000000
306 305 -1.000000
336 305 -1.000000
275 306 -1.000000
305 306 -1.000000
306 306 4.000000
307 306 -1.000000
337 306 -1.000000
276 307 -1.000000
306 307 -1.000000
307 307 4.000000
308 307 -1.000000
338 307 -1.000000
277 308 -1.000000
307 308 -1.000000
308 308 4.000000
309 308 -1.000000
339 308 -1.000000
278 309 -1.000000
308 309 -1.000000
309 309 4.000000
310 309 -1.000000
340 309 -1.000000
279 310 -1.000000
309 310 -1.000000
310 310 4.000000
341 310 -1.000000
280 311 -1.000000
311 311 4.000000
312 311 -1.000000
342 311 -1.000000
281 312 -1.000000
311 312 -1.000000
312 312 4.000000
313 312 -1.000000
343 312 -1.000000
282 313 -1.000000
312 313 -1.000000
313 313 4.000000
314 313 -1.000000
344 313 -1.000000
283 314 -1.000000
313 314 -1.000000
314 314 4.000000
315 314 -1.000000
345 314 -1.000000
284 315 -1.000000
314 315 -1.000000
315 315 4.000000
316 315 -1.000000
346 315 -1.000000
285 316 -1.000000
315 316 -1.000000
316 316 4.000000
317 316 -1.000000
347 316 -1.000000
286 317 -1.000000
316 317 -1.000000
317 317 4.000000
318 317 -1.000000
348 317 -1.000000
287 318 -1.000000
317 318 -1.000000
318 318 4.000000
319 318 -1.000000
349 318 -1.000000
288 319 -1.000000
318 319 -1.000000
319 319 4.000000
320 319 -1.000000
350 319 -1.000000
289 320 -1.000000
319 320 -1.000000
320 320 4.000000
321 320 -1.000000
351 320 -1.000000
290 321 -1.000000
320 321 -1.000000
321 321 4.000000
322 321 -1.000000
352 321 -1.000000
291 322 -1.000000
321 322 -1.000000
322 322 4.000000
323 322 -1.000000
353 322 -1.000000
292 323 -1.000000
322 323 -1.000000
323 323 4.000000
324 323 -1.000000
354 323 -1.000000
293 324 -1.000000
323 324 -1.000000
324 324 4.000000
325 324 -1.000000
355 324 -1.000000
294 325 -1.000000
324 325 -1.000000
325 325 4.000000
326 325 -1.000000
356 325 -1.000000
295 326 -1.000000
325 326 -1.000000
326 326 4.000000
327 326 -1.000000
357 326 -1.000000
296 327 -1.000000
326 327 -1.000000
327 327 4.000000
328 327 -1.000000
358 327 -1.000000
297 328 -1.000000
327 328 -1.000000
328 328 4.000000
329 328 -1.000000
359 328 -1.000000
298 329 -1.000000
328 329 -1.000000
329 329 4.000000
330 329 -1.000000
360 329 -1.000000
299 330 -1.000000
329 330 -1.000000
330 330 4.000000
331 330 -1.000000
361 330 -1.000000
300 331 -1.000000
330 331 -1.000000
331 331 4.000000
332 331 -1.000000
362 331 -1.000000
301 332 -1.000000
331 332 -1.000000
332 332 4.000000
333 332 -1.000000
363 332 -1.000000
302 333 -1.000000
332 333 -1.000000
333 333 4.000000
334 333 -1.000000
364 333 -1.000000
303 334 -1.000000
333 334 -1.000000
334 334 4.000000
335 334 -1.000000
365 334 -1.000000
304 335 -1.000000
334 335 -1.000000
335 335 4.000000
336 335 -1.000000
366 335 -1.000000
305 336 -1.000000
335 336 -1.000000
336 336 4.000000
337 336 -1.000000
367 336 -1.000000
306 337 -1.000000
336 337 -1.000000
337 337 4.000000
338 337 -1.000000
368 337 -1.000000
307 338 -1.000000
337 338 -1.000000
338 338 4.000000
339 338 -1.000000
369 338 -1.000000
308 339 -1.000000
338 339 -1.000000
339 339 4.000000
340 339 -1.000000
370 339 -1.000000
309 340 -1.000000
339 340 -1.000000
340 340 4.000000
341 340 -1.000000
371 340 -1.000000
310 341 -1.000000
340 341 -1.000000
341 341 4.000000
372 341 -1.000000
311 342 -1.000000
342 342 4.000000
343 342 -1.000000
373 342 -1.000000
312 343 -1.000000
342 343 -1.000000
343 343 4.000000
344 343 -1.000000
374 343 -1.000000
313 344 -1.000000
343 344 -1.000000
344 344 4.000000
345 344 -1.000000
375 344 -1.000000
314 345 -1.000000
344 345 -1.000000
345 345 4.000000
346 345 -1.000000
376 345 -1.000000
315 346 -1.000000
345 346 -1.000000
346 346 4.000000
347 346 -1.000000
377 346 -1.000000
316 347 -1.000000
346 347 -1.000000
347 347 4.000000
348 347 -1.000000
378 347 -1.000000
317 348 -1.000000
347 348 -1.000000
348 348 4.000000
349 348 -1.000000
379 348 -1.000000
318 349 -1.000000
348 349 -1.000000
349 349 4.000000
350 349 -1.000000
380 349 -1.000000
319 350 -1.000000
349 350 -1.000000
350 350 4.000000
351 350 -1.000000
381 350 -1.000000
320 351 -1.000000
350 351 -1.000000
351 351 4.000000
352 351 -1.000000
382 351 -1.000000
321 352 -1.000000
351 352 -1.000000
352 352 4.000000
353 352 -1.000000
383 352 -1.000000
322 353 -1.000000
352 353 -1.000000
353 353 4.000000
354 353 -1.000000
384 353 -1.000000
323 354 -1.000000
353 354 -1.000000
354 354 4.000000
355 354 -1.000000
385 354 -1.000000
324 355 -1.000000
354 355 -1.000000
355 355 4.000000
356 355 -1.000000
386 355 -1.000000
325 356 -1.000000
355 356 -1.000000
356 356 4.000000
357 356 -1.000000
387 356 -1.000000
326 357 -1.000000
356 357 -1.000000
357 357 4.000000
358 357 -1.000000
388 357 -1.000000
327 358 -1.000000
357 358 -1.000000
358 358 4.000000
359 358 -1.000000
389 358 -1.000000
328 359 -1.000000
358 359 -1.000000
359 359 4.000000
360 359 -1.000000
390 359 -1.000000
329 360 -1.000000
359 360 -1.000000
360 360 4.000000
361 360 -1.000000
391 360 -1.000000
330 361 -1.000000
360 361 -1.000000
361 361 4.000000
362 361 -1.000000
392 361 -1.000000
331 362 -1.000000
361 362 -1.000000
362 362 4.000000
363 362 -1.000000
393 362 -1.000000
332 363 -1.000000
362 363 -1.000000
363 363 4.000000
364 363 -1.000000
394 363 -1.000000
333 364 -1.000000
363 364 -1.000000
364 364 4.000000
365 364 -1.000000
395 364 -1.000000
334 365 -1.000000
364 365 -1.000000
365 365 4.000000
366 365 -1.000000
396 365 -1.000000
335 366 -1.000000
365 366 -1.000000
366 366 4.000000
367 366 -1.000000
397 366 -1.000000
336 367 -1.000000
366 367 -1.000000
367 367 4.000000
368 367 -1.000000
398 367 -1.000000
337 368 -1.000000
367 368 -1.000000
368 368 4.000000
369 368 -1.000000
399 368 -1.000000
338 369 -1.000000
368 369 -1.000000
369 369 4.000000
370 369 -1.000000
400 369 -1.000000
339 370 -1.000000
369 370 -1.000000
370 370 4.000000
371 370 -1.000000
401 370 -1.000000
340 371 -1.000000
370 371 -1.000000
371 371 4.000000
372 371 -1.000000
402 371 -1.000000
341 372 -1.000000
371 372 -1.000000
372 372 4.000000
403 372 -1.000000
342 373 -1.000000
373 373 4.000000
374 373 -1.000000
404 373 -1.000000
343 374 -1.000000
373 374 -1.000000
374 374 4.000000
375 374 -1.000000
405 374 -1.000000
344 375 -1.000000
374 375 -1.000000
375 375 4.000000
376 375 -1.000000
406 375 -1.000000
345 376 -1.000000
375 376 -1.000000
376 376 4.000000
377 376 -1.000000
407 376 -1.000000
346 377 -1.000000
376 377 -1.000000
377 377 4.000000
378 377 -1.000000
408 377 -1.000000
347 378 -1.000000
377 378 -1.000000
378 378 4.000000
379 378 -1.000000
409 378 -1.000000
348 379 -1.000000
378 379 -1.000000
379 379 4.000000
380 379 -1.000000
410 379 -1.000000
349 380 -1.000000
379 380 -1.000000
380 380 4.000000
381 380 -1.000000
411 380 -1.000000
350 381 -1.000000
380 381 -1.000000
381 381 4.000000
382 381 -1.000000
412 381 -1.000000
351 382 -1.000000
381 382 -1.000000
382 382 4.000000
383 382 -1.000000
413 382 -1.000000
352 383 -1.000000
382 383 -1.000000
383 383 4.000000
384 383 -1.000000
414 383 -1.000000
353 384 -1.000000
383 384 -1.000000
384 384 4.000000
385 384 -1.000000
415 384 -1.000000
354 385 -1.000000
384 385 -1.000000
385 385 4.000000
386 385 -1.000000
416 385 -1.000000
355 386 -1.000000
385 386 -1.000000
386 386 4.000000
387 386 -1.000000
417 386 -1.000000
356 387 -1.000000
386 387 -1.000000
387 387 4.000000
388 387 -1.000000
418 387 -1.000000
357 388 -1.000000
387 388 -1.000000
388 388 4.000000
389 388 -1.000000
419 388 -1.000000
358 389 -1.000000
388 389 -1.000000
389 389 4.000000
390 389 -1.000000
420 389 -1.000000
359 390 -1.000000
389 390 -1.000000
390 390 4.000000
391 390 -1.000000
421 390 -1.000000
360 391 -1.000000
390 391 -1.000000
391 391 4.000000
392 391 -1.000000
422 391 -1.000000
361 392 -1.000000
391 392 -1.000000
392 392 4.000000
393 392 -1.000000
423 392 -1.000000
362 393 -1.000000
392 393 -1.000000
393 393 4.000000
394 393 -1.000000
424 393 -1.000000
363 394 -1.000000
393 394 -1.000000
394 394 4.000000
395 394 -1.000000
425 394 -1.000000
364 395 -1.000000
394 395 -1.000000
395 395 4.000000
396 395 -1.000000
426 395 -1.000000
365 396 -1.000000
395 396 -1.000000
396 396 4.000000
397 396 -1.000000
427 396 -1.000000
366 397 -1.000000
396 397 -1.000000
397 397 4.000000
398 397 -1.000000
428 397 -1.000000
367 398 -1.000000
397 398 -1.000000
398 398 4.000000
399 398 -1.000000
429 398 -1.000000
368 399 -1.000000
398 399 -1.000000
399 399 4.000000
400 399 -1.000000
430 399 -1.000000
369 400 -1.000000
399 400 -1.000000
400 400 4.000000
401 400 -1.000000
431 400 -1.000000
370 401 -1.000000
400 401 -1.000000
401 401 4.000000
402 401 -1.000000
432 401 -1.000000
371 402 -1.000000
401 402 -1.000000
402 402 4.000000
403 402 -1.000000
433 402 -1.000000
372 403 -1.000000
402 403 -1.000000
403 403 4.000000
434 403 -1.000000
373 404 -1.000000
404 404 4.000000
405 404 -1.000000
435 404 -1.000000
374 405 -1.000000
404 405 -1.000000
405 405 4.000000
406 405 -1.000000
436 405 -1.000000
375 406 -1.000000
405 406 -1.000000
406 406 4.000000
407 406 -1.000000
437 406 -1.000000
376 407 -1.000000
406 407 -1.000000
407 407 4.000000
408 407 -1.000000
438 407 -1.000000
377 408 -1.000000
407 408 -1.000000
408 408 4.000000
409 408 -1.000000
439 408 -1.000000
378 409 -1.000000
408 409 -1.000000
409 409 4.000000
410 409 -1.000000
440 409 -1.000000
379 410 -1.000000
409 410 -1.000000
410 410 4.000000
411 410 -1.000000
441 410 -1.000000
380 411 -1.000000
410 411 -1.000000
411 411 4.000000
412 411 -1.000000
442 411 -1.000000
381 412 -1.000000
411 412 -1.000000
412 412 4.000000
413 412 -1.000000
443 412 -1.000000
382 413 -1.000000
412 413 -1.000000
413 413 4.000000
414 413 -1.000000
444 413 -1.000000
383 414 -1.000000
413 414 -1.000000
414 414 4.000000
415 414 -1.000000
445 414 -1.000000
384 415 -1.000000
414 415 -1.000000
415 415 4.000000
416 415 -1.000000
446 415 -1.000000
385 416 -1.000000
415 416 -1.000000
416 416 4.000000
417 416 -1.000000
447 416 -1.000000
386 417 -1.000000
416 417 -1.000000
417 417 4.000000
418 417 -1.000000
448 417 -1.000000
387 418 -1.000000
417 418 -1.000000
418 418 4.000000
419 418 -1.000000
449 418 -1.000000
388 419 -1.000000
418 419 -1.000000
419 419 4.000000
420 419 -1.000000
450 419 -1.000000
389 420 -1.000000
419 420 -1.000000
420 420 4.000000
421 420 -1.000000
451 420 -1.000000
390 421 -1.000000
420 421 -1.000000
421 421 4.000000
422 421 -1.000000
452 421 -1.000000
391 422 -1.000000
421 422 -1.000000
422 422 4.000000
423 422 -1.000000
453 422 -1.000000
392 423 -1.000000
422 423 -1.000000
423 423 4.000000
424 423 -1.000000
454 423 -1.000000
393 424 -1.000000
423 424 -1.000000
424 424 4.000000
425 424 -1.000000
455 424 -1.000000
394 425 -1.000000
424 425 -1.000000
425 425 4.000000
426 425 -1.000000
456 425 -1.000000
395 426 -1.000000
425 426 -1.000000
426 426 4.000000
427 426 -1.000000
457 426 -1.000000
396 427 -1.000000
426 427 -1.000000
427 427 4.000000
428 427 -1.000000
458 427 -1.000000
397 428 -1.000000
427 428 -1.000000
428 428 4.000000
429 428 -1.000000
459 428 -1.000000
398 429 -1.000000
428 429 -1.000000
429 429 4.000000
430 429 -1.000000
460 429 -1.000000
399 430 -1.000000
429 430 -1.000000
430 430 4.000000
431 430 -1.000000
461 430 -1.000000
400 431 -1.000000
430 431 -1.000000
431 431 4.000000
432 431 -1.000000
462 431 -1.000000
401 432 -1.000000
431 432 -1.000000
432 432 4.000000
433 432 -1.000000
463 432 -1.000000
402 433 -1.000000
432 433 -1.000000
433 433 4.000000
434 433 -1.000000
464 433 -1.000000
403 434 -1.000000
433 434 -1.000000
434 434 4.000000
465 434 -1.000000
404 435 -1.000000
435 435 4.000000
436 435 -1.000000
466 435 -1.000000
405 436 -1.000000
435 436 -1.000000
436 436 4.000000
437 436 -1.000000
467 436 -1.000000
406 437 -1.000000
436 437 -1.000000
437 437 4.000000
438 437 -1.000000
468 437 -1.000000
407 438 -1.000000
437 438 -1.000000
438 438 4.000000
439 438 -1.000000
469 438 -1.000000
408 439 -1.000000
438 439 -1.000000
439 439 4.000000
440 439 -1.000000
470 439 -1.000000
409 440 -1.000000
439 440 -1.000000
440 440 4.000000
441 440 -1.000000
471 440 -1.000000
410 441 -1.000000
440 441 -1.000000
441 441 4.000000
442 441 -1.000000
472 441 -1.000000
411 442 -1.000000
441 442 -1.000000
442 442 4.000000
443 442 -1.000000
473 442 -1.000000
412 443 -1.000000
442 443 -1.000000
443 443 4.000000
444 443 -1.000000
474 443 -1.000000
413 444 -1.000000
443 444 -1.000000
444 444 4.000000
445 444 -1.000000
475 444 -1.000000
414 445 -1.000000
444 445 -1.000000
445 445 4.000000
446 445 -1.000000
476 445 -1.000000
415 446 -1.000000
445 446 -1.000000
446 446 4.000000
447 446 -1.000000
477 446 -1.000000
416 447 -1.000000
446 447 -1.000000
447 447 4.000000
448 447 -1.000000
478 447 -1.000000
417 448 -1.000000
447 448 -1.000000
448 448 4.000000
449 448 -1.000000
479 448 -1.000000
418 449 -1.000000
448 449 -1.000000
449 449 4.000000
450 449 -1.000000
480 449 -1.000000
419 450 -1.000000
449 450 -1.000000
450 450 4.000000
451 450 -1.000000
481 450 -1.000000
420 451 -1.000000
450 451 -1.000000
451 451 4.000000
452 451 -1.000000
482 451 -1.000000
421 452 -1.000000
451 452 -1.000000
452 452 4.000000
453 452 -1.000000
483 452 -1.000000
422 453 -1.000000
452 453 -1.000000
453 453 4.000000
454 453 -1.000000
484 453 -1.000000
423 454 -1.000000
453 454 -1.000000
454 454 4.000000
455 454 -1.000000
485 454 -1.000000
424 455 -1.000000
454 455 -1.000000
455 455 4.000000
456 455 -1.000000
486 455 -1.000000
425 456 -1.000000
455 456 -1.000000
456 456 4.000000
457 456 -1.000000
487 456 -1.000000
426 457 -1.000000
456 457 -1.000000
457 457 4.000000
458 457 -1.000000
488 457 -1.000000
427 458 -1.000000
457 458 -1.000000
458 458 4.000000
459 458 -1.000000
489 458 -1.000000
428 459 -1.000000
458 459 -1.000000
459 459 4.000000
460 459 -1.000000
490 459 -1.000000
429 460 -1.000000
459 460 -1.000000
460 460 4.000000
461 460 -1.000000
491 460 -1.000000
430 461 -1.000000
460 461 -1.000000
461 461 4.000000
462 461 -1.000000
492 461 -1.000000
431 462 -1.000000
461 462 -1.000000
462 462 4.000000
463 462 -1.000000
493 462 -1.000000
432 463 -1.000000
462 463 -1.000000
463 463 4.000000
464 463 -1.000000
494 463 -1.000000
433 464 -1.000000
463 464 -1.000000
464 464 4.000000
465 464 -1.000000
495 464 -1.000000
434 465 -1.000000
464 465 -1.000000
465 465 4.000000
496 465 -1.000000
435 466 -1.000000
466 466 4.000000
467 466 -1.000000
497 466 -1.000000
436 467 -1.000000
466 467 -1.000000
467 467 4.000000
468 467 -1.000000
498 467 -1.000000
437 468 -1.000000
467 468 -1.000000
468 468 4.000000
469 468 -1.000000
499 468 -1.000000
438 469 -1.000000
468 469 -1.000000
469 469 4.000000
470 469 -1.000000
500 469 -1.000000
439 470 -1.000000
469 470 -1.000000
470 470 4.000000
471 470 -1.000000
501 470 -1.000000
440 471 -1.000000
470 471 -1.000000
471 471 4.000000
472 471 -1.000000
502 471 -1.000000
441 472 -1.000000
471 472 -1.000000
472 472 4.000000
473 472 -1.000000
503 472 -1.000000
442 473 -1.000000
472 473 -1.000000
473 473 4.000000
474 473 -1.000000
504 473 -1.000000
443 474 -1.000000
473 474 -1.000000
474 474 4.000000
475 474 -1.000000
505 474 -1.000000
444 475 -1.000000
474 475 -1.000000
475 475 4.000000
476 475 -1.000000
506 475 -1.000000
445 476 -1.000000
475 476 -1.000000
476 476 4.000000
477 476 -1.000000
507 476 -1.000000
446 477 -1.000000
476 477 -1.000000
477 477 4.000000
478 477 -1.000000
508 477 -1.000000
447 478 -1.000000
477 478 -1.000000
478 478 4.000000
479 478 -1.000000
509 478 -1.000000
448 479 -1.000000
478 479 -1.000000
479 479 4.000000
480 479 -1.000000
510 479 -1.000000
449 480 -1.000000
479 480 -1.000000
480 480 4.000000
481 480 -1.000000
511 480 -1.000000
450 481 -1.000000
480 481 -1.000000
481 481 4.000000
482 481 -1.000000
512 481 -1.000000
451 482 -1.000000
481 482 -1.000000
482 482 4.000000
483 482 -1.000000
513 482 -1.000000
452 483 -1.000000
482 483 -1.000000
483 483 4.000000
484 483 -1.000000
514 483 -1.000000
453 484 -1.000000
483 484 -1.000000
484 484 4.000000
485 484 -1.000000
515 484 -1.000000
454 485 -1.000000
484 485 -1.000000
485 485 4.000000
486 485 -1.000000
516 485 -1.000000
455 486 -1.000000
485 486 -1.000000
486 486 4.000000
487 486 -1.000000
517 486 -1.000000
456 487 -1.000000
486 487 -1.000000
487 487 4.000000
488 487 -1.000000
518 487 -1.000000
457 488 -1.000000
487 488 -1.000000
488 488 4.000000
489 488 -1.000000
519 488 -1.000000
458 489 -1.000000
488 489 -1.000000
489 489 4.000000
490 489 -1.000000
520 489 -1.000000
459 490 -1.000000
489 490 -1.000000
490 490 4.000000
491 490 -1.000000
521 490 -1.000000
460 491 -1.000000
490 491 -1.000000
491 491 4.000000
492 491 -1.000000
522 491 -1.000000
461 492 -1.000000
491 492 -1.000000
492 492 4.000000
493 492 -1.000000
523 492 -1.000000
462 493 -1.000000
492 493 -1.000000
493 493 4.000000
494 493 -1.000000
524 493 -1.000000
463 494 -1.000000
493 494 -1.000000
494 494 4.000000
495 494 -1.000000
525 494 -1.000000
464 495 -1.000000
494 495 -1.000000
495 495 4.000000
496 495 -1.000000
526 495 -1.000000
465 496 -1.000000
495 496 -1.000000
496 496 4.000000
527 496 -1.000000
466 497 -1.000000
497 497 4.000000
498 497 -1.000000
528 497 -1.000000
467 498 -1.000000
497 498 -1.000000
498 498 4.000000
499 498 -1.000000
529 498 -1.000000
468 499 -1.000000
498 499 -1.000000
499 499 4.000000
500 499 -1.000000
530 499 -1.000000
469 500 -1.000000
499 500 -1.000000
500 500 4.000000
501 500 -1.000000
531 500 -1.000000
470 501 -1.000000
500 501 -1.000000
501 501 4.000000
502 501 -1.000000
532 501 -1.000000
471 502 -1.000000
501 502 -1.000000
502 502 4.000000
503 502 -1.000000
533 502 -1.000000
472 503 -1.000000
502 503 -1.000000
503 503 4.000000
504 503 -1.000000
534 503 -1.000000
473 504 -1.000000
503 504 -1.000000
504 504 4.000000
505 504 -1.000000
535 504 -1.000000
474 505 -1.000000
504 505 -1.000000
505 505 4.000000
506 505 -1.000000
536 505 -1.000000
475 506 -1.000000
505 506 -1.000000
506 506 4.000000
507 506 -1.000000
537 506 -1.000000
476 507 -1.000000
506 507 -1.000000
507 507 4.000000
508 507 -1.000000
538 507 -1.000000
477 508 -1.000000
507 508 -1.000000
508 508 4.000000
509 508 -1.000000
539 508 -1.000000
478 509 -1.000000
508 509 -1.000000
509 509 4.000000
510 509 -1.000000
540 509 -1.000000
479 510 -1.000000
509 510 -1.000000
510 510 4.000000
511 510 -1.000000
541 510 -1.000000
480 511 -1.000000
510 511 -1.000000
511 511 4.000000
512 511 -1.000000
542 511 -1.000000
481 512 -1.000000
511 512 -1.000000
512 512 4.000000
513 512 -1.000000
543 512 -1.000000
482 513 -1.000000
512 513 -1.000000
513 513 4.000000
514 513 -1.000000
544 513 -1.000000
483 514 -1.000000
513 514 -1.000000
514 514 4.000000
515 514 -1.000000
545 514 -1.000000
484 515 -1.000000
514 515 -1.000000
515 515 4.000000
516 515 -1.000000
546 515 -1.000000
485 516 -1.000000
515 516 -1.000000
516 516 4.000000
517 516 -1.000000
547 516 -1.000000
486 517 -1.000000
516 517 -1.000000
517 517 4.000000
518 517 -1.000000
548 517 -1.000000
487 518 -1.000000
517 518 -1.000000
518 518 4.000000
519 518 -1.000000
549 518 -1.000000
488 519 -1.000000
518 519 -1.000000
519 519 4.000000
520 519 -1.000000
550 519 -1.000000
489 520 -1.000000
519 520 -1.000000
520 520 4.000000
521 520 -1.000000
551 520 -1.000000
490 521 -1.000000
520 521 -1.000000
521 521 4.000000
522 521 -1.000000
552 521 -1.000000
491 522 -1.000000
521 522 -1.000000
522 522 4.000000
523 522 -1.000000
553 522 -1.000000
492 523 -1.000000
522 523 -1.000000
523 523 4.000000
524 523 -1.000000
554 523 -1.000000
493 524 -1.000000
523 524 -1.000000
524 524 4.000000
525 524 -1.000000
555 524 -1.000000
494 525 -1.000000
524 525 -1.000000
525 525 4.000000
526 525 -1.000000
556 525 -1.000000
495 526 -1.000000
525 526 -1.000000
526 526 4.000000
527 526 -1.000000
557 526 -1.000000
496 527 -1.000000
526 527 -1.000000
527 527 4.000000
558 527 -1.000000
497 528 -1.000000
528 528 4.000000
529 528 -1.000000
559 528 -1.000000
498 529 -1.000000
528 529 -1.000000
529 529 4.000000
530 529 -1.000000
560 529 -1.000000
499 530 -1.000000
529 530 -1.000000
530 530 4.000000
531 530 -1.000000
561 530 -1.000000
500 531 -1.000000
530 531 -1.000000
531 531 4.000000
532 531 -1.000000
562 531 -1.000000
501 532 -1.000000
531 532 -1.000000
532 532 4.000000
533 532 -1.000000
563 532 -1.000000
502 533 -1.000000
532 533 -1.000000
533 533 4.000000
534 533 -1.000000
564 533 -1.000000
503 534 -1.000000
533 534 -1.000000
534 534 4.000000
535 534 -1.000000
565 534 -1.000000
504 535 -1.000000
534 535 -1.000000
535 535 4.000000
536 535 -1.000000
566 535 -1.000000
505 536 -1.000000
535 536 -1.000000
536 536 4.000000
537 536 -1.000000
567 536 -1.000000
506 537 -1.000000
536 537 -1.000000
537 537 4.000000
538 537 -1.000000
568 537 -1.000000
507 538 -1.000000
537 538 -1.000000
538 538 4.000000
539 538 -1.000000
569 538 -1.000000
508 539 -1.000000
538 539 -1.000000
539 539 4.000000
540 539 -1.000000
570 539 -1.000000
509 540 -1.000000
539 540 -1.000000
540 540 4.000000
541 540 -1.000000
571 540 -1.000000
510 541 -1.000000
540 541 -1.000000
541 541 4.000000
542 541 -1.000000
572 541 -1.000000
511 542 -1.000000
541 542 -1.000000
542 542 4.000000
543 542 -1.000000
573 542 -1.000000
512 543 -1.000000
542 543 -1.000000
543 543 4.000000
544 543 -1.000000
574 543 -1.000000
513 544 -1.000000
543 544 -1.000000
544 544 4.000000
545 544 -1.000000
575 544 -1.000000
514 545 -1.000000
544 545 -1.000000
545 545 4.000000
546 545 -1.000000
576 545 -1.000000
515 546 -1.000000
545 546 -1.000000
546 546 4.000000
547 546 -1.000000
577 546 -1.000000
516 547 -1.000000
546 547 -1.000000
547 547 4.000000
548 547 -1.000000
578 547 -1.000000
517 548 -1.000000
547 548 -1.000000
548 548 4.000000
549 548 -1.000000
579 548 -1.000000
518 549 -1.000000
548 549 -1.000000
549 549 4.000000
550 549 -1.000000
580 549 -1.000000
519 550 -1.000000
549 550 -1.000000
550 550 4.000000
551 550 -1.000000
581 550 -1.000000
520 551 -1.000000
550 551 -1.000000
551 551 4.000000
552 551 -1.000000
582 551 -1.000000
521 552 -1.000000
551 552 -1.000000
552 552 4.000000
553 552 -1.000000
583 552 -1.000000
522 553 -1.000000
552 553 -1.000000
553 553 4.000000
554 553 -1.000000
584 553 -1.000000
523 554 -1.000000
553 554 -1.000000
554 554 4.000000
555 554 -1.000000
585 554 -1.000000
524 555 -1.000000
554 555 -1.000000
555 555 4.000000
556 555 -1.000000
586 555 -1.000000
525 556 -1.000000
555 556 -1.000000
556 556 4.000000
557 556 -1.000000
587 556 -1.000000
526 557 -1.000000
556 557 -1.000000
557 557 4.000000
558 557 -1.000000
588 557 -1.000000
527 558 -1.000000
557 558 -1.000000
558 558 4.000000
589 558 -1.000000
528 559 -1.000000
559 559 4.000000
560 559 -1.000000
590 559 -1.000000
529 560 -1.000000
559 560 -1.000000
560 560 4.000000
561 560 -1.000000
591 560 -1.000000
530 561 -1.000000
560 561 -1.000000
561 561 4.000000
562 561 -1.000000
592 561 -1.000000
531 562 -1.000000
561 562 -1.000000
562 562 4.000000
563 562 -1.000000
593 562 -1.000000
532 563 -1.000000
562 563 -1.000000
563 563 4.000000
564 563 -1.000000
594 563 -1.000000
533 564 -1.000000
563 564 -1.000000
564 564 4.000000
565 564 -1.000000
595 564 -1.000000
534 565 -1.000000
564 565 -1.000000
565 565 4.000000
566 565 -1.000000
596 565 -1.000000
535 566 -1.000000
565 566 -1.000000
566 566 4.000000
567 566 -1.000000
597 566 -1.000000
536 567 -1.000000
566 567 -1.000000
567 567 4.000000
568 567 -1.000000
598 567 -1.000000
537 568 -1.000000
567 568 -1.000000
568 568 4.000000
569 568 -1.000000
599 568 -1.000000
538 569 -1.000000
568 569 -1.000000
569 569 4.000000
570 569 -1.000000
600 569 -1.000000
539 570 -1.000000
569 570 -1.000000
570 570 4.000000
571 570 -1.000000
601 570 -1.000000
540 571 -1.000000
570 571 -1.000000
571 571 4.000000
572 571 -1.000000
602 571 -1.000000
541 572 -1.000000
571 572 -1.000000
572 572 4.000000
573 572 -1.000000
603 572 -1.000000
542 573 -1.000000
572 573 -1.000000
573 573 4.000000
574 573 -1.000000
604 573 -1.000000
543 574 -1.000000
573 574 -1.000000
574 574 4.000000
575 574 -1.000000
605 574 -1.000000
544 575 -1.000000
574 575 -1.000000
575 575 4.000000
576 575 -1.000000
606 575 -1.000000
545 576 -1.000000
575 576 -1.000000
576 576 4.000000
577 576 -1.000000
607 576 -1.000000
546 577 -1.000000
576 577 -1.000000
577 577 4.000000
578 577 -1.000000
608 577 -1.000000
547 578 -1.000000
577 578 -1.000000
578 578 4.000000
579 578 -1.000000
609 578 -1.000000
548 579 -1.000000
578 579 -1.000000
579 579 4.000000
580 579 -1.000000
610 579 -1.000000
549 580 -1.000000
579 580 -1.000000
580 580 4.000000
581 580 -1.000000
611 580 -1.000000
550 581 -1.000000
580 581 -1.000000
581 581 4.000000
582 581 -1.000000
612 581 -1.000000
551 582 -1.000000
581 582 -1.000000
582 582 4.000000
583 582 -1.000000
613 582 -1.000000
552 583 -1.000000
582 583 -1.000000
583 583 4.000000
584 583 -1.000000
614 583 -1.000000
553 584 -1.000000
583 584 -1.000000
584 584 4.000000
585 584 -1.000000
615 584 -1.000000
554 585 -1.000000
584 585 -1.000000
585 585 4.000000
586 585 -1.000000
616 585 -1.000000
555 586 -1.000000
585 586 -1.000000
586 586 4.000000
587 586 -1.000000
617 586 -1.000000
556 587 -1.000000
586 587 -1.000000
587 587 4.000000
588 587 -1.000000
618 587 -1.000000
557 588 -1.000000
587 588 -1.000000
588 588 4.000000
589 588 -1.000000
619 588 -1.000000
558 589 -1.000000
588 589 -1.000000
589 589 4.000000
620 589 -1.000000
559 590 -1.000000
590 590 4.000000
591 590 -1.000000
621 590 -1.000000
560 591 -1.000000
590 591 -1.000000
591 591 4.000000
592 591 -1.000000
622 591 -1.000000
561 592 -1.000000
591 592 -1.000000
592 592 4.000000
593 592 -1.000000
623 592 -1.000000
562 593 -1.000000
592 593 -1.000000
593 593 4.000000
594 593 -1.000000
624 593 -1.000000
563 594 -1.000000
593 594 -1.000000
594 594 4.000000
595 594 -1.000000
625 594 -1.000000
564 595 -1.000000
594 595 -1.000000
595 595 4.000000
596 595 -1.000000
626 595 -1.000000
565 596 -1.000000
595 596 -1.000000
596 596 4.000000
597 596 -1.000000
627 596 -1.000000
566 597 -1.000000
596 597 -1.000000
597 597 4.000000
598 597 -1.000000
628 597 -1.000000
567 598 -1.000000
597 598 -1.000000
598 598 4.000000
599 598 -1.000000
629 598 -1.000000
568 599 -1.000000
598 599 -1.000000
599 599 4.000000
600 599 -1.000000
630 599 -1.000000
569 600 -1.000000
599 600 -1.000000
600 600 4.000000
601 600 -1.000000
631 600 -1.000000
570 601 -1.000000
600 601 -1.000000
601 601 4.000000
602 601 -1.000000
632 601 -1.000000
571 602 -1.000000
601 602 -1.000000
602 602 4.000000
603 602 -1.000000
633 602 -1.000000
572 603 -1.000000
602 603 -1.000000
603 603 4.000000
604 603 -1.000000
634 603 -1.000000
573 604 -1.000000
603 604 -1.000000
604 604 4.000000
605 604 -1.000000
635 604 -1.000000
574 605 -1.000000
604 605 -1.000000
605 605 4.000000
606 605 -1.000000
636 605 -1.000000
575 606 -1.000000
605 606 -1.000000
606 606 4.000000
607 606 -1.000000
637 606 -1.000000
576 607 -1.000000
606 607 -1.000000
607 607 4.000000
608 607 -1.000000
638 607 -1.000000
577 608 -1.000000
607 608 -1.000000
608 608 4.000000
609 608 -1.000000
639 608 -1.000000
578 609 -1.000000
608 609 -1.000000
609 609 4.000000
610 609 -1.000000
640 609 -1.000000
579 610 -1.000000
609 610 -1.000000
610 610 4.000000
611 610 -1.000000
641 610 -1.000000
580 611 -1.000000
610 611 -1.000000
611 611 4.000000
612 611 -1.000000
642 611 -1.000000
581 612 -1.000000
611 612 -1.000000
612 612 4.000000
613 612 -1.000000
643 612 -1.000000
582 613 -1.000000
612 613 -1.000000
613 613 4.000000
614 613 -1.000000
644 613 -1.000000
583 614 -1.000000
613 614 -1.000000
614 614 4.000000
615 614 -1.000000
645 614 -1.000000
584 615 -1.000000
614 615 -1.000000
615 615 4.000000
616 615 -1.000000
646 615 -1.000000
585 616 -1.000000
615 616 -1.000000
616 616 4.000000
617 616 -1.000000
647 616 -1.000000
586 617 -1.000000
616 617 -1.000000
617 617 4.000000
618 617 -1.000000
648 617 -1.000000
587 618 -1.000000
617 618 -1.000000
618 618 4.000000
619 618 -1.000000
649 618 -1.000000
588 619 -1.000000
618 619 -1.000000
619 619 4.000000
620 619 -1.000000
650 619 -1.000000
589 620 -1.000000
619 620 -1.000000
620 620 4.000000
651 620 -1.000000
590 621 -1.000000
621 621 4.000000
622 621 -1.000000
652 621 -1.000000
591 622 -1.000000
621 622 -1.000000
622 622 4.000000
623 622 -1.000000
653 622 -1.000000
592 623 -1.000000
622 623 -1.000000
623 623 4.000000
624 623 -1.000000
654 623 -1.000000
593 624 -1.000000
623 624 -1.000000
624 624 4.000000
625 624 -1.000000
655 624 -1.000000
594 625 -1.000000
624 625 -1.000000
625 625 4.000000
626 625 -1.000000
656 625 -1.000000
595 626 -1.000000
625 626 -1.000000
626 626 4.000000
627 626 -1.000000
657 626 -1.000000
596 627 -1.000000
626 627 -1.000000
627 627 4.000000
628 627 -1.000000
658 627 -1.000000
597 628 -1.000000
627 628 -1.000000
628 628 4.000000
629 628 -1.000000
659 628 -1.000000
598 629 -1.000000
628 629 -1.000000
629 629 4.000000
630 629 -1.000000
660 629 -1.000000
599 630 -1.000000
629 630 -1.000000
630 630 4.000000
631 630 -1.000000
661 630 -1.000000
600 631 -1.000000
630 631 -1.000000
631 631 4.000000
632 631 -1.000000
662 631 -1.000000
601 632 -1.000000
631 632 -1.000000
632 632 4.000000
633 632 -1.000000
663 632 -1.000000
602 633 -1.000000
632 633 -1.000000
633 633 4.000000
634 633 -1.000000
664 633 -1.000000
603 634 -1.000000
633 634 -1.000000
634 634 4.000000
635 634 -1.000000
665 634 -1.000000
604 635 -1.000000
634 635 -1.000000
635 635 4.000000
636 635 -1.000000
666 635 -1.000000
605 636 -1.000000
635 636 -1.000000
636 636 4.000000
637 636 -1.000000
667 636 -1.000000
606 637 -1.000000
636 637 -1.000000
637 637 4.000000
638 637 -1.000000
668 637 -1.000000
607 638 -1.000000
637 638 -1.000000
638 638 4.000000
639 638 -1.000000
669 638 -1.000000
608 639 -1.000000
638 639 -1.000000
639 639 4.000000
640 639 -1.000000
670 639 -1.000000
609 640 -1.000000
639 640 -1.000000
640 640 4.000000
641 640 -1.000000
671 640 -1.000000
610 641 -1.000000
640 641 -1.000000
641 641 4.000000
642 641 -1.000000
672 641 -1.000000
611 642 -1.000000
641 642 -1.000000
642 642 4.000000
643 642 -1.000000
673 642 -1.000000
612 643 -1.000000
642 643 -1.000000
643 643 4.000000
644 643 -1.000000
674 643 -1.000000
613 644 -1.000000
643 644 -1.000000
644 644 4.000000
645 644 -1.000000
675 644 -1.000000
614 645 -1.000000
644 645 -1.000000
645 645 4.000000
646 645 -1.000000
676 645 -1.000000
615 646 -1.000000
645 646 -1.000000
646 646 4.000000
647 646 -1.000000
677 646 -1.000000
616 647 -1.000000
646 647 -1.000000
647 647 4.000000
648 647 -1.000000
678 647 -1.000000
617 648 -1.000000
647 648 -1.000000
648 648 4.000000
649 648 -1.000000
679 648 -1.000000
618 649 -1.000000
648 649 -1.000000
649 649 4.000000
650 649 -1.000000
680 649 -1.000000
619 650 -1.000000
649 650 -1.000000
650 650 4.000000
651 650 -1.000000
681 650 -1.000000
620 651 -1.000000
650 651 -1.000000
651 651 4.000000
682 651 -1.000000
621 652 -1.000000
652 652 4.000000
653 652 -1.000000
683 652 -1.000000
622 653 -1.000000
652 653 -1.000000
653 653 4.000000
654 653 -1.000000
684 653 -1.000000
623 654 -1.000000
653 654 -1.000000
654 654 4.000000
655 654 -1.000000
685 654 -1.000000
624 655 -1.000000
654 655 -1.000000
655 655 4.000000
656 655 -1.000000
686 655 -1.000000
625 656 -1.000000
655 656 -1.000000
656 656 4.000000
657 656 -1.000000
687 656 -1.000000
626 657 -1.000000
656 657 -1.000000
657 657 4.000000
658 657 -1.000000
688 657 -1.000000
627 658 -1.000000
657 658 -1.000000
658 658 4.000000
659 658 -1.000000
689 658 -1.000000
628 659 -1.000000
658 659 -1.000000
659 659 4.000000
660 659 -1.000000
690 659 -1.000000
629 660 -1.000000
659 660 -1.000000
660 660 4.000000
661 660 -1.000000
691 660 -1.000000
630 661 -1.000000
660 661 -1.000000
661 661 4.000000
662 661 -1.000000
692 661 -1.000000
631 662 -1.000000
661 662 -1.000000
662 662 4.000000
663 662 -1.000000
693 662 -1.000000
632 663 -1.000000
662 663 -1.000000
663 663 4.000000
664 663 -1.000000
694 663 -1.000000
633 664 -1.000000
663 664 -1.000000
664 664 4.000000
665 664 -1.000000
695 664 -1.000000
634 665 -1.000000
664 665 -1.000000
665 665 4.000000
666 665 -1.000000
696 665 -1.000000
635 666 -1.000000
665 666 -1.000000
666 666 4.000000
667 666 -1.000000
697 666 -1.000000
636 667 -1.000000
666 667 -1.000000
667 667 4.000000
668 667 -1.000000
698 667 -1.000000
637 668 -1.000000
667 668 -1.000000
668 668 4.000000
669 668 -1.000000
699 668 -1.000000
638 669 -1.000000
668 669 -1.000000
669 669 4.000000
670 669 -1.000000
700 669 -1.000000
639 670 -1.000000
669 670 -1.000000
670 670 4.000000
671 670 -1.000000
701 670 -1.000000
640 671 -1.000000
670 671 -1.000000
671 671 4.000000
672 671 -1.000000
702 671 -1.000000
641 672 -1.000000
671 672 -1.000000
672 672 4.000000
673 672 -1.000000
703 672 -1.000000
642 673 -1.000000
672 673 -1.000000
673 673 4.000000
674 673 -1.000000
704 673 -1.000000
643 674 -1.000000
673 674 -1.000000
674 674 4.000000
675 674 -1.000000
705 674 -1.000000
644 675 -1.000000
674 675 -1.000000
675 675 4.000000
676 675 -1.000000
706 675 -1.000000
645 676 -1.000000
675 676 -1.000000
676 676 4.000000
677 676 -1.000000
707 676 -1.000000
646 677 -1.000000
676 677 -1.000000
677 677 4.000000
678 677 -1.000000
708 677 -1.000000
647 678 -1.000000
677 678 -1.000000
678 678 4.000000
679 678 -1.000000
709 678 -1.000000
648 679 -1.000000
678 679 -1.000000
679 679 4.000000
680 679 -1.000000
710 679 -1.000000
649 680 -1.000000
679 680 -1.000000
680 680 4.000000
681 680 -1.000000
711 680 -1.000000
650 681 -1.000000
680 681 -1.000000
681 681 4.000000
682 681 -1.000000
712 681 -1.000000
651 682 -1.000000
681 682 -1.000000
682 682 4.000000
713 682 -1.000000
652 683 -1.000000
683 683 4.000000
684 683 -1.000000
714 683 -1.000000
653 684 -1.000000
683 684 -1.000000
684 684 4.000000
685 684 -1.000000
715 684 -1.000000
654 685 -1.000000
684 685 -1.000000
685 685 4.000000
686 685 -1.000000
716 685 -1.000000
655 686 -1.000000
685 686 -1.000000
686 686 4.000000
687 686 -1.000000
717 686 -1.000000
656 687 -1.000000
686 687 -1.000000
687 687 4.000000
688 687 -1.000000
718 687 -1.000000
657 688 -1.000000
687 688 -1.000000
688 688 4.000000
689 688 -1.000000
719 688 -1.000000
658 689 -1.000000
688 689 -1.000000
689 689 4.000000
690 689 -1.000000
720 689 -1.000000
659 690 -1.000000
689 690 -1.000000
690 690 4.000000
691 690 -1.000000
721 690 -1.000000
660 691 -1.000000
690 691 -1.000000
691 691 4.000000
692 691 -1.000000
722 691 -1.000000
661 692 -1.000000
691 692 -1.000000
692 692 4.000000
693 692 -1.000000
723 692 -1.000000
662 693 -1.000000
692 693 -1.000000
693 693 4.000000
694 693 -1.000000
724 693 -1.000000
663 694 -1.000000
693 694 -1.000000
694 694 4.000000
695 694 -1.000000
725 694 -1.000000
664 695 -1.000000
694 695 -1.000000
695 695 4.000000
696 695 -1.000000
726 695 -1.000000
665 696 -1.000000
695 696 -1.000000
696 696 4.000000
697 696 -1.000000
727 696 -1.000000
666 697 -1.000000
696 697 -1.000000
697 697 4.000000
698 697 -1.000000
728 697 -1.000000
667 698 -1.000000
697 698 -1.000000
698 698 4.000000
699 698 -1.000000
729 698 -1.000000
668 699 -1.000000
698 699 -1.000000
699 699 4.000000
700 699 -1.000000
730 699 -1.000000
669 700 -1.000000
699 700 -1.000000
700 700 4.000000
701 700 -1.000000
731 700 -1.000000
670 701 -1.000000
700 701 -1.000000
701 701 4.000000
702 701 -1.000000
732 701 -1.000000
671 702 -1.000000
701 702 -1.000000
702 702 4.000000
703 702 -1.000000
733 702 -1.000000
672 703 -1.000000
702 703 -1.000000
703 703 4.000000
704 703 -1.000000
734 703 -1.000000
673 704 -1.000000
703 704 -1.000000
704 704 4.000000
705 704 -1.000000
735 704 -1.000000
674 705 -1.000000
704 705 -1.000000
705 705 4.000000
706 705 -1.000000
736 705 -1.000000
675 706 -1.000000
705 706 -1.000000
706 706 4.000000
707 706 -1.000000
737 706 -1.000000
676 707 -1.000000
706 707 -1.000000
707 707 4.000000
708 707 -1.000000
738 707 -1.000000
677 708 -1.000000
707 708 -1.000000
708 708 4.000000
709 708 -1.000000
739 708 -1.000000
678 709 -1.000000
708 709 -1.000000
709 709 4.000000
710 709 -1.000000
740 709 -1.000000
679 710 -1.000000
709 710 -1.000000
710 710 4.000000
711 710 -1.000000
741 710 -1.000000
680 711 -1.000000
710 711 -1.000000
711 711 4.000000
712 711 -1.000000
742 711 -1.000000
681 712 -1.000000
711 712 -1.000000
712 712 4.000000
713 712 -1.000000
743 712 -1.000000
682 713 -1.000000
712 713 -1.000000
713 713 4.000000
744 713 -1.000000
683 714 -1.000000
714 714 4.000000
715 714 -1.000000
745 714 -1.000000
684 715 -1.000000
714 715 -1.000000
715 715 4.000000
716 715 -1.000000
746 715 -1.000000
685 716 -1.000000
715 716 -1.000000
716 716 4.000000
717 716 -1.000000
747 716 -1.000000
686 717 -1.000000
716 717 -1.000000
717 717 4.000000
718 717 -1.000000
748 717 -1.000000
687 718 -1.000000
717 718 -1.000000
718 718 4.000000
719 718 -1.000000
749 718 -1.000000
688 719 -1.000000
718 719 -1.000000
719 719 4.000000
720 719 -1.000000
750 719 -1.000000
689 720 -1.000000
719 720 -1.000000
720 720 4.000000
721 720 -1.000000
751 720 -1.000000
690 721 -1.000000
720 721 -1.000000
721 721 4.000000
722 721 -1.000000
752 721 -1.000000
691 722 -1.000000
721 722 -1.000000
722 722 4.000000
723 722 -1.000000
753 722 -1.000000
692 723 -1.000000
722 723 -1.000000
723 723 4.000000
724 723 -1.000000
754 723 -1.000000
693 724 -1.000000
723 724 -1.000000
724 724 4.000000
725 724 -1.000000
755 724 -1.000000
694 725 -1.000000
724 725 -1.000000
725 725 4.000000
726 725 -1.000000
756 725 -1.000000
695 726 -1.000000
725 726 -1.000000
726 726 4.000000
727 726 -1.000000
757 726 -1.000000
696 727 -1.000000
726 727 -1.000000
727 727 4.000000
728 727 -1.000000
758 727 -1.000000
697 728 -1.000000
727 728 -1.000000
728 728 4.000000
729 728 -1.000000
759 728 -1.000000
698 729 -1.000000
728 729 -1.000000
729 729 4.000000
730 729 -1.000000
760 729 -1.000000
699 730 -1.000000
729 730 -1.000000
730 730 4.000000
731 730 -1.000000
761 730 -1.000000
700 731 -1.000000
730 731 -1.000000
731 731 4.000000
732 731 -1.000000
762 731 -1.000000
701 732 -1.000000
731 732 -1.000000
732 732 4.000000
733 732 -1.000000
763 732 -1.000000
702 733 -1.000000
732 733 -1.000000
733 733 4.000000
734 733 -1.000000
764 733 -1.000000
703 734 -1.000000
733 734 -1.000000
734 734 4.000000
735 734 -1.000000
765 734 -1.000000
704 735 -1.000000
734 735 -1.000000
735 735 4.000000
736 735 -1.000000
766 735 -1.000000
705 736 -1.000000
735 736 -1.000000
736 736 4.000000
737 736 -1.000000
767 736 -1.000000
706 737 -1.000000
736 737 -1.000000
737 737 4.000000
738 737 -1.000000
768 737 -1.000000
707 738 -1.000000
737 738 -1.000000
738 738 4.000000
739 738 -1.000000
769 738 -1.000000
708 739 -1.000000
738 739 -1.000000
739 739 4.000000
740 739 -1.000000
770 739 -1.000000
709 740 -1.000000
739 740 -1.000000
740 740 4.000000
741 740 -1.000000
771 740 -1.000000
710 741 -1.000000
740 741 -1.000000
741 741 4.000000
742 741 -1.000000
772 741 -1.000000
711 742 -1.000000
741 742 -1.000000
742 742 4.000000
743 742 -1.000000
773 742 -1.000000
712 743 -1.000000
742 743 -1.000000
743 743 4.000000
744 743 -1.000000
774 743 -1.000000
713 744 -1.000000
743 744 -1.000000
744 744 4.000000
775 744 -1.000000
714 745 -1.000000
745 745 4.000000
746 745 -1.000000
776 745 -1.000000
715 746 -1.000000
745 746 -1.000000
746 746 4.000000
747 746 -1.000000
777 746 -1.000000
716 747 -1.000000
746 747 -1.000000
747 747 4.000000
748 747 -1.000000
778 747 -1.000000
717 748 -1.000000
747 748 -1.000000
748 748 4.000000
749 748 -1.000000
779 748 -1.000000
718 749 -1.000000
748 749 -1.000000
749 749 4.000000
750 749 -1.000000
780 749 -1.000000
719 750 -1.000000
749 750 -1.000000
750 750 4.000000
751 750 -1.000000
781 750 -1.000000
720 751 -1.000000
750 751 -1.000000
751 751 4.000000
752 751 -1.000000
782 751 -1.000000
721 752 -1.000000
751 752 -1.000000
752 752 4.000000
753 752 -1.000000
783 752 -1.000000
722 753 -1.000000
752 753 -1.000000
753 753 4.000000
754 753 -1.000000
784 753 -1.000000
723 754 -1.000000
753 754 -1.000000
754 754 4.000000
755 754 -1.000000
785 754 -1.000000
724 755 -1.000000
754 755 -1.000000
755 755 4.000000
756 755 -1.000000
786 755 -1.000000
725 756 -1.000000
755 756 -1.000000
756 756 4.000000
757 756 -1.000000
787 756 -1.000000
726 757 -1.000000
756 757 -1.000000
757 757 4.000000
758 757 -1.000000
788 757 -1.000000
727 758 -1.000000
757 758 -1.000000
758 758 4.000000
759 758 -1.000000
789 758 -1.000000
728 759 -1.000000
758 759 -1.000000
759 759 4.000000
760 759 -1.000000
790 759 -1.000000
729 760 -1.000000
759 760 -1.000000
760 760 4.000000
761 760 -1.000000
791 760 -1.000000
730 761 -1.000000
760 761 -1.000000
761 761 4.000000
762 761 -1.000000
792 761 -1.000000
731 762 -1.000000
761 762 -1.000000
762 762 4.000000
763 762 -1.000000
793 762 -1.000000
732 763 -1.000000
762 763 -1.000000
763 763 4.000000
764 763 -1.000000
794 763 -1.000000
733 764 -1.000000
763 764 -1.000000
764 764 4.000000
765 764 -1.000000
795 764 -1.000000
734 765 -1.000000
764 765 -1.000000
765 765 4.000000
766 765 -1.000000
796 765 -1.000000
735 766 -1.000000
765 766 -1.000000
766 766 4.000000
767 766 -1.000000
797 766 -1.000000
736 767 -1.000000
766 767 -1.000000
767 767 4.000000
768 767 -1.000000
798 767 -1.000000
737 768 -1.000000
767 768 -1.000000
768 768 4.000000
769 768 -1.000000
799 768 -1.000000
738 769 -1.000000
768 769 -1.000000
769 769 4.000000
770 769 -1.000000
800 769 -1.000000
739 770 -1.000000
769 770 -1.000000
770 770 4.000000
771 770 -1.000000
801 770 -1.000000
740 771 -1.000000
770 771 -1.000000
771 771 4.000000
772 771 -1.000000
802 771 -1.000000
741 772 -1.000000
771 772 -1.000000
772 772 4.000000
773 772 -1.000000
803 772 -1.000000
742 773 -1.000000
772 773 -1.000000
773 773 4.000000
774 773 -1.000000
804 773 -1.000000
743 774 -1.000000
773 774 -1.000000
774 774 4.000000
775 774 -1.000000
805 774 -1.000000
744 775 -1.000000
774 775 -1.000000
775 775 4.000000
806 775 -1.000000
745 776 -1.000000
776 776 4.000000
777 776 -1.000000
807 776 -1.000000
746 777 -1.000000
776 777 -1.000000
777 777 4.000000
778 777 -1.000000
808 777 -1.000000
747 778 -1.000000
777 778 -1.000000
778 778 4.000000
779 778 -1.000000
809 778 -1.000000
748 779 -1.000000
778 779 -1.000000
779 779 4.000000
780 779 -1.000000
810 779 -1.000000
749 780 -1.000000
779 780 -1.000000
780 780 4.000000
781 780 -1.000000
811 780 -1.000000
750 781 -1.000000
780 781 -1.000000
781 781 4.000000
782 781 -1.000000
812 781 -1.000000
751 782 -1.000000
781 782 -1.000000
782 782 4.000000
783 782 -1.000000
813 782 -1.000000
752 783 -1.000000
782 783 -1.000000
783 783 4.000000
784 783 -1.000000
814 783 -1.000000
753 784 -1.000000
783 784 -1.000000
784 784 4.000000
785 784 -1.000000
815 784 -1.000000
754 785 -1.000000
784 785 -1.000000
785 785 4.000000
786 785 -1.000000
816 785 -1.000000
755 786 -1.000000
785 786 -1.000000
786 786 4.000000
787 786 -1.000000
817 786 -1.000000
756 787 -1.000000
786 787 -1.000000
787 787 4.000000
788 787 -1.000000
818 787 -1.000000
757 788 -1.000000
787 788 -1.000000
788 788 4.000000
789 788 -1.000000
819 788 -1.000000
758 789 -1.000000
788 789 -1.000000
789 789 4.000000
790 789 -1.000000
820 789 -1.000000
759 790 -1.000000
789 790 -1.000000
790 790 4.000000
791 790 -1.000000
821 790 -1.000000
760 791 -1.000000
790 791 -1.000000
791 791 4.000000
792 791 -1.000000
822 791 -1.000000
761 792 -1.000000
791 792 -1.000000
792 792 4.000000
793 792 -1.000000
823 792 -1.000000
762 793 -1.000000
792 793 -1.000000
793 793 4.000000
794 793 -1.000000
824 793 -1.000000
763 794 -1.000000
793 794 -1.000000
794 794 4.000000
795 794 -1.000000
825 794 -1.000000
764 795 -1.000000
794 795 -1.000000
795 795 4.000000
796 795 -1.000000
826 795 -1.000000
765 796 -1.000000
795 796 -1.000000
796 796 4.000000
797 796 -1.000000
827 796 -1.000000
766 797 -1.000000
796 797 -1.000000
797 797 4.000000
798 797 -1.000000
828 797 -1.000000
767 798 -1.000000
797 798 -1.000000
798 798 4.000000
799 798 -1.000000
829 798 -1.000000
768 799 -1.000000
798 799 -1.000000
799 799 4.000000
800 799 -1.000000
830 799 -1.000000
769 800 -1.000000
799 800 -1.000000
800 800 4.000000
801 800 -1.000000
831 800 -1.000000
770 801 -1.000000
800 801 -1.000000
801 801 4.000000
802 801 -1.000000
832 801 -1.000000
771 802 -1.000000
801 802 -1.000000
802 802 4.000000
803 802 -1.000000
833 802 -1.000000
772 803 -1.000000
802 803 -1.000000
803 803 4.000000
804 803 -1.000000
834 803 -1.000000
773 804 -1.000000
803 804 -1.000000
804 804 4.000000
805 804 -1.000000
835 804 -1.000000
774 805 -1.000000
804 805 -1.000000
805 805 4.000000
806 805 -1.000000
836 805 -1.000000
775 806 -1.000000
805 806 -1.000000
806 806 4.000000
837 806 -1.000000
776 807 -1.000000
807 807 4.000000
808 807 -1.000000
838 807 -1.000000
777 808 -1.000000
807 808 -1.000000
808 808 4.000000
809 808 -1.000000
839 808 -1.000000
778 809 -1.000000
808 809 -1.000000
809 809 4.000000
810 809 -1.000000
840 809 -1.000000
779 810 -1.000000
809 810 -1.000000
810 810 4.000000
811 810 -1.000000
841 810 -1.000000
780 811 -1.000000
810 811 -1.000000
811 811 4.000000
812 811 -1.000000
842 811 -1.000000
781 812 -1.000000
811 812 -1.000000
812 812 4.000000
813 812 -1.000000
843 812 -1.000000
782 813 -1.000000
812 813 -1.000000
813 813 4.000000
814 813 -1.000000
844 813 -1.000000
783 814 -1.000000
813 814 -1.000000
814 814 4.000000
815 814 -1.000000
845 814 -1.000000
784 815 -1.000000
814 815 -1.000000
815 815 4.000000
816 815 -1.000000
846 815 -1.000000
785 816 -1.000000
815 816 -1.000000
816 816 4.000000
817 816 -1.000000
847 816 -1.000000
786 817 -1.000000
816 817 -1.000000
817 817 4.000000
818 817 -1.000000
848 817 -1.000000
787 818 -1.000000
817 818 -1.000000
818 818 4.000000
819 818 -1.000000
849 818 -1.000000
788 819 -1.000000
818 819 -1.000000
819 819 4.000000
820 819 -1.000000
850 819 -1.000000
789 820 -1.000000
819 820 -1.000000
820 820 4.000000
821 820 -1.000000
851 820 -1.000000
790 821 -1.000000
820 821 -1.000000
821 821 4.000000
822 821 -1.000000
852 821 -1.000000
791 822 -1.000000
821 822 -1.000000
822 822 4.000000
823 822 -1.000000
853 822 -1.000000
792 823 -1.000000
822 823 -1.000000
823 823 4.000000
824 823 -1.000000
854 823 -1.000000
793 824 -1.000000
823 824 -1.000000
824 824 4.000000
825 824 -1.000000
855 824 -1.000000
794 825 -1.000000
824 825 -1.000000
825 825 4.000000
826 825 -1.000000
856 825 -1.000000
795 826 -1.000000
825 826 -1.000000
826 826 4.000000
827 826 -1.000000
857 826 -1.000000
796 827 -1.000000
826 827 -1.000000
827 827 4.000000
828 827 -1.000000
858 827 -1.000000
797 828 -1.000000
827 828 -1.000000
828 828 4.000000
829 828 -1.000000
859 828 -1.000000
798 829 -1.000000
828 829 -1.000000
829 829 4.000000
830 829 -1.000000
860 829 -1.000000
799 830 -1.000000
829 830 -1.000000
830 830 4.000000
831 830 -1.000000
861 830 -1.000000
800 831 -1.000000
830 831 -1.000000
831 831 4.000000
832 831 -1.000000
862 831 -1.000000
801 832 -1.000000
831 832 -1.000000
832 832 4.000000
833 832 -1.000000
863 832 -1.000000
802 833 -1.000000
832 833 -1.000000
833 833 4.000000
834 833 -1.000000
864 833 -1.000000
803 834 -1.000000
833 834 -1.000000
834 834 4.000000
835 834 -1.000000
865 834 -1.000000
804 835 -1.000000
834 835 -1.000000
835 835 4.000000
836 835 -1.000000
866 835 -1.000000
805 836 -1.000000
835 836 -1.000000
836 836 4.000000
837 836 -1.000000
867 836 -1.000000
806 837 -1.000000
836 837 -1.000000
837 837 4.000000
868 837 -1.000000
807 838 -1.000000
838 838 4.000000
839 838 -1.000000
869 838 -1.000000
808 839 -1.000000
838 839 -1.000000
839 839 4.000000
840 839 -1.000000
870 839 -1.000000
809 840 -1.000000
839 840 -1.000000
840 840 4.000000
841 840 -1.000000
871 840 -1.000000
810 841 -1.000000
840 841 -1.000000
841 841 4.000000
842 841 -1.000000
872 841 -1.000000
811 842 -1.000000
841 842 -1.000000
842 842 4.000000
843 842 -1.000000
873 842 -1.000000
812 843 -1.000000
842 843 -1.000000
843 843 4.000000
844 843 -1.000000
874 843 -1.000000
813 844 -1.000000
843 844 -1.000000
844 844 4.000000
845 844 -1.000000
875 844 -1.000000
814 845 -1.000000
844 845 -1.000000
845 845 4.000000
846 845 -1.000000
876 845 -1.000000
815 846 -1.000000
845 846 -1.000000
846 846 4.000000
847 846 -1.000000
877 846 -1.000000
816 847 -1.000000
846 847 -1.000000
847 847 4.000000
848 847 -1.000000
878 847 -1.000000
817 848 -1.000000
847 848 -1.000000
848 848 4.000000
849 848 -1.000000
879 848 -1.000000
818 849 -1.000000
848 849 -1.000000
849 849 4.000000
850 849 -1.000000
880 849 -1.000000
819 850 -1.000000
849 850 -1.000000
850 850 4.000000
851 850 -1.000000
881 850 -1.000000
820 851 -1.000000
850 851 -1.000000
851 851 4.000000
852 851 -1.000000
882 851 -1.000000
821 852 -1.000000
851 852 -1.000000
852 852 4.000000
853 852 -1.000000
883 852 -1.000000
822 853 -1.000000
852 853 -1.000000
853 853 4.000000
854 853 -1.000000
884 853 -1.000000
823 854 -1.000000
853 854 -1.000000
854 854 4.000000
855 854 -1.000000
885 854 -1.000000
824 855 -1.000000
854 855 -1.000000
855 855 4.000000
856 855 -1.000000
886 855 -1.000000
825 856 -1.000000
855 856 -1.000000
856 856 4.000000
857 856 -1.000000
887 856 -1.000000
826 857 -1.000000
856 857 -1.000000
857 857 4.000000
858 857 -1.000000
888 857 -1.000000
827 858 -1.000000
857 858 -1.000000
858 858 4.000000
859 858 -1.000000
889 858 -1.000000
828 859 -1.000000
858 859 -1.000000
859 859 4.000000
860 859 -1.000000
890 859 -1.000000
829 860 -1.000000
859 860 -1.000000
860 860 4.000000
861 860 -1.000000
891 860 -1.000000
830 861 -1.000000
860 861 -1.000000
861 861 4.000000
862 861 -1.000000
892 861 -1.000000
831 862 -1.000000
861 862 -1.000000
862 862 4.000000
863 862 -1.000000
893 862 -1.000000
832 863 -1.000000
862 863 -1.000000
863 863 4.000000
864 863 -1.000000
894 863 -1.000000
833 864 -1.000000
863 864 -1.000000
864 864 4.000000
865 864 -1.000000
895 864 -1.000000
834 865 -1.000000
864 865 -1.000000
865 865 4.000000
866 865 -1.000000
896 865 -1.000000
835 866 -1.000000
865 866 -1.000000
866 866 4.000000
867 866 -1.000000
897 866 -1.000000
836 867 -1.000000
866 867 -1.000000
867 867 4.000000
868 867 -1.000000
898 867 -1.000000
837 868 -1.000000
867 868 -1.000000
868 868 4.000000
899 868 -1.000000
838 869 -1.000000
869 869 4.000000
870 869 -1.000000
900 869 -1.000000
839 870 -1.000000
869 870 -1.000000
870 870 4.000000
871 870 -1.000000
901 870 -1.000000
840 871 -1.000000
870 871 -1.000000
871 871 4.000000
872 871 -1.000000
902 871 -1.000000
841 872 -1.000000
871 872 -1.000000
872 872 4.000000
873 872 -1.000000
903 872 -1.000000
842 873 -1.000000
872 873 -1.000000
873 873 4.000000
874 873 -1.000000
904 873 -1.000000
843 874 -1.000000
873 874 -1.000000
874 874 4.000000
875 874 -1.000000
905 874 -1.000000
844 875 -1.000000
874 875 -1.000000
875 875 4.000000
876 875 -1.000000
906 875 -1.000000
845 876 -1.000000
875 876 -1.000000
876 876 4.000000
877 876 -1.000000
907 876 -1.000000
846 877 -1.000000
876 877 -1.000000
877 877 4.000000
878 877 -1.000000
908 877 -1.000000
847 878 -1.000000
877 878 -1.000000
878 878 4.000000
879 878 -1.000000
909 878 -1.000000
848 879 -1.000000
878 879 -1.000000
879 879 4.000000
880 879 -1.000000
910 879 -1.000000
849 880 -1.000000
879 880 -1.000000
880 880 4.000000
881 880 -1.000000
911 880 -1.000000
850 881 -1.000000
880 881 -1.000000
881 881 4.000000
882 881 -1.000000
912 881 -1.000000
851 882 -1.000000
881 882 -1.000000
882 882 4.000000
883 882 -1.000000
913 882 -1.000000
852 883 -1.000000
882 883 -1.000000
883 883 4.000000
884 883 -1.000000
914 883 -1.000000
853 884 -1.000000
883 884 -1.000000
884 884 4.000000
885 884 -1.000000
915 884 -1.000000
854 885 -1.000000
884 885 -1.000000
885 885 4.000000
886 885 -1.000000
916 885 -1.000000
855 886 -1.000000
885 886 -1.000000
886 886 4.000000
887 886 -1.000000
917 886 -1.000000
856 887 -1.000000
886 887 -1.000000
887 887 4.000000
888 887 -1.000000
918 887 -1.000000
857 888 -1.000000
887 888 -1.000000
888 888 4.000000
889 888 -1.000000
919 888 -1.000000
858 889 -1.000000
888 889 -1.000000
889 889 4.000000
890 889 -1.000000
920 889 -1.000000
859 890 -1.000000
889 890 -1.000000
890 890 4.000000
891 890 -1.000000
921 890 -1.000000
860 891 -1.000000
890 891 -1.000000
891 891 4.000000
892 891 -1.000000
922 891 -1.000000
861 892 -1.000000
891 892 -1.000000
892 892 4.000000
893 892 -1.000000
923 892 -1.000000
862 893 -1.000000
892 893 -1.000000
893 893 4.000000
894 893 -1.000000
924 893 -1.000000
863 894 -1.000000
893 894 -1.000000
894 894 4.000000
895 894 -1.000000
925 894 -1.000000
864 895 -1.000000
894 895 -1.000000
895 895 4.000000
896 895 -1.000000
926 895 -1.000000
865 896 -1.000000
895 896 -1.000000
896 896 4.000000
897 896 -1.000000
927 896 -1.000000
866 897 -1.000000
896 897 -1.000000
897 897 4.000000
898 897 -1.000000
928 897 -1.000000
867 898 -1.000000
897 898 -1.000000
898 898 4.000000
899 898 -1.000000
929 898 -1.000000
868 899 -1.000000
898 899 -1.000000
899 899 4.000000
930 899 -1.000000
869 900 -1.000000
900 900 4.000000
901 900 -1.000000
931 900 -1.000000
870 901 -1.000000
900 901 -1.000000
901 901 4.000000
902 901 -1.000000
932 901 -1.000000
871 902 -1.000000
901 902 -1.000000
902 902 4.000000
903 902 -1.000000
933 902 -1.000000
872 903 -1.000000
902 903 -1.000000
903 903 4.000000
904 903 -1.000000
934 903 -1.000000
873 904 -1.000000
903 904 -1.000000
904 904 4.000000
905 904 -1.000000
935 904 -1.000000
874 905 -1.000000
904 905 -1.000000
905 905 4.000000
906 905 -1.000000
936 905 -1.000000
875 906 -1.000000
905 906 -1.000000
906 906 4.000000
907 906 -1.000000
937 906 -1.000000
876 907 -1.000000
906 907 -1.000000
907 907 4.000000
908 907 -1.000000
938 907 -1.000000
877 908 -1.000000
907 908 -1.000000
908 908 4.000000
909 908 -1.000000
939 908 -1.000000
878 909 -1.000000
908 909 -1.000000
909 909 4.000000
910 909 -1.000000
940 909 -1.000000
879 910 -1.000000
909 910 -1.000000
910 910 4.000000
911 910 -1.000000
941 910 -1.000000
880 911 -1.000000
910 911 -1.000000
911 911 4.000000
912 911 -1.000000
942 911 -1.000000
881 912 -1.000000
911 912 -1.000000
912 912 4.000000
913 912 -1.000000
943 912 -1.000000
882 913 -1.000000
912 913 -1.000000
913 913 4.000000
914 913 -1.000000
944 913 -1.000000
883 914 -1.000000
913 914 -1.000000
914 914 4.000000
915 914 -1.000000
945 914 -1.000000
884 915 -1.000000
914 915 -1.000000
915 915 4.000000
916 915 -1.000000
946 915 -1.000000
885 916 -1.000000
915 916 -1.000000
916 916 4.000000
917 916 -1.000000
947 916 -1.000000
886 917 -1.000000
916 917 -1.000000
917 917 4.000000
918 917 -1.000000
948 917 -1.000000
887 918 -1.000000
917 918 -1.000000
918 918 4.000000
919 918 -1.000000
949 918 -1.000000
888 919 -1.000000
918 919 -1.000000
919 919 4.000000
920 919 -1.000000
950 919 -1.000000
889 920 -1.000000
919 920 -1.000000
920 920 4.000000
921 920 -1.000000
951 920 -1.000000
890 921 -1.000000
920 921 -1.000000
921 921 4.000000
922 921 -1.000000
952 921 -1.000000
891 922 -1.000000
921 922 -1.000000
922 922 4.000000
923 922 -1.000000
953 922 -1.000000
892 923 -1.000000
922 923 -1.000000
923 923 4.000000
924 923 -1.000000
954 923 -1.000000
893 924 -1.000000
923 924 -1.000000
924 924 4.000000
925 924 -1.000000
955 924 -1.000000
894 925 -1.000000
924 925 -1.000000
925 925 4.000000
926 925 -1.000000
956 925 -1.000000
895 926 -1.000000
925 926 -1.000000
926 926 4.000000
927 926 -1.000000
957 926 -1.000000
896 927 -1.000000
926 927 -1.000000
927 927 4.000000
928 927 -1.000000
958 927 -1.000000
897 928 -1.000000
927 928 -1.000000
928 928 4.000000
929 928 -1.000000
959 928 -1.000000
898 929 -1.000000
928 929 -1.000000
929 929 4.000000
930 929 -1.000000
960 929 -1.000000
899 930 -1.000000
929 930 -1.000000
930 930 4.000000
961 930 -1.000000
900 931 -1.000000
931 931 4.000000
932 931 -1.000000
901 932 -1.000000
931 932 -1.000000
932 932 4.000000
933 932 -1.000000
902 933 -1.000000
932 933 -1.000000
933 933 4.000000
934 933 -1.000000
903 934 -1.000000
933 934 -1.000000
934 934 4.000000
935 934 -1.000000
904 935 -1.000000
934 935 -1.000000
935 935 4.000000
936 935 -1.000000
905 936 -1.000000
935 936 -1.000000
936 936 4.000000
937 936 -1.000000
906 937 -1.000000
936 937 -1.000000
937 937 4.000000
938 937 -1.000000
907 938 -1.000000
937 938 -1.000000
938 938 4.000000
939 938 -1.000000
908 939 -1.000000
938 939 -1.000000
939 939 4.000000
940 939 -1.000000
909 940 -1.000000
939 940 -1.000000
940 940 4.000000
941 940 -1.000000
910 941 -1.000000
940 941 -1.000000
941 941 4.000000
942 941 -1.000000
911 942 -1.000000
941 942 -1.000000
942 942 4.000000
943 942 -1.000000
912 943 -1.000000
942 943 -1.000000
943 943 4.000000
944 943 -1.000000
913 944 -1.000000
943 944 -1.000000
944 944 4.000000
945 944 -1.000000
914 945 -1.000000
944 945 -1.000000
945 945 4.000000
946 945 -1.000000
915 946 -1.000000
945 946 -1.000000
946 946 4.000000
947 946 -1.000000
916 947 -1.000000
946 947 -1.000000
947 947 4.000000
948 947 -1.000000
917 948 -1.000000
947 948 -1.000000
948 948 4.000000
949 948 -1.000000
918 949 -1.000000
948 949 -1.000000
949 949 4.000000
950 949 -1.000000
919 950 -1.000000
949 950 -1.000000
950 950 4.000000
951 950 -1.000000
920 951 -1.000000
950 951 -1.000000
951 951 4.000000
952 951 -1.000000
921 952 -1.000000
951 952 -1.000000
952 952 4.000000
953 952 -1.000000
922 953 -1.000000
952 953 -1.000000
953 953 4.000000
954 953 -1.000000
923 954 -1.000000
953 954 -1.000000
954 954 4.000000
955 954 -1.000000
924 955 -1.000000
954 955 -1.000000
955 955 4.000000
956 955 -1.000000
925 956 -1.000000
955 956 -1.000000
956 956 4.000000
957 956 -1.000000
926 957 -1.000000
956 957 -1.000000
957 957 4.000000
958 957 -1.000000
927 958 -1.000000
957 958 -1.000000
958 958 4.000000
959 958 -1.000000
928 959 -1.000000
958 959 -1.000000
959 959 4.000000
960 959 -1.000000
929 960 -1.000000
959 960 -1.000000
960 960 4.000000
961 960 -1.000000
930 961 -1.000000
960 961 -1.000000
961 961 4.000000
