1 1 4.000000
2 1 -1.000000
5 1 -1.000000
1 2 -1.000000
2 2 4.000000
3 2 -1.000000
6 2 -1.000000
2 3 -1.000000
3 3 4.000000
4 3 -1.000000
7 3 -1.000000
3 4 -1.000000
4 4 4.000000
8 4 -1.000000
1 5 -1.000000
5 5 4.000000
6 5 -1.000000
9 5 -1.000000
2 6 -1.000000
5 6 -1.000000
6 6 4.000000
7 6 -1.000000
10 6 -1.000000
3 7 -1.000000
6 7 -1.000000
7 7 4.000000
8 7 -1.000000
11 7 -1.000000
4 8 -1.000000
7 8 -1.000000
8 8 4.000000
12 8 -1.000000
5 9 -1.000000
9 9 4.000000
10 9 -1.000000
13 9 -1.000000
6 10 -1.000000
9 10 -1.000000
10 10 4.000000
11 10 -1.000000
14 10 -1.000000
7 11 -1.000000
10 11 -1.000000
11 11 4.000000
12 11 -1.000000
15 11 -1.000000
8 12 -1.000000
11 12 -1.000000
12 12 4.000000
16 12 -1.000000
9 13 -1.000000
13 13 4.000000
14 13 -1.000000
10 14 -1.000000
13 14 -1.000000
14 14 4.000000
15 14 -1.000000
11 15 -1.000000
14 15 -1.000000
15 15 4.000000
16 15 -1.000000
12 16 -1.000000
15 16 -1.000000
16 16 4.000000
