1 1 4.000000
2 1 -1.000000
6 1 -1.000000
1 2 -1.000000
2 2 4.000000
3 2 -1.000000
7 2 -1.000000
2 3 -1.000000
3 3 4.000000
4 3 -1.000000
8 3 -1.000000
3 4 -1.000000
4 4 4.000000
5 4 -1.000000
9 4 -1.000000
4 5 -1.000000
5 5 4.000000
10 5 -1.000000
1 6 -1.000000
6 6 4.000000
7 6 -1.000000
11 6 -1.000000
2 7 -1.000000
6 7 -1.000000
7 7 4.000000
8 7 -1.000000
12 7 -1.000000
3 8 -1.000000
7 8 -1.000000
8 8 4.000000
9 8 -1.000000
13 8 -1.000000
4 9 -1.000000
8 9 -1.000000
9 9 4.000000
10 9 -1.000000
14 9 -1.000000
5 10 -1.000000
9 10 -1.000000
10 10 4.000000
15 10 -1.000000
6 11 -1.000000
11 11 4.000000
12 11 -1.000000
16 11 -1.000000
7 12 -1.000000
11 12 -1.000000
12 12 4.000000
13 12 -1.000000
17 12 -1.000000
8 13 -1.000000
12 13 -1.000000
13 13 4.000000
14 13 -1.000000
18 13 -1.000000
9 14 -1.000000
13 14 -1.000000
14 14 4.000000
15 14 -1.000000
19 14 -1.000000
10 15 -1.000000
14 15 -1.000000
15 15 4.000000
20 15 -1.000000
11 16 -1.000000
16 16 4.000000
17 16 -1.000000
21 16 -1.000000
12 17 -1.000000
16 17 -1.000000
17 17 4.000000
18 17 -1.000000
22 17 -1.000000
13 18 -1.000000
17 18 -1.000000
18 18 4.000000
19 18 -1.000000
23 18 -1.000000
14 19 -1.000000
18 19 -1.000000
19 19 4.000000
20 19 -1.000000
24 19 -1.000000
15 20 -1.000000
19 20 -1.000000
20 20 4.000000
25 20 -1.000000
16 21 -1.000000
21 21 4.000000
22 21 -1.000000
17 22 -1.000000
21 22 -1.000000
22 22 4.000000
23 22 -1.000000
18 23 -1.000000
22 23 -1.000000
23 23 4.000000
24 23 -1.000000
19 24 -1.000000
23 24 -1.000000
24 24 4.000000
25 24 -1.000000
20 25 -1.000000
24 25 -1.000000
25 25 4.000000
