1 1 4.000000
2 1 -1.000000
7 1 -1.000000
1 2 -1.000000
2 2 4.000000
3 2 -1.000000
8 2 -1.000000
2 3 -1.000000
3 3 4.000000
4 3 -1.000000
9 3 -1.000000
3 4 -1.000000
4 4 4.000000
5 4 -1.000000
10 4 -1.000000
4 5 -1.000000
5 5 4.000000
6 5 -1.000000
11 5 -1.000000
5 6 -1.000000
6 6 4.000000
12 6 -1.000000
1 7 -1.000000
7 7 4.000000
8 7 -1.000000
13 7 -1.000000
2 8 -1.000000
7 8 -1.000000
8 8 4.000000
9 8 -1.000000
14 8 -1.000000
3 9 -1.000000
8 9 -1.000000
9 9 4.000000
10 9 -1.000000
15 9 -1.000000
4 10 -1.000000
9 10 -1.000000
10 10 4.000000
11 10 -1.000000
16 10 -1.000000
5 11 -1.000000
10 11 -1.000000
11 11 4.000000
12 11 -1.000000
17 11 -1.000000
6 12 -1.000000
11 12 -1.000000
12 12 4.000000
18 12 -1.000000
7 13 -1.000000
13 13 4.000000
14 13 -1.000000
19 13 -1.000000
8 14 -1.000000
13 14 -1.000000
14 14 4.000000
15 14 -1.000000
20 14 -1.000000
9 15 -1.000000
14 15 -1.000000
15 15 4.000000
16 15 -1.000000
21 15 -1.000000
10 16 -1.000000
15 16 -1.000000
16 16 4.000000
17 16 -1.000000
22 16 -1.000000
11 17 -1.000000
16 17 -1.000000
17 17 4.000000
18 17 -1.000000
23 17 -1.000000
12 18 -1.000000
17 18 -1.000000
18 18 4.000000
24 18 -1.000000
13 19 -1.000000
19 19 4.000000
20 19 -1.000000
25 19 -1.000000
14 20 -1.000000
19 20 -1.000000
20 20 4.000000
21 20 -1.000000
26 20 -1.000000
15 21 -1.000000
20 21 -1.000000
21 21 4.000000
22 21 -1.000000
27 21 -1.000000
16 22 -1.000000
21 22 -1.000000
22 22 4.000000
23 22 -1.000000
28 22 -1.000000
17 23 -1.000000
22 23 -1.000000
23 23 4.000000
24 23 -1.000000
29 23 -1.000000
18 24 -1.000000
23 24 -1.000000
24 24 4.000000
30 24 -1.000000
19 25 -1.000000
25 25 4.000000
26 25 -1.000000
31 25 -1.000000
20 26 -1.000000
25 26 -1.000000
26 26 4.000000
27 26 -1.000000
32 26 -1.000000
21 27 -1.000000
26 27 -1.000000
27 27 4.000000
28 27 -1.000000
33 27 -1.000000
22 28 -1.000000
27 28 -1.000000
28 28 4.000000
29 28 -1.000000
34 28 -1.000000
23 29 -1.000000
28 29 -1.000000
29 29 4.000000
30 29 -1.000000
35 29 -1.000000
24 30 -1.000000
29 30 -1.000000
30 30 4.000000
36 30 -1.000000
25 31 -1.000000
31 31 4.000000
32 31 -1.000000
26 32 -1.000000
31 32 -1.000000
32 32 4.000000
33 32 -1.000000
27 33 -1.000000
32 33 -1.000000
33 33 4.000000
34 33 -1.000000
28 34 -1.000000
33 34 -1.000000
34 34 4.000000
35 34 -1.000000
29 35 -1.000000
34 35 -1.000000
35 35 4.000000
36 35 -1.000000
30 36 -1.000000
35 36 -1.000000
36 36 4.000000
