1 1 4.000000
2 1 -1.000000
8 1 -1.000000
1 2 -1.000000
2 2 4.000000
3 2 -1.000000
9 2 -1.000000
2 3 -1.000000
3 3 4.000000
4 3 -1.000000
10 3 -1.000000
3 4 -1.000000
4 4 4.000000
5 4 -1.000000
11 4 -1.000000
4 5 -1.000000
5 5 4.000000
6 5 -1.000000
12 5 -1.000000
5 6 -1.000000
6 6 4.000000
7 6 -1.000000
13 6 -1.000000
6 7 -1.000000
7 7 4.000000
14 7 -1.000000
1 8 -1.000000
8 8 4.000000
9 8 -1.000000
15 8 -1.000000
2 9 -1.000000
8 9 -1.000000
9 9 4.000000
10 9 -1.000000
16 9 -1.000000
3 10 -1.000000
9 10 -1.000000
10 10 4.000000
11 10 -1.000000
17 10 -1.000000
4 11 -1.000000
10 11 -1.000000
11 11 4.000000
12 11 -1.000000
18 11 -1.000000
5 12 -1.000000
11 12 -1.000000
12 12 4.000000
13 12 -1.000000
19 12 -1.000000
6 13 -1.000000
12 13 -1.000000
13 13 4.000000
14 13 -1.000000
20 13 -1.000000
7 14 -1.000000
13 14 -1.000000
14 14 4.000000
21 14 -1.000000
8 15 -1.000000
15 15 4.000000
16 15 -1.000000
22 15 -1.000000
9 16 -1.000000
15 16 -1.000000
16 16 4.000000
17 16 -1.000000
23 16 -1.000000
10 17 -1.000000
16 17 -1.000000
17 17 4.000000
18 17 -1.000000
24 17 -1.000000
11 18 -1.000000
17 18 -1.000000
18 18 4.000000
19 18 -1.000000
25 18 -1.000000
12 19 -1.000000
18 19 -1.000000
19 19 4.000000
20 19 -1.000000
26 19 -1.000000
13 20 -1.000000
19 20 -1.000000
20 20 4.000000
21 20 -1.000000
27 20 -1.000000
14 21 -1.000000
20 21 -1.000000
21 21 4.000000
28 21 -1.000000
15 22 -1.000000
22 22 4.000000
23 22 -1.000000
29 22 -1.000000
16 23 -1.000000
22 23 -1.000000
23 23 4.000000
24 23 -1.000000
30 23 -1.000000
17 24 -1.000000
23 24 -1.000000
24 24 4.000000
25 24 -1.000000
31 24 -1.000000
18 25 -1.000000
24 25 -1.000000
25 25 4.000000
26 25 -1.000000
32 25 -1.000000
19 26 -1.000000
25 26 -1.000000
26 26 4.000000
27 26 -1.000000
33 26 -1.000000
20 27 -1.000000
26 27 -1.000000
27 27 4.000000
28 27 -1.000000
34 27 -1.000000
21 28 -1.000000
27 28 -1.000000
28 28 4.000000
35 28 -1.000000
22 29 -1.000000
29 29 4.000000
30 29 -1.000000
36 29 -1.000000
23 30 -1.000000
29 30 -1.000000
30 30 4.000000
31 30 -1.000000
37 30 -1.000000
24 31 -1.000000
30 31 -1.000000
31 31 4.000000
32 31 -1.000000
38 31 -1.000000
25 32 -1.000000
31 32 -1.000000
32 32 4.000000
33 32 -1.000000
39 32 -1.000000
26 33 -1.000000
32 33 -1.000000
33 33 4.000000
34 33 -1.000000
40 33 -1.000000
27 34 -1.000000
33 34 -1.000000
34 34 4.000000
35 34 -1.000000
41 34 -1.000000
28 35 -1.000000
34 35 -1.000000
35 35 4.000000
42 35 -1.000000
29 36 -1.000000
36 36 4.000000
37 36 -1.000000
43 36 -1.000000
30 37 -1.000000
36 37 -1.000000
37 37 4.000000
38 37 -1.000000
44 37 -1.000000
31 38 -1.000000
37 38 -1.000000
38 38 4.000000
39 38 -1.000000
45 38 -1.000000
32 39 -1.000000
38 39 -1.000000
39 39 4.000000
40 39 -1.000000
46 39 -1.000000
33 40 -1.000000
39 40 -1.000000
40 40 4.000000
41 40 -1.000000
47 40 -1.000000
34 41 -1.000000
40 41 -1.000000
41 41 4.000000
42 41 -1.000000
48 41 -1.000000
35 42 -1.000000
41 42 -1.000000
42 42 4.000000
49 42 -1.000000
36 43 -1.000000
43 43 4.000000
44 43 -1.000000
37 44 -1.000000
43 44 -1.000000
44 44 4.000000
45 44 -1.000000
38 45 -1.000000
44 45 -1.000000
45 45 4.000000
46 45 -1.000000
39 46 -1.000000
45 46 -1.000000
46 46 4.000000
47 46 -1.000000
40 47 -1.000000
46 47 -1.000000
47 47 4.000000
48 47 -1.000000
41 48 -1.000000
47 48 -1.000000
48 48 4.000000
49 48 -1.000000
42 49 -1.000000
48 49 -1.000000
49 49 4.000000
