1 1 4.000000
2 1 -1.000000
10 1 -1.000000
1 2 -1.000000
2 2 4.000000
3 2 -1.000000
11 2 -1.000000
2 3 -1.000000
3 3 4.000000
4 3 -1.000000
12 3 -1.000000
3 4 -1.000000
4 4 4.000000
5 4 -1.000000
13 4 -1.000000
4 5 -1.000000
5 5 4.000000
6 5 -1.000000
14 5 -1.000000
5 6 -1.000000
6 6 4.000000
7 6 -1.000000
15 6 -1.000000
6 7 -1.000000
7 7 4.000000
8 7 -1.000000
16 7 -1.000000
7 8 -1.000000
8 8 4.000000
9 8 -1.000000
17 8 -1.000000
8 9 -1.000000
9 9 4.000000
18 9 -1.000000
1 10 -1.000000
10 10 4.000000
11 10 -1.000000
19 10 -1.000000
2 11 -1.000000
10 11 -1.000000
11 11 4.000000
12 11 -1.000000
20 11 -1.000000
3 12 -1.000000
11 12 -1.000000
12 12 4.000000
13 12 -1.000000
21 12 -1.000000
4 13 -1.000000
12 13 -1.000000
13 13 4.000000
14 13 -1.000000
22 13 -1.000000
5 14 -1.000000
13 14 -1.000000
14 14 4.000000
15 14 -1.000000
23 14 -1.000000
6 15 -1.000000
14 15 -1.000000
15 15 4.000000
16 15 -1.000000
24 15 -1.000000
7 16 -1.000000
15 16 -1.000000
16 16 4.000000
17 16 -1.000000
25 16 -1.000000
8 17 -1.000000
16 17 -1.000000
17 17 4.000000
18 17 -1.000000
26 17 -1.000000
9 18 -1.000000
17 18 -1.000000
18 18 4.000000
27 18 -1.000000
10 19 -1.000000
19 19 4.000000
20 19 -1.000000
28 19 -1.000000
11 20 -1.000000
19 20 -1.000000
20 20 4.000000
21 20 -1.000000
29 20 -1.000000
12 21 -1.000000
20 21 -1.000000
21 21 4.000000
22 21 -1.000000
30 21 -1.000000
13 22 -1.000000
21 22 -1.000000
22 22 4.000000
23 22 -1.000000
31 22 -1.000000
14 23 -1.000000
22 23 -1.000000
23 23 4.000000
24 23 -1.000000
32 23 -1.000000
15 24 -1.000000
23 24 -1.000000
24 24 4.000000
25 24 -1.000000
33 24 -1.000000
16 25 -1.000000
24 25 -1.000000
25 25 4.000000
26 25 -1.000000
34 25 -1.000000
17 26 -1.000000
25 26 -1.000000
26 26 4.000000
27 26 -1.000000
35 26 -1.000000
18 27 -1.000000
26 27 -1.000000
27 27 4.000000
36 27 -1.000000
19 28 -1.000000
28 28 4.000000
29 28 -1.000000
37 28 -1.000000
20 29 -1.000000
28 29 -1.000000
29 29 4.000000
30 29 -1.000000
38 29 -1.000000
21 30 -1.000000
29 30 -1.000000
30 30 4.000000
31 30 -1.000000
39 30 -1.000000
22 31 -1.000000
30 31 -1.000000
31 31 4.000000
32 31 -1.000000
40 31 -1.000000
23 32 -1.000000
31 32 -1.000000
32 32 4.000000
33 32 -1.000000
41 32 -1.000000
24 33 -1.000000
32 33 -1.000000
33 33 4.000000
34 33 -1.000000
42 33 -1.000000
25 34 -1.000000
33 34 -1.000000
34 34 4.000000
35 34 -1.000000
43 34 -1.000000
26 35 -1.000000
34 35 -1.000000
35 35 4.000000
36 35 -1.000000
44 35 -1.000000
27 36 -1.000000
35 36 -1.000000
36 36 4.000000
45 36 -1.000000
28 37 -1.000000
37 37 4.000000
38 37 -1.000000
46 37 -1.000000
29 38 -1.000000
37 38 -1.000000
38 38 4.000000
39 38 -1.000000
47 38 -1.000000
30 39 -1.000000
38 39 -1.000000
39 39 4.000000
40 39 -1.000000
48 39 -1.000000
31 40 -1.000000
39 40 -1.000000
40 40 4.000000
41 40 -1.000000
49 40 -1.000000
32 41 -1.000000
40 41 -1.000000
41 41 4.000000
42 41 -1.000000
50 41 -1.000000
33 42 -1.000000
41 42 -1.000000
42 42 4.000000
43 42 -1.000000
51 42 -1.000000
34 43 -1.000000
42 43 -1.000000
43 43 4.000000
44 43 -1.000000
52 43 -1.000000
35 44 -1.000000
43 44 -1.000000
44 44 4.000000
45 44 -1.000000
53 44 -1.000000
36 45 -1.000000
44 45 -1.000000
45 45 4.000000
54 45 -1.000000
37 46 -1.000000
46 46 4.000000
47 46 -1.000000
55 46 -1.000000
38 47 -1.000000
46 47 -1.000000
47 47 4.000000
48 47 -1.000000
56 47 -1.000000
39 48 -1.000000
47 48 -1.000000
48 48 4.000000
49 48 -1.000000
57 48 -1.000000
40 49 -1.000000
48 49 -1.000000
49 49 4.000000
50 49 -1.000000
58 49 -1.000000
41 50 -1.000000
49 50 -1.000000
50 50 4.000000
51 50 -1.000000
59 50 -1.000000
42 51 -1.000000
50 51 -1.000000
51 51 4.000000
52 51 -1.000000
60 51 -1.000000
43 52 -1.000000
51 52 -1.000000
52 52 4.000000
53 52 -1.000000
61 52 -1.000000
44 53 -1.000000
52 53 -1.000000
53 53 4.000000
54 53 -1.000000
62 53 -1.000000
45 54 -1.000000
53 54 -1.000000
54 54 4.000000
63 54 -1.000000
46 55 -1.000000
55 55 4.000000
56 55 -1.000000
64 55 -1.000000
47 56 -1.000000
55 56 -1.000000
56 56 4.000000
57 56 -1.000000
65 56 -1.000000
48 57 -1.000000
56 57 -1.000000
57 57 4.000000
58 57 -1.000000
66 57 -1.000000
49 58 -1.000000
57 58 -1.000000
58 58 4.000000
59 58 -1.000000
67 58 -1.000000
50 59 -1.000000
58 59 -1.000000
59 59 4.000000
60 59 -1.000000
68 59 -1.000000
51 60 -1.000000
59 60 -1.000000
60 60 4.000000
61 60 -1.000000
69 60 -1.000000
52 61 -1.000000
60 61 -1.000000
61 61 4.000000
62 61 -1.000000
70 61 -1.000000
53 62 -1.000000
61 62 -1.000000
62 62 4.000000
63 62 -1.000000
71 62 -1.000000
54 63 -1.000000
62 63 -1.000000
63 63 4.000000
72 63 -1.000000
55 64 -1.000000
64 64 4.000000
65 64 -1.000000
73 64 -1.000000
56 65 -1.000000
64 65 -1.000000
65 65 4.000000
66 65 -1.000000
74 65 -1.000000
57 66 -1.000000
65 66 -1.000000
66 66 4.000000
67 66 -1.000000
75 66 -1.000000
58 67 -1.000000
66 67 -1.000000
67 67 4.000000
68 67 -1.000000
76 67 -1.000000
59 68 -1.000000
67 68 -1.000000
68 68 4.000000
69 68 -1.000000
77 68 -1.000000
60 69 -1.000000
68 69 -1.000000
69 69 4.000000
70 69 -1.000000
78 69 -1.000000
61 70 -1.000000
69 70 -1.000000
70 70 4.000000
71 70 -1.000000
79 70 -1.000000
62 71 -1.000000
70 71 -1.000000
71 71 4.000000
72 71 -1.000000
80 71 -1.000000
63 72 -1.000000
71 72 -1.000000
72 72 4.000000
81 72 -1.000000
64 73 -1.000000
73 73 4.000000
74 73 -1.000000
65 74 -1.000000
73 74 -1.000000
74 74 4.000000
75 74 -1.000000
66 75 -1.000000
74 75 -1.000000
75 75 4.000000
76 75 -1.000000
67 76 -1.000000
75 76 -1.000000
76 76 4.000000
77 76 -1.000000
68 77 -1.000000
76 77 -1.000000
77 77 4.000000
78 77 -1.000000
69 78 -1.000000
77 78 -1.000000
78 78 4.000000
79 78 -1.000000
70 79 -1.000000
78 79 -1.000000
79 79 4.000000
80 79 -1.000000
71 80 -1.000000
79 80 -1.000000
80 80 4.000000
81 80 -1.000000
72 81 -1.000000
80 81 -1.000000
81 81 4.000000
