1 1 1
2 1 -0.25
21 1 -0.25
2 2 1
3 2 -0.266667
21 2 -0.0666667
22 2 -0.266667
3 3 1
4 3 -0.267857
21 3 -0.0178571
22 3 -0.0714286
23 3 -0.267857
4 4 1
5 4 -0.267943
22 4 -0.0191388
23 4 -0.0717703
24 4 -0.267943
5 5 1
6 5 -0.267949
22 5 -0.00512821
23 5 -0.0192308
24 5 -0.0717949
25 5 -0.267949
6 6 1
7 6 -0.267949
23 6 -0.00515287
24 6 -0.0192374
25 6 -0.0717966
26 6 -0.267949
7 7 1
8 7 -0.267949
24 7 -0.00515464
25 7 -0.0192378
26 7 -0.0717968
27 7 -0.267949
8 8 1
9 8 -0.267949
25 8 -0.00515477
26 8 -0.0192379
27 8 -0.0717968
28 8 -0.267949
9 9 1
10 9 -0.267949
26 9 -0.00515478
27 9 -0.0192379
28 9 -0.0717968
29 9 -0.267949
10 10 1
11 10 -0.267949
27 10 -0.00515478
28 10 -0.0192379
29 10 -0.0717968
30 10 -0.267949
11 11 1
12 11 -0.267949
28 11 -0.00515478
29 11 -0.0192379
30 11 -0.0717968
31 11 -0.267949
12 12 1
13 12 -0.267949
29 12 -0.00515478
30 12 -0.0192379
31 12 -0.0717968
32 12 -0.267949
13 13 1
14 13 -0.267949
30 13 -0.00515478
31 13 -0.0192379
32 13 -0.0717968
33 13 -0.267949
14 14 1
15 14 -0.267949
31 14 -0.00515478
32 14 -0.0192379
33 14 -0.0717968
34 14 -0.267949
15 15 1
16 15 -0.267949
32 15 -0.00515478
33 15 -0.0192379
34 15 -0.0717968
35 15 -0.267949
16 16 1
17 16 -0.267949
33 16 -0.00515478
34 16 -0.0192379
35 16 -0.0717968
36 16 -0.267949
17 17 1
18 17 -0.267949
34 17 -0.00515478
35 17 -0.0192379
36 17 -0.0717968
37 17 -0.267949
18 18 1
19 18 -0.267949
35 18 -0.00515478
36 18 -0.0192379
37 18 -0.0717968
38 18 -0.267949
19 19 1
20 19 -0.267949
36 19 -0.00515478
37 19 -0.0192379
38 19 -0.0717968
39 19 -0.267949
20 20 1
37 20 -0.00515478
38 20 -0.0192379
39 20 -0.0717968
40 20 -0.267949
21 21 1
22 21 -0.287081
41 21 -0.267943
22 22 1
23 22 -0.316255
24 22 -0.00602391
41 22 -0.0843059
42 22 -0.293666
23 23 1
24 23 -0.321515
25 23 -0.00611461
41 23 -0.0269341
42 23 -0.0938204
43 23 -0.29666
24 24 1
25 24 -0.322338
26 24 -0.00613143
41 24 -0.00919481
42 24 -0.0320286
43 24 -0.0956102
44 24 -0.297374
25 25 1
26 25 -0.322436
27 25 -0.00613332
42 25 -0.0109022
43 25 -0.0326464
44 25 -0.0958822
45 25 -0.297459
26 26 1
27 26 -0.322447
28 26 -0.00613354
43 26 -0.0111131
44 26 -0.0327408
45 26 -0.0959146
46 26 -0.297469
27 27 1
28 27 -0.322449
29 27 -0.00613357
44 27 -0.0111453
45 27 -0.032752
46 27 -0.0959184
47 27 -0.29747
28 28 1
29 28 -0.322449
30 28 -0.00613357
45 28 -0.0111491
46 28 -0.0327533
47 28 -0.0959189
48 28 -0.29747
29 29 1
30 29 -0.322449
31 29 -0.00613357
46 29 -0.0111496
47 29 -0.0327535
48 29 -0.0959189
49 29 -0.29747
30 30 1
31 30 -0.322449
32 30 -0.00613357
47 30 -0.0111496
48 30 -0.0327535
49 30 -0.0959189
50 30 -0.29747
31 31 1
32 31 -0.322449
33 31 -0.00613357
48 31 -0.0111497
49 31 -0.0327535
50 31 -0.0959189
51 31 -0.29747
32 32 1
33 32 -0.322449
34 32 -0.00613357
49 32 -0.0111497
50 32 -0.0327535
51 32 -0.0959189
52 32 -0.29747
33 33 1
34 33 -0.322449
35 33 -0.00613357
50 33 -0.0111497
51 33 -0.0327535
52 33 -0.0959189
53 33 -0.29747
34 34 1
35 34 -0.322449
36 34 -0.00613357
51 34 -0.0111497
52 34 -0.0327535
53 34 -0.0959189
54 34 -0.29747
35 35 1
36 35 -0.322449
37 35 -0.00613357
52 35 -0.0111497
53 35 -0.0327535
54 35 -0.0959189
55 35 -0.29747
36 36 1
37 36 -0.322449
38 36 -0.00613357
53 36 -0.0111497
54 36 -0.0327535
55 36 -0.0959189
56 36 -0.29747
37 37 1
38 37 -0.322449
39 37 -0.00613357
54 37 -0.0111497
55 37 -0.0327535
56 37 -0.0959189
57 37 -0.29747
38 38 1
39 38 -0.322329
40 38 -0.00572253
55 38 -0.0111493
56 38 -0.0327525
57 38 -0.0959161
58 38 -0.297461
39 39 1
40 39 -0.320507
56 39 -0.01114
57 39 -0.0327252
58 39 -0.0958341
59 39 -0.297317
40 40 1
57 40 -0.0109622
58 40 -0.0321965
59 40 -0.0946445
60 40 -0.295296
41 41 1
42 41 -0.295217
43 41 -0.0080673
61 41 -0.269896
42 42 1
43 42 -0.332588
44 42 -0.0106101
61 42 -0.0881269
62 42 -0.298516
43 43 1
44 43 -0.33937
45 43 -0.010986
61 43 -0.0322192
62 43 -0.100851
63 43 -0.303232
44 44 1
45 44 -0.340672
46 44 -0.0110523
61 44 -0.0119213
62 44 -0.0375606
63 44 -0.10323
64 44 -0.304182
45 45 1
46 45 -0.340901
47 45 -0.0110623
62 45 -0.0139151
63 45 -0.0385311
64 45 -0.103685
65 45 -0.304353
46 46 1
47 46 -0.340938
48 46 -0.0110638
62 46 -0.00515953
63 46 -0.0142782
64 46 -0.0387137
65 46 -0.103764
66 46 -0.304382
47 47 1
48 47 -0.340944
49 47 -0.0110641
63 47 -0.00529435
64 47 -0.0143463
65 47 -0.0387449
66 47 -0.103777
67 47 -0.304387
48 48 1
49 48 -0.340945
50 48 -0.0110641
64 48 -0.00531963
65 48 -0.0143579
66 48 -0.03875
67 48 -0.103779
68 48 -0.304388
49 49 1
50 49 -0.340945
51 49 -0.0110641
65 49 -0.00532395
66 49 -0.0143598
67 49 -0.0387508
68 49 -0.10378
69 49 -0.304388
50 50 1
51 50 -0.340945
52 50 -0.0110641
66 50 -0.00532465
67 50 -0.0143601
68 50 -0.0387509
69 50 -0.10378
70 50 -0.304388
51 51 1
52 51 -0.340945
53 51 -0.0110641
67 51 -0.00532476
68 51 -0.0143602
69 51 -0.0387509
70 51 -0.10378
71 51 -0.304388
52 52 1
53 52 -0.340945
54 52 -0.0110641
68 52 -0.00532477
69 52 -0.0143602
70 52 -0.0387509
71 52 -0.10378
72 52 -0.304388
53 53 1
54 53 -0.340945
55 53 -0.0110641
69 53 -0.00532478
70 53 -0.0143602
71 53 -0.0387509
72 53 -0.10378
73 53 -0.304388
54 54 1
55 54 -0.340945
56 54 -0.0110641
70 54 -0.00532478
71 54 -0.0143602
72 54 -0.0387509
73 54 -0.10378
74 54 -0.304388
55 55 1
56 55 -0.340945
57 55 -0.0110641
71 55 -0.00532478
72 55 -0.0143602
73 55 -0.0387509
74 55 -0.10378
75 55 -0.304388
56 56 1
57 56 -0.340945
58 56 -0.0110625
72 56 -0.00532477
73 56 -0.0143602
74 56 -0.0387509
75 56 -0.10378
76 56 -0.304388
57 57 1
58 57 -0.340928
59 57 -0.0110306
73 57 -0.00532474
74 57 -0.0143601
75 57 -0.0387506
76 57 -0.103779
77 57 -0.304386
58 58 1
59 58 -0.340398
60 58 -0.00979845
74 58 -0.00532349
75 58 -0.0143567
76 58 -0.0387415
77 58 -0.103756
78 58 -0.304333
59 59 1
60 59 -0.335926
75 59 -0.00530576
76 59 -0.0143089
77 59 -0.0386125
78 59 -0.103427
79 59 -0.30384
60 60 1
76 60 -0.00512072
77 60 -0.0138107
78 60 -0.037248
79 60 -0.100788
80 60 -0.300031
61 61 1
62 61 -0.297367
63 61 -0.00980082
81 61 -0.270256
62 62 1
63 62 -0.337708
64 62 -0.0128793
81 62 -0.0891551
82 62 -0.299816
63 63 1
64 63 -0.345896
65 63 -0.0134558
81 63 -0.0336526
82 63 -0.103106
83 63 -0.305311
64 64 1
65 64 -0.347662
66 64 -0.0135736
81 64 -0.0128605
82 64 -0.0397536
83 64 -0.106026
84 64 -0.306525
65 65 1
66 65 -0.348027
67 65 -0.0135959
82 65 -0.0152264
83 65 -0.0410198
84 65 -0.106656
85 65 -0.306781
66 66 1
67 66 -0.348098
68 66 -0.0136
82 66 -0.00584021
83 66 -0.015719
84 66 -0.0412901
85 66 -0.106786
86 66 -0.306832
67 67 1
68 67 -0.348112
69 67 -0.0136007
83 67 -0.00602973
84 67 -0.0158239
85 67 -0.0413449
86 67 -0.106811
87 67 -0.306842
68 68 1
69 68 -0.348114
70 68 -0.0136008
84 68 -0.00607007
85 68 -0.0158451
86 68 -0.0413555
87 68 -0.106816
88 68 -0.306844
69 69 1
70 69 -0.348115
71 69 -0.0136008
85 69 -0.00607822
86 69 -0.0158492
87 69 -0.0413574
88 69 -0.106817
89 69 -0.306844
70 70 1
71 70 -0.348115
72 70 -0.0136008
86 70 -0.0060798
87 70 -0.0158499
88 70 -0.0413578
89 70 -0.106817
90 70 -0.306844
71 71 1
72 71 -0.348115
73 71 -0.0136008
87 71 -0.00608009
88 71 -0.0158501
89 71 -0.0413579
90 71 -0.106817
91 71 -0.306844
72 72 1
73 72 -0.348115
74 72 -0.0136008
88 72 -0.00608014
89 72 -0.0158501
90 72 -0.0413579
91 72 -0.106817
92 72 -0.306844
73 73 1
74 73 -0.348115
75 73 -0.0136008
89 73 -0.00608015
90 73 -0.0158501
91 73 -0.0413579
92 73 -0.106817
93 73 -0.306844
74 74 1
75 74 -0.348115
76 74 -0.0136007
90 74 -0.00608015
91 74 -0.0158501
92 74 -0.0413579
93 74 -0.106817
94 74 -0.306844
75 75 1
76 75 -0.348114
77 75 -0.0135992
91 75 -0.00608015
92 75 -0.0158501
93 75 -0.0413579
94 75 -0.106817
95 75 -0.306844
76 76 1
77 76 -0.348104
78 76 -0.0135772
92 76 -0.00608011
93 76 -0.01585
94 76 -0.0413576
95 76 -0.106816
96 76 -0.306843
77 77 1
78 77 -0.347945
79 77 -0.0132708
93 77 -0.00607952
94 77 -0.0158485
95 77 -0.0413536
96 77 -0.106807
97 77 -0.306825
78 78 1
79 78 -0.346859
80 78 -0.0114235
94 78 -0.00607313
95 78 -0.0158318
96 78 -0.0413101
97 78 -0.10671
98 78 -0.306686
79 79 1
80 79 -0.340642
95 79 -0.00602373
96 79 -0.0157033
97 79 -0.040973
98 79 -0.106091
99 79 -0.305863
80 80 1
96 80 -0.00573091
97 80 -0.014941
98 80 -0.0390276
99 80 -0.102598
100 80 -0.30119
81 81 1
82 81 -0.29797
83 81 -0.0103004
101 81 -0.270345
82 82 1
83 82 -0.339409
84 82 -0.0137599
85 82 -0.00518142
101 82 -0.0894558
102 82 -0.300217
83 83 1
84 83 -0.348361
85 83 -0.0162696
86 83 -0.00545307
101 83 -0.0341038
102 83 -0.103874
103 83 -0.306045
84 84 1
85 84 -0.351159
86 84 -0.0165471
87 84 -0.0055144
101 84 -0.0131948
102 84 -0.0405801
103 84 -0.107098
104 84 -0.307433
85 85 1
86 85 -0.351908
87 85 -0.0166217
88 85 -0.00553073
101 85 -0.00567466
102 85 -0.017569
103 85 -0.042679
104 85 -0.108132
105 85 -0.30793
86 86 1
87 86 -0.352076
88 86 -0.0166382
89 86 -0.00553415
102 86 -0.00742786
103 86 -0.0184799
104 86 -0.0431636
105 86 -0.108402
106 86 -0.308041
87 87 1
88 87 -0.352113
89 87 -0.0166417
90 87 -0.00553486
103 87 -0.00780836
104 87 -0.018695
105 87 -0.0432894
106 87 -0.108462
107 87 -0.308066
88 88 1
89 88 -0.352121
90 88 -0.0166424
91 88 -0.005535
104 88 -0.00789941
105 88 -0.0187507
106 88 -0.0433174
107 88 -0.108476
108 88 -0.308071
89 89 1
90 89 -0.352122
91 89 -0.0166425
92 89 -0.00553503
105 89 -0.00792291
106 89 -0.018763
107 89 -0.0433235
108 89 -0.108479
109 89 -0.308072
90 90 1
91 90 -0.352123
92 90 -0.0166425
93 90 -0.00553504
106 90 -0.0079281
107 90 -0.0187656
108 90 -0.0433248
109 90 -0.108479
110 90 -0.308073
91 91 1
92 91 -0.352123
93 91 -0.0166425
94 91 -0.00553504
107 91 -0.00792923
108 91 -0.0187662
109 91 -0.0433251
110 91 -0.108479
111 91 -0.308073
92 92 1
93 92 -0.352123
94 92 -0.0166425
95 92 -0.00553503
108 92 -0.00792946
109 92 -0.0187663
110 92 -0.0433251
111 92 -0.108479
112 92 -0.308073
93 93 1
94 93 -0.352123
95 93 -0.0166425
96 93 -0.00553492
109 93 -0.00792951
110 93 -0.0187663
111 93 -0.0433251
112 93 -0.108479
113 93 -0.308073
94 94 1
95 94 -0.352122
96 94 -0.0166417
97 94 -0.00553347
110 94 -0.00792952
111 94 -0.0187663
112 94 -0.0433251
113 94 -0.108479
114 94 -0.308073
95 95 1
96 95 -0.352118
97 95 -0.016634
98 95 -0.00552101
111 95 -0.0079295
112 95 -0.0187663
113 95 -0.043325
114 95 -0.108479
115 95 -0.308072
96 96 1
97 96 -0.352085
98 96 -0.0165771
99 96 -0.00543908
112 96 -0.00792927
113 96 -0.0187657
114 96 -0.0433237
115 96 -0.108476
116 96 -0.308068
97 97 1
98 97 -0.351803
99 97 -0.0161035
113 97 -0.00792708
114 97 -0.0187605
115 97 -0.043312
116 97 -0.108453
117 97 -0.308031
98 98 1
99 98 -0.350319
100 98 -0.0120134
114 98 -0.00791143
115 98 -0.018723
116 98 -0.0432304
117 98 -0.108291
118 98 -0.307818
99 99 1
100 99 -0.34246
115 99 -0.00781932
116 99 -0.0185019
117 99 -0.04275
118 99 -0.107474
119 99 -0.30679
100 100 1
116 100 -0.00673699
117 100 -0.0156652
118 100 -0.0398013
119 100 -0.103273
120 100 -0.301562
101 101 1
102 101 -0.298253
103 101 -0.0106764
121 101 -0.270378
102 102 1
103 102 -0.340244
104 102 -0.0143559
105 102 -0.00606279
121 102 -0.0895926
122 102 -0.300392
103 103 1
104 103 -0.349737
105 103 -0.0175102
106 103 -0.00650476
121 103 -0.0343653
122 103 -0.104254
123 103 -0.306408
104 104 1
105 104 -0.353123
106 104 -0.0179473
107 104 -0.00661357
121 104 -0.0133976
122 104 -0.041065
123 104 -0.1077
124 104 -0.307945
105 105 1
106 105 -0.354184
107 105 -0.0180808
108 105 -0.00664739
121 105 -0.00590512
122 105 -0.0182414
123 105 -0.0435157
124 105 -0.108974
125 105 -0.3086
106 106 1
107 106 -0.354461
108 106 -0.0181151
109 106 -0.00665544
122 106 -0.00788674
123 106 -0.0193677
124 106 -0.0441597
125 106 -0.109362
126 106 -0.308771
107 107 1
108 107 -0.354531
109 107 -0.0181233
110 107 -0.00665733
123 107 -0.00836772
124 107 -0.0196692
125 107 -0.0443536
126 107 -0.109463
127 107 -0.308815
108 108 1
109 108 -0.354549
110 108 -0.0181252
111 108 -0.00665777
124 108 -0.00849862
125 108 -0.0197596
126 108 -0.0444038
127 108 -0.109488
128 108 -0.308826
109 109 1
110 109 -0.354553
111 109 -0.0181257
112 109 -0.00665787
125 109 -0.00853767
126 109 -0.0197827
127 109 -0.0444163
128 109 -0.109495
129 109 -0.308829
110 110 1
111 110 -0.354554
112 110 -0.0181258
113 110 -0.00665789
126 110 -0.00854764
127 110 -0.0197885
128 110 -0.0444193
129 110 -0.109496
130 110 -0.308829
111 111 1
112 111 -0.354554
113 111 -0.0181258
114 111 -0.00665789
127 111 -0.00855011
128 111 -0.0197898
129 111 -0.0444201
130 111 -0.109497
131 111 -0.308829
112 112 1
113 112 -0.354554
114 112 -0.0181258
115 112 -0.00665784
128 112 -0.0085507
129 112 -0.0197902
130 112 -0.0444202
131 112 -0.109497
132 112 -0.308829
113 113 1
114 113 -0.354554
115 113 -0.0181255
116 113 -0.00665734
129 113 -0.00855084
130 113 -0.0197902
131 113 -0.0444202
132 113 -0.109497
133 113 -0.308829
114 114 1
115 114 -0.354552
116 114 -0.0181231
117 114 -0.00665333
130 114 -0.00855086
131 114 -0.0197902
132 114 -0.0444202
133 114 -0.109497
134 114 -0.308829
115 115 1
116 115 -0.354542
117 115 -0.0181056
118 115 -0.00662814
131 115 -0.00855078
132 115 -0.01979
133 115 -0.0444197
134 115 -0.109496
135 115 -0.308828
116 116 1
117 116 -0.354448
118 116 -0.0179763
119 116 -0.00642615
132 116 -0.00855002
133 116 -0.0197882
134 116 -0.0444159
135 116 -0.109488
136 116 -0.308815
117 117 1
118 117 -0.353915
119 117 -0.0171316
133 117 -0.00854423
134 117 -0.0197747
135 117 -0.0443868
136 117 -0.109429
137 117 -0.30873
118 118 1
119 118 -0.351938
120 118 -0.0122753
134 118 -0.00851361
135 118 -0.019703
136 118 -0.0442331
137 118 -0.109153
138 118 -0.308416
119 119 1
120 119 -0.343234
135 119 -0.00836359
136 119 -0.0193458
137 119 -0.0435272
138 119 -0.108117
139 119 -0.307205
120 120 1
136 120 -0.0070525
137 120 -0.0159835
138 120 -0.0401491
139 120 -0.103557
140 120 -0.301708
121 121 1
122 121 -0.298355
123 121 -0.0107842
141 121 -0.270391
122 122 1
123 122 -0.340602
124 122 -0.014613
125 122 -0.0063202
141 122 -0.0896453
142 122 -0.300465
123 123 1
124 123 -0.350398
125 123 -0.0180089
126 123 -0.00684703
141 123 -0.0344607
142 123 -0.104421
143 123 -0.306578
124 124 1
125 124 -0.35409
126 124 -0.0185477
127 124 -0.00699081
141 124 -0.0134828
142 124 -0.0412871
143 124 -0.107995
144 124 -0.308206
125 125 1
126 125 -0.355346
127 125 -0.0187279
128 125 -0.00703987
141 125 -0.00599358
142 125 -0.0185021
143 125 -0.0438956
144 125 -0.109395
145 125 -0.308947
126 126 1
127 126 -0.355708
128 126 -0.0187798
129 126 -0.00705299
142 126 -0.00806836
143 126 -0.019735
144 126 -0.0446342
145 126 -0.109859
146 126 -0.309161
127 127 1
128 127 -0.355811
129 127 -0.0187936
130 127 -0.00705643
143 127 -0.00860157
144 127 -0.0200922
145 127 -0.0448766
146 127 -0.109993
147 127 -0.309222
128 128 1
129 128 -0.355839
130 128 -0.0187972
131 128 -0.00705732
144 128 -0.00875871
145 128 -0.0202091
146 128 -0.0449463
147 128 -0.110031
148 128 -0.30924
129 129 1
130 129 -0.355847
131 129 -0.0187982
132 129 -0.00705754
145 129 -0.00880981
146 129 -0.0202423
147 129 -0.0449657
148 129 -0.110041
149 129 -0.309244
130 130 1
131 130 -0.355849
132 130 -0.0187984
133 130 -0.00705759
146 130 -0.0088243
147 130 -0.0202515
148 130 -0.044971
149 130 -0.110044
150 130 -0.309245
131 131 1
132 131 -0.355849
133 131 -0.0187984
134 131 -0.00705758
147 131 -0.00882828
148 131 -0.0202539
149 131 -0.0449723
150 131 -0.110045
151 131 -0.309246
132 132 1
133 132 -0.355849
134 132 -0.0187983
135 132 -0.0070574
148 132 -0.00882934
149 132 -0.0202545
150 132 -0.0449726
151 132 -0.110045
152 132 -0.309246
133 133 1
134 133 -0.355849
135 133 -0.0187975
136 133 -0.00705597
149 133 -0.00882961
150 133 -0.0202547
151 133 -0.0449727
152 133 -0.110045
153 133 -0.309246
134 134 1
135 134 -0.355845
136 134 -0.0187914
137 134 -0.00704702
150 134 -0.00882965
151 134 -0.0202546
152 134 -0.0449726
153 134 -0.110045
154 134 -0.309245
135 135 1
136 135 -0.355821
137 135 -0.0187567
138 135 -0.00700323
151 135 -0.00882942
152 135 -0.0202541
153 135 -0.0449713
154 135 -0.110042
155 135 -0.309242
136 136 1
137 136 -0.355667
138 136 -0.018565
139 136 -0.00673061
152 136 -0.00882774
153 136 -0.0202501
154 136 -0.0449632
155 136 -0.110027
156 136 -0.309219
137 137 1
138 137 -0.354959
139 137 -0.0175427
153 137 -0.00881767
154 137 -0.0202268
155 137 -0.044915
156 137 -0.109935
157 137 -0.309096
138 138 1
139 138 -0.352684
140 138 -0.0123944
154 138 -0.00877339
155 138 -0.0201243
156 138 -0.0447049
157 138 -0.109579
158 138 -0.30871
139 139 1
140 139 -0.343576
155 139 -0.00858696
156 139 -0.0196862
157 139 -0.0438743
158 139 -0.108412
159 139 -0.307391
140 140 1
156 140 -0.00718169
157 140 -0.0161262
158 140 -0.040307
159 140 -0.103681
160 140 -0.301771
141 141 1
142 141 -0.298395
143 141 -0.0108257
161 141 -0.270396
142 142 1
143 142 -0.340756
144 142 -0.0147253
145 142 -0.00642137
161 142 -0.0896665
162 142 -0.300496
143 143 1
144 143 -0.350703
145 143 -0.018227
146 143 -0.00699008
161 143 -0.0345003
162 143 -0.104494
163 143 -0.306654
144 144 1
145 144 -0.354552
146 144 -0.0188232
147 144 -0.00715596
161 144 -0.0135204
162 144 -0.0413873
163 144 -0.108133
164 144 -0.308332
145 145 1
146 145 -0.355917
147 145 -0.0190345
148 145 -0.00721606
161 145 -0.00603209
162 145 -0.0186163
163 145 -0.0440709
164 145 -0.109598
165 145 -0.309118
146 146 1
147 146 -0.356338
148 146 -0.0191002
149 146 -0.00723356
162 146 -0.00814951
163 146 -0.0199024
164 146 -0.0448615
165 146 -0.110106
166 146 -0.309359
147 147 1
148 147 -0.356466
149 147 -0.0191192
150 147 -0.00723856
163 147 -0.00870996
164 147 -0.0202922
165 147 -0.0451343
166 147 -0.110263
167 147 -0.309433
148 148 1
149 148 -0.356504
150 148 -0.0191247
151 148 -0.00723995
164 148 -0.00888287
165 148 -0.0204268
166 148 -0.0452184
167 148 -0.11031
168 148 -0.309455
149 149 1
150 149 -0.356515
151 149 -0.0191262
152 149 -0.00724033
165 149 -0.00894212
166 149 -0.0204677
167 149 -0.0452436
168 149 -0.110324
169 149 -0.309461
150 150 1
151 150 -0.356518
152 150 -0.0191265
153 150 -0.00724042
166 150 -0.00896013
167 150 -0.0204799
168 150 -0.0452509
169 150 -0.110328
170 150 -0.309463
151 151 1
152 151 -0.356519
153 151 -0.0191266
154 151 -0.00724038
167 151 -0.00896548
168 151 -0.0204834
169 151 -0.045253
170 151 -0.110329
171 151 -0.309464
152 152 1
153 152 -0.356519
154 152 -0.0191264
155 152 -0.00723996
168 152 -0.00896702
169 152 -0.0204844
170 152 -0.0452536
171 152 -0.11033
172 152 -0.309464
153 153 1
154 153 -0.356518
155 153 -0.0191245
156 153 -0.00723721
169 153 -0.00896744
170 153 -0.0204846
171 153 -0.0452537
172 153 -0.11033
173 153 -0.309464
154 154 1
155 154 -0.356511
156 154 -0.019114
157 154 -0.00722317
170 154 -0.00896747
171 154 -0.0204845
172 154 -0.0452533
173 154 -0.110329
174 154 -0.309463
155 155 1
156 155 -0.356474
157 155 -0.0190642
158 155 -0.00716478
171 155 -0.00896702
172 155 -0.0204834
173 155 -0.045251
174 155 -0.110325
175 155 -0.309457
156 156 1
157 156 -0.356274
158 156 -0.0188318
159 156 -0.00685493
172 156 -0.00896432
173 156 -0.0204771
174 156 -0.0452383
175 156 -0.110302
176 156 -0.309426
157 157 1
158 157 -0.355464
159 157 -0.0177241
173 157 -0.00895065
174 157 -0.0204456
175 157 -0.0451754
176 157 -0.110188
177 157 -0.309279
158 158 1
159 158 -0.353031
160 158 -0.0124488
174 158 -0.00889685
175 158 -0.0203221
176 158 -0.0449299
177 158 -0.109785
178 158 -0.30885
159 159 1
160 159 -0.343731
175 159 -0.00868979
176 159 -0.0198404
177 159 -0.0440349
178 159 -0.108549
179 159 -0.307476
160 160 1
176 160 -0.00724038
177 160 -0.0161922
178 160 -0.0403796
179 160 -0.103737
180 160 -0.301799
161 161 1
162 161 -0.298411
163 161 -0.0108435
181 161 -0.270398
162 162 1
163 162 -0.340825
164 162 -0.0147759
165 162 -0.00646602
181 162 -0.0896755
182 162 -0.30051
163 163 1
164 163 -0.350844
165 163 -0.0183272
166 163 -0.00705572
181 163 -0.0345176
182 163 -0.104527
183 163 -0.306689
164 164 1
165 164 -0.354772
166 164 -0.0189543
167 164 -0.00723445
181 164 -0.0135373
182 164 -0.041433
183 164 -0.108197
184 164 -0.308391
165 165 1
166 165 -0.356197
167 165 -0.0191846
168 165 -0.00730168
181 165 -0.00604968
182 165 -0.0186686
183 165 -0.044153
184 165 -0.109696
185 165 -0.309201
166 166 1
167 166 -0.356653
168 166 -0.0192596
169 166 -0.00732242
182 166 -0.00818742
183 166 -0.0199815
184 166 -0.0449712
185 166 -0.110228
186 166 -0.309457
167 167 1
168 167 -0.356799
169 167 -0.0192828
170 167 -0.00732873
183 167 -0.008762
184 167 -0.0203895
185 167 -0.0452618
186 167 -0.110398
187 167 -0.309539
168 168 1
169 168 -0.356845
170 168 -0.0192898
171 168 -0.00733061
184 168 -0.0089439
185 168 -0.0205348
186 168 -0.0453553
187 168 -0.110453
188 168 -0.309565
169 169 1
170 169 -0.356859
171 169 -0.0192919
172 169 -0.00733115
185 169 -0.00900823
186 169 -0.0205811
187 169 -0.0453849
188 169 -0.11047
189 169 -0.309573
170 170 1
171 170 -0.356863
172 170 -0.0192924
173 170 -0.00733128
186 170 -0.00902869
187 170 -0.0205956
188 170 -0.045394
189 170 -0.110475
190 170 -0.309576
171 171 1
172 171 -0.356864
173 171 -0.0192925
174 171 -0.00733119
187 171 -0.0090351
188 171 -0.0206
189 171 -0.0453967
190 171 -0.110476
191 171 -0.309576
172 172 1
173 172 -0.356864
174 172 -0.019292
175 172 -0.00733045
188 172 -0.00903705
189 172 -0.0206014
190 172 -0.0453975
191 172 -0.110477
192 172 -0.309577
173 173 1
174 173 -0.356862
175 173 -0.0192891
176 173 -0.00732644
189 173 -0.00903761
190 173 -0.0206017
191 173 -0.0453976
192 173 -0.110477
193 173 -0.309576
174 174 1
175 174 -0.356851
176 174 -0.0192748
177 174 -0.00730848
190 174 -0.00903764
191 174 -0.0206015
192 174 -0.045397
193 174 -0.110475
194 174 -0.309575
175 175 1
176 175 -0.356804
177 175 -0.0192143
178 175 -0.00724074
191 175 -0.00903695
192 175 -0.0205998
193 175 -0.0453936
194 175 -0.110469
195 175 -0.309567
176 176 1
177 176 -0.356575
178 176 -0.0189582
179 176 -0.00691153
192 176 -0.00903337
193 176 -0.0205915
194 176 -0.0453773
195 176 -0.110441
196 176 -0.30953
177 177 1
178 177 -0.355709
179 177 -0.0178081
180 177 -0.00500935
193 177 -0.00901713
194 177 -0.0205543
195 177 -0.0453045
196 177 -0.110313
197 177 -0.309369
178 178 1
179 178 -0.353194
180 178 -0.0142532
194 178 -0.00895744
195 178 -0.0204181
196 178 -0.0450387
197 178 -0.109885
198 178 -0.308918
179 179 1
180 179 -0.344516
195 179 -0.00873913
196 179 -0.0199133
197 179 -0.0441107
198 179 -0.108613
199 179 -0.307515
180 180 1
196 180 -0.00790386
197 180 -0.017967
198 180 -0.0410493
199 180 -0.104036
200 180 -0.301979
181 181 1
182 181 -0.298418
183 181 -0.0108514
201 181 -0.270399
182 182 1
183 182 -0.340855
184 182 -0.0147992
185 182 -0.0064866
201 182 -0.0896794
202 182 -0.300516
183 183 1
184 183 -0.35091
185 183 -0.0183743
186 183 -0.00708688
201 183 -0.0345254
202 183 -0.104542
203 183 -0.306705
184 184 1
185 184 -0.354877
186 184 -0.0190177
187 184 -0.00727273
201 184 -0.0135451
202 184 -0.0414542
203 184 -0.108227
204 184 -0.308419
185 185 1
186 185 -0.356334
187 185 -0.0192588
188 185 -0.00734427
201 185 -0.00605789
202 185 -0.018693
203 185 -0.0441918
204 185 -0.109743
205 185 -0.309241
186 186 1
187 186 -0.35681
188 186 -0.0193398
189 186 -0.00736718
202 186 -0.00820545
203 186 -0.0200194
204 186 -0.0450245
205 186 -0.110287
206 186 -0.309506
187 187 1
188 187 -0.356967
189 187 -0.0193659
190 187 -0.00737447
203 187 -0.0087873
204 187 -0.0204372
205 187 -0.0453252
206 187 -0.110466
207 187 -0.309593
188 188 1
189 188 -0.357019
190 188 -0.0193741
191 188 -0.00737675
204 188 -0.00897417
205 188 -0.0205888
206 188 -0.0454244
207 188 -0.110525
208 188 -0.309622
189 189 1
190 189 -0.357035
191 189 -0.0193767
192 189 -0.00737743
205 189 -0.00904151
206 189 -0.0206385
207 189 -0.0454569
208 189 -0.110544
209 189 -0.309631
190 190 1
191 190 -0.35704
192 190 -0.0193774
193 190 -0.0073776
206 190 -0.00906356
207 190 -0.0206546
208 190 -0.0454673
209 190 -0.11055
210 190 -0.309634
191 191 1
192 191 -0.357041
193 191 -0.0193775
194 191 -0.00737745
207 191 -0.00907071
208 191 -0.0206598
209 191 -0.0454706
210 191 -0.110552
211 191 -0.309635
192 192 1
193 192 -0.357041
194 192 -0.0193767
195 192 -0.0073764
208 192 -0.00907299
209 192 -0.0206614
210 192 -0.0454716
211 192 -0.110552
212 192 -0.309635
193 193 1
194 193 -0.357038
195 193 -0.0193729
196 193 -0.0073714
209 193 -0.00907366
210 193 -0.0206618
211 193 -0.0454717
212 193 -0.110552
213 193 -0.309634
194 194 1
195 194 -0.357025
196 194 -0.0193558
197 194 -0.00735083
210 194 -0.00907367
211 194 -0.0206614
212 194 -0.0454708
213 194 -0.110551
214 194 -0.309632
195 195 1
196 195 -0.35697
197 195 -0.0192886
198 195 -0.00727761
211 195 -0.00907277
212 195 -0.0206593
213 195 -0.0454665
214 195 -0.110543
215 195 -0.309623
196 196 1
197 196 -0.356753
198 196 -0.0190509
199 196 -0.00700786
212 196 -0.00906863
213 196 -0.0206497
214 196 -0.0454481
215 196 -0.110513
216 196 -0.309585
197 197 1
198 197 -0.355951
199 197 -0.0180638
200 197 -0.00555967
213 197 -0.00905195
214 197 -0.0206116
215 197 -0.0453756
216 197 -0.110393
217 197 -0.309438
198 198 1
199 198 -0.353475
200 198 -0.0146599
214 198 -0.00899313
215 198 -0.0204782
216 198 -0.0451242
217 198 -0.109986
218 198 -0.308991
199 199 1
200 199 -0.34485
215 199 -0.00878997
216 199 -0.0200158
217 199 -0.0442573
218 199 -0.108726
219 199 -0.307591
200 200 1
216 200 -0.00802412
217 200 -0.0182432
218 200 -0.041248
219 200 -0.104165
220 200 -0.30206
201 201 1
202 201 -0.298422
203 201 -0.010855
221 201 -0.270399
202 202 1
203 202 -0.340869
204 202 -0.01481
205 202 -0.00649628
221 202 -0.0896812
222 202 -0.300518
203 203 1
204 203 -0.350941
205 203 -0.0183968
206 203 -0.00710188
221 203 -0.034529
222 203 -0.104549
223 203 -0.306712
204 204 1
205 204 -0.354927
206 204 -0.0190486
207 204 -0.00729157
221 204 -0.0135487
222 204 -0.0414641
223 204 -0.108241
224 204 -0.308433
205 205 1
206 205 -0.356401
207 205 -0.0192957
208 205 -0.0073656
221 205 -0.00606177
222 205 -0.0187046
223 205 -0.0442104
224 205 -0.109765
225 205 -0.309261
206 206 1
207 206 -0.356889
208 206 -0.0193803
209 206 -0.00738987
222 206 -0.00821411
223 206 -0.0200378
224 206 -0.0450505
225 206 -0.110317
226 206 -0.30953
207 207 1
208 207 -0.357053
209 207 -0.0194082
210 207 -0.00739782
223 207 -0.00879969
224 207 -0.0204608
225 207 -0.0453566
226 207 -0.1105
227 207 -0.30962
208 208 1
209 208 -0.357108
210 208 -0.0194173
211 208 -0.0074004
224 208 -0.00898923
225 208 -0.0206159
226 208 -0.0454593
227 208 -0.110561
228 208 -0.30965
209 209 1
210 209 -0.357125
211 209 -0.0194202
212 209 -0.00740121
225 209 -0.00905829
226 209 -0.0206676
227 209 -0.0454936
228 209 -0.110582
229 209 -0.30966
210 210 1
211 210 -0.357131
212 210 -0.0194211
213 210 -0.0074014
226 210 -0.00908131
227 210 -0.0206848
228 210 -0.0455049
229 210 -0.110589
230 210 -0.309663
211 211 1
212 211 -0.357133
213 211 -0.0194212
214 211 -0.00740118
227 211 -0.00908896
228 211 -0.0206905
229 211 -0.0455086
230 211 -0.110591
231 211 -0.309665
212 212 1
213 212 -0.357133
214 212 -0.0194202
215 212 -0.00739991
228 212 -0.00909146
229 212 -0.0206923
230 212 -0.0455097
231 212 -0.110591
232 212 -0.309665
213 213 1
214 213 -0.357129
215 213 -0.0194158
216 213 -0.00739449
229 213 -0.00909221
230 213 -0.0206927
231 213 -0.0455098
232 213 -0.110591
233 213 -0.309664
214 214 1
215 214 -0.357115
216 214 -0.019398
217 214 -0.00737389
230 214 -0.00909221
231 214 -0.0206923
232 214 -0.0455087
233 214 -0.110589
234 214 -0.309662
215 215 1
216 215 -0.357059
217 215 -0.0193326
218 215 -0.00730321
231 215 -0.0090912
232 215 -0.0206899
233 215 -0.0455039
234 215 -0.110581
235 215 -0.309652
216 216 1
217 216 -0.356855
218 216 -0.0191083
219 216 -0.00705395
232 216 -0.00908691
233 216 -0.02068
234 216 -0.0454853
235 216 -0.110551
236 216 -0.309616
217 217 1
218 217 -0.356084
219 217 -0.0181597
220 217 -0.00564586
233 217 -0.00907066
234 217 -0.0206431
235 217 -0.045416
236 217 -0.110438
237 217 -0.309477
218 218 1
219 218 -0.353622
220 218 -0.0147546
234 218 -0.00901367
235 218 -0.0205142
236 218 -0.0451743
237 218 -0.110042
238 218 -0.309035
219 219 1
220 219 -0.344974
235 219 -0.00881607
236 219 -0.0200658
237 219 -0.0443236
238 219 -0.108786
239 219 -0.307634
220 220 1
236 220 -0.00805761
237 220 -0.0183076
238 220 -0.0413092
239 220 -0.104213
240 220 -0.302089
221 221 1
222 221 -0.298423
223 221 -0.0108566
241 221 -0.270399
222 222 1
223 222 -0.340876
224 222 -0.0148151
225 222 -0.00650089
241 222 -0.089682
242 222 -0.30052
223 223 1
224 223 -0.350955
225 223 -0.0184075
226 223 -0.00710915
241 223 -0.0345306
242 223 -0.104552
243 223 -0.306716
224 224 1
225 224 -0.354951
226 224 -0.0190637
227 224 -0.00730087
241 224 -0.0135504
242 224 -0.0414688
243 224 -0.108248
244 224 -0.308439
225 225 1
226 225 -0.356434
227 225 -0.019314
228 225 -0.0073763
241 225 -0.00606362
242 225 -0.0187102
243 225 -0.0442193
244 225 -0.109776
245 225 -0.30927
226 226 1
227 226 -0.356928
228 226 -0.0194007
229 226 -0.00740138
242 226 -0.0082183
243 226 -0.0200467
244 226 -0.0450633
245 226 -0.110331
246 226 -0.309542
227 227 1
228 227 -0.357096
229 227 -0.0194297
230 227 -0.00740977
243 227 -0.00880577
244 227 -0.0204724
245 227 -0.0453723
246 227 -0.110517
247 227 -0.309634
228 228 1
229 228 -0.357153
230 228 -0.0194395
231 228 -0.00741255
244 228 -0.00899673
245 228 -0.0206294
246 228 -0.0454768
247 228 -0.11058
248 228 -0.309665
229 229 1
230 229 -0.357172
231 229 -0.0194426
232 229 -0.00741344
245 229 -0.00906675
246 229 -0.0206824
247 229 -0.0455122
248 229 -0.110601
249 229 -0.309675
230 230 1
231 230 -0.357178
232 230 -0.0194436
233 230 -0.00741365
246 230 -0.00909035
247 230 -0.0207002
248 230 -0.0455242
249 230 -0.110609
250 230 -0.309679
231 231 1
232 231 -0.35718
233 231 -0.0194437
234 231 -0.0074134
247 231 -0.00909831
248 231 -0.0207062
249 231 -0.0455281
250 231 -0.110611
251 231 -0.30968
232 232 1
233 232 -0.35718
234 232 -0.0194426
235 232 -0.00741201
248 232 -0.00910096
249 232 -0.0207082
250 232 -0.0455293
251 232 -0.110612
252 232 -0.30968
233 233 1
234 233 -0.357176
235 233 -0.0194379
236 233 -0.00740658
249 233 -0.00910177
250 233 -0.0207087
251 233 -0.0455294
252 233 -0.110611
253 233 -0.30968
234 234 1
235 234 -0.357161
236 234 -0.0194205
237 234 -0.00738663
250 234 -0.00910177
251 234 -0.0207082
252 234 -0.0455283
253 234 -0.110609
254 234 -0.309677
235 235 1
236 235 -0.357107
237 235 -0.0193574
238 235 -0.007318
251 235 -0.00910072
252 235 -0.0207057
253 235 -0.0455234
254 235 -0.110601
255 235 -0.309667
236 236 1
237 236 -0.35691
238 236 -0.0191387
239 236 -0.00707371
252 236 -0.00909647
253 236 -0.020696
254 236 -0.0455052
255 236 -0.110572
256 236 -0.309632
237 237 1
238 237 -0.35615
239 237 -0.0181963
240 237 -0.00566614
253 237 -0.00908064
254 237 -0.02066
255 237 -0.045438
256 237 -0.110462
257 237 -0.309497
238 238 1
239 238 -0.353688
240 238 -0.014782
254 238 -0.00902467
255 238 -0.0205336
256 238 -0.0452001
257 238 -0.11007
258 238 -0.309056
239 239 1
240 239 -0.345021
255 239 -0.00882854
256 239 -0.0200884
257 239 -0.0443519
258 239 -0.108813
259 239 -0.307653
240 240 1
256 240 -0.00806985
257 240 -0.0183283
258 240 -0.0413307
259 240 -0.104231
260 240 -0.302099
241 241 1
242 241 -0.298424
243 241 -0.0108574
261 241 -0.270399
242 242 1
243 242 -0.340879
244 242 -0.0148176
245 242 -0.0065031
261 242 -0.0896824
262 242 -0.30052
243 243 1
244 243 -0.350962
245 243 -0.0184127
246 243 -0.00711269
261 243 -0.0345314
262 243 -0.104553
263 243 -0.306717
244 244 1
245 244 -0.354963
246 244 -0.0190711
247 244 -0.00730548
261 244 -0.0135513
262 244 -0.041471
263 244 -0.108251
264 244 -0.308442
245 245 1
246 245 -0.35645
247 245 -0.0193231
248 245 -0.00738166
261 245 -0.00606451
262 245 -0.0187128
263 245 -0.0442237
264 245 -0.109781
265 245 -0.309275
246 246 1
247 246 -0.356948
248 246 -0.019411
249 246 -0.00740723
262 246 -0.00822034
263 246 -0.020051
264 246 -0.0450695
265 246 -0.110338
266 246 -0.309548
247 247 1
248 247 -0.357118
249 247 -0.0194407
250 247 -0.00741587
263 247 -0.00880876
264 247 -0.0204782
265 247 -0.0453801
266 247 -0.110525
267 247 -0.30964
248 248 1
249 248 -0.357176
250 248 -0.0194508
251 248 -0.00741879
264 248 -0.00900047
265 248 -0.0206362
266 248 -0.0454857
267 248 -0.110589
268 248 -0.309672
249 249 1
250 249 -0.357196
251 249 -0.0194542
252 249 -0.00741974
265 249 -0.00907102
266 249 -0.0206898
267 249 -0.0455217
268 249 -0.110611
269 249 -0.309683
250 250 1
251 250 -0.357202
252 250 -0.0194552
253 250 -0.00741997
266 250 -0.00909495
267 250 -0.0207081
268 250 -0.045534
269 250 -0.110619
270 250 -0.309687
251 251 1
252 251 -0.357204
253 251 -0.0194553
254 251 -0.00741969
267 251 -0.0091031
268 251 -0.0207143
269 251 -0.0455381
270 251 -0.110621
271 251 -0.309688
252 252 1
253 252 -0.357204
254 252 -0.0194541
255 252 -0.00741829
268 252 -0.00910584
269 252 -0.0207164
270 252 -0.0455394
271 252 -0.110622
272 252 -0.309688
253 253 1
254 253 -0.3572
255 253 -0.0194495
256 253 -0.00741297
269 253 -0.0091067
270 253 -0.0207169
271 253 -0.0455396
272 253 -0.110622
273 253 -0.309688
254 254 1
255 254 -0.357186
256 254 -0.0194324
257 254 -0.00739348
270 254 -0.0091067
271 254 -0.0207164
272 254 -0.0455384
273 254 -0.11062
274 254 -0.309685
255 255 1
256 255 -0.357132
257 255 -0.0193706
258 255 -0.00732574
271 255 -0.00910565
272 255 -0.0207139
273 255 -0.0455335
274 255 -0.110612
275 255 -0.309675
256 256 1
257 256 -0.356938
258 256 -0.0191536
259 256 -0.00708232
272 256 -0.00910148
273 256 -0.0207043
274 256 -0.0455157
275 256 -0.110583
276 256 -0.309641
257 257 1
258 257 -0.356181
259 257 -0.0182113
260 257 -0.00567272
273 257 -0.0090859
274 257 -0.020669
275 257 -0.0454495
276 257 -0.110475
277 257 -0.309507
258 258 1
259 258 -0.353717
260 258 -0.0147916
274 258 -0.00903033
275 258 -0.0205435
276 258 -0.0452128
277 258 -0.110084
278 258 -0.309066
259 259 1
260 259 -0.345039
275 259 -0.00883445
276 259 -0.0200986
277 259 -0.0443642
278 259 -0.108825
279 259 -0.307661
260 260 1
276 260 -0.00807495
277 260 -0.0183362
278 260 -0.0413391
279 260 -0.104237
280 260 -0.302103
261 261 1
262 261 -0.298424
263 261 -0.0108578
281 261 -0.270399
262 262 1
263 262 -0.34088
264 262 -0.0148187
265 262 -0.00650416
281 262 -0.0896825
282 262 -0.300521
263 263 1
264 263 -0.350965
265 263 -0.0184152
266 263 -0.00711442
281 263 -0.0345318
282 263 -0.104554
283 263 -0.306718
264 264 1
265 264 -0.354969
266 264 -0.0190747
267 264 -0.00730776
281 264 -0.0135516
282 264 -0.0414721
283 264 -0.108253
284 264 -0.308443
265 265 1
266 265 -0.356459
267 265 -0.0193277
268 265 -0.00738436
281 265 -0.00606494
282 265 -0.0187141
283 265 -0.0442258
284 265 -0.109784
285 265 -0.309277
266 266 1
267 266 -0.356957
268 266 -0.0194162
269 266 -0.00741019
282 266 -0.00822133
283 266 -0.0200532
284 266 -0.0450726
285 266 -0.110342
286 266 -0.309551
267 267 1
268 267 -0.357129
269 267 -0.0194463
270 267 -0.00741899
283 267 -0.00881024
284 267 -0.020481
285 267 -0.0453839
286 267 -0.11053
287 267 -0.309644
268 268 1
269 268 -0.357188
270 268 -0.0194566
271 268 -0.00742199
284 268 -0.00900234
285 268 -0.0206396
286 268 -0.0454901
287 268 -0.110594
288 268 -0.309676
269 269 1
270 269 -0.357208
271 269 -0.0194601
272 269 -0.00742298
285 269 -0.00907318
286 269 -0.0206936
287 269 -0.0455266
288 269 -0.110616
289 269 -0.309687
270 270 1
271 270 -0.357215
272 270 -0.0194612
273 270 -0.00742322
286 270 -0.00909729
287 270 -0.0207121
288 270 -0.0455391
289 270 -0.110624
290 270 -0.309691
271 271 1
272 271 -0.357217
273 271 -0.0194613
274 271 -0.00742295
287 271 -0.00910554
288 271 -0.0207185
289 271 -0.0455433
290 271 -0.110627
291 271 -0.309692
272 272 1
273 272 -0.357216
274 272 -0.0194601
275 272 -0.00742156
288 272 -0.00910835
289 272 -0.0207206
290 272 -0.0455447
291 272 -0.110627
292 272 -0.309692
273 273 1
274 273 -0.357213
275 273 -0.0194556
276 273 -0.00741633
289 273 -0.00910923
290 273 -0.0207211
291 273 -0.0455448
292 273 -0.110627
293 273 -0.309692
274 274 1
275 274 -0.357198
276 274 -0.0194388
277 274 -0.00739707
290 274 -0.00910925
291 274 -0.0207206
292 274 -0.0455436
293 274 -0.110625
294 274 -0.309689
275 275 1
276 275 -0.357146
277 275 -0.0193774
278 275 -0.00732962
291 275 -0.00910822
292 275 -0.0207181
293 275 -0.0455388
294 275 -0.110617
295 275 -0.30968
276 276 1
277 276 -0.356953
278 276 -0.0191609
279 276 -0.00708618
292 276 -0.00910409
293 276 -0.0207087
294 276 -0.0455212
295 276 -0.110589
296 276 -0.309646
277 277 1
278 277 -0.356196
279 277 -0.0182178
280 277 -0.00567528
293 277 -0.00908863
294 277 -0.0206737
295 277 -0.0454554
296 277 -0.110481
297 277 -0.309512
278 278 1
279 278 -0.353729
280 278 -0.0147953
294 278 -0.00903319
295 278 -0.0205484
296 278 -0.0452189
297 278 -0.11009
298 278 -0.309071
279 279 1
280 279 -0.345047
295 279 -0.00883727
296 279 -0.0201033
297 279 -0.0443697
298 279 -0.10883
299 279 -0.307664
280 280 1
296 280 -0.00807719
297 280 -0.0183396
298 280 -0.0413425
299 280 -0.10424
300 280 -0.302104
281 281 1
282 281 -0.298424
283 281 -0.0108579
301 281 -0.270399
282 282 1
283 282 -0.340881
284 282 -0.0148193
285 282 -0.00650468
301 282 -0.0896826
302 282 -0.300521
283 283 1
284 283 -0.350967
285 283 -0.0184164
286 283 -0.00711527
301 283 -0.0345319
302 283 -0.104555
303 283 -0.306719
284 284 1
285 284 -0.354972
286 284 -0.0190765
287 284 -0.0073089
301 284 -0.0135518
302 284 -0.0414726
303 284 -0.108254
304 284 -0.308444
285 285 1
286 285 -0.356462
287 285 -0.01933
288 285 -0.00738571
301 285 -0.00606515
302 285 -0.0187148
303 285 -0.0442268
304 285 -0.109785
305 285 -0.309278
286 286 1
287 286 -0.356962
288 286 -0.0194188
289 286 -0.00741169
302 286 -0.00822182
303 286 -0.0200542
304 286 -0.0450741
305 286 -0.110344
306 286 -0.309552
287 287 1
288 287 -0.357134
289 287 -0.0194491
290 287 -0.00742058
303 287 -0.00881097
304 287 -0.0204824
305 287 -0.0453859
306 287 -0.110532
307 287 -0.309646
288 288 1
289 288 -0.357194
290 288 -0.0194596
291 288 -0.00742363
304 288 -0.00900327
305 288 -0.0206414
306 288 -0.0454924
307 288 -0.110597
308 288 -0.309678
289 289 1
290 289 -0.357214
291 289 -0.0194631
292 289 -0.00742465
305 289 -0.00907426
306 289 -0.0206956
307 289 -0.045529
308 289 -0.110619
309 289 -0.309689
290 290 1
291 290 -0.357221
292 290 -0.0194643
293 290 -0.0074249
306 290 -0.00909848
307 290 -0.0207142
308 290 -0.0455416
309 290 -0.110627
310 290 -0.309693
291 291 1
292 291 -0.357223
293 291 -0.0194643
294 291 -0.00742463
307 291 -0.0091068
308 291 -0.0207206
309 291 -0.045546
310 291 -0.110629
311 291 -0.309694
292 292 1
293 292 -0.357223
294 292 -0.0194632
295 292 -0.00742326
308 292 -0.00910964
309 292 -0.0207227
310 292 -0.0455473
311 292 -0.11063
312 292 -0.309694
293 293 1
294 293 -0.357219
295 293 -0.0194587
296 293 -0.00741808
309 293 -0.00911054
310 293 -0.0207233
311 293 -0.0455475
312 293 -0.11063
313 293 -0.309694
294 294 1
295 294 -0.357205
296 294 -0.019442
297 294 -0.00739892
310 294 -0.00911056
311 294 -0.0207228
312 294 -0.0455463
313 294 -0.110628
314 294 -0.309691
295 295 1
296 295 -0.357153
297 295 -0.0193809
298 295 -0.00733153
311 295 -0.00910955
312 295 -0.0207204
313 295 -0.0455416
314 295 -0.11062
315 295 -0.309682
296 296 1
297 296 -0.35696
298 296 -0.0191644
299 296 -0.00708795
312 296 -0.00910545
313 296 -0.020711
314 296 -0.0455241
315 296 -0.110592
316 296 -0.309648
297 297 1
298 297 -0.356203
299 297 -0.0182207
300 297 -0.00567636
313 297 -0.00909003
314 297 -0.0206761
315 297 -0.0454584
316 297 -0.110484
317 297 -0.309514
298 298 1
299 298 -0.353735
300 298 -0.0147969
314 298 -0.00903462
315 298 -0.0205508
316 298 -0.0452219
317 298 -0.110093
318 298 -0.309073
299 299 1
300 299 -0.34505
315 299 -0.00883862
316 299 -0.0201055
317 299 -0.0443722
318 299 -0.108832
319 299 -0.307666
300 300 1
316 300 -0.00807822
317 300 -0.0183411
318 300 -0.041344
319 300 -0.104241
320 300 -0.302105
301 301 1
302 301 -0.298424
303 301 -0.010858
321 301 -0.270399
302 302 1
303 302 -0.340881
304 302 -0.0148196
305 302 -0.00650493
321 302 -0.0896827
322 302 -0.300521
303 303 1
304 303 -0.350968
305 303 -0.018417
306 303 -0.00711569
321 303 -0.034532
322 303 -0.104555
323 303 -0.306719
304 304 1
305 304 -0.354973
306 304 -0.0190774
307 304 -0.00730946
321 304 -0.0135519
322 304 -0.0414728
323 304 -0.108254
324 304 -0.308445
305 305 1
306 305 -0.356464
307 305 -0.0193311
308 305 -0.00738639
321 305 -0.00606525
322 305 -0.0187151
323 305 -0.0442273
324 305 -0.109786
325 305 -0.309279
306 306 1
307 306 -0.356965
308 306 -0.0194201
309 306 -0.00741245
322 306 -0.00822206
323 306 -0.0200547
324 306 -0.0450749
325 306 -0.110345
326 306 -0.309553
307 307 1
308 307 -0.357137
309 307 -0.0194506
310 307 -0.00742139
323 307 -0.00881133
324 307 -0.0204831
325 307 -0.0453868
326 307 -0.110533
327 307 -0.309646
308 308 1
309 308 -0.357197
310 308 -0.0194611
311 308 -0.00742447
324 308 -0.00900374
325 308 -0.0206422
326 308 -0.0454935
327 308 -0.110598
328 308 -0.309679
309 309 1
310 309 -0.357217
311 309 -0.0194647
312 309 -0.00742551
325 309 -0.00907481
326 309 -0.0206965
327 309 -0.0455303
328 309 -0.11062
329 309 -0.30969
310 310 1
311 310 -0.357224
312 310 -0.0194659
313 310 -0.00742577
326 310 -0.00909908
327 310 -0.0207152
328 310 -0.045543
329 310 -0.110628
330 310 -0.309694
311 311 1
312 311 -0.357227
313 311 -0.0194659
314 311 -0.0074255
327 311 -0.00910744
328 311 -0.0207217
329 311 -0.0455473
330 311 -0.110631
331 311 -0.309695
312 312 1
313 312 -0.357226
314 312 -0.0194648
315 312 -0.00742414
328 312 -0.0091103
329 312 -0.0207238
330 312 -0.0455487
331 312 -0.110631
332 312 -0.309695
313 313 1
314 313 -0.357223
315 313 -0.0194604
316 313 -0.00741899
329 313 -0.00911121
330 313 -0.0207244
331 313 -0.0455489
332 313 -0.110631
333 313 -0.309695
314 314 1
315 314 -0.357208
316 314 -0.0194437
317 314 -0.00739986
330 314 -0.00911124
331 314 -0.020724
332 314 -0.0455477
333 314 -0.110629
334 314 -0.309692
315 315 1
316 315 -0.357156
317 315 -0.0193826
318 315 -0.00733247
331 315 -0.00911023
332 315 -0.0207215
333 315 -0.045543
334 315 -0.110621
335 315 -0.309683
316 316 1
317 316 -0.356964
318 316 -0.019166
319 316 -0.00708877
332 316 -0.00910616
333 316 -0.0207122
334 316 -0.0455255
335 316 -0.110593
336 316 -0.309649
317 317 1
318 317 -0.356206
319 317 -0.018222
320 317 -0.00567684
333 317 -0.00909075
334 317 -0.0206773
335 317 -0.0454599
336 317 -0.110486
337 317 -0.309515
318 318 1
319 318 -0.353738
320 318 -0.0147976
334 318 -0.00903534
335 318 -0.020552
336 318 -0.0452233
337 318 -0.110094
338 318 -0.309074
319 319 1
320 319 -0.345051
335 319 -0.00883926
336 319 -0.0201065
337 319 -0.0443733
338 319 -0.108833
339 319 -0.307666
320 320 1
336 320 -0.00807869
337 320 -0.0183417
338 320 -0.0413447
339 320 -0.104242
340 320 -0.302105
321 321 1
322 321 -0.298424
323 321 -0.0108581
341 321 -0.270399
322 322 1
323 322 -0.340881
324 322 -0.0148197
325 322 -0.00650505
341 322 -0.0896827
342 322 -0.300521
323 323 1
324 323 -0.350968
325 323 -0.0184173
326 323 -0.0071159
341 323 -0.0345321
342 323 -0.104555
343 323 -0.306719
324 324 1
325 324 -0.354974
326 324 -0.0190779
327 324 -0.00730974
341 324 -0.013552
342 324 -0.0414729
343 324 -0.108254
344 324 -0.308445
325 325 1
326 325 -0.356465
327 325 -0.0193317
328 325 -0.00738673
341 325 -0.0060653
342 325 -0.0187152
343 325 -0.0442275
344 325 -0.109786
345 325 -0.309279
326 326 1
327 326 -0.356966
328 326 -0.0194208
329 326 -0.00741283
342 326 -0.00822218
343 326 -0.020055
344 326 -0.0450752
345 326 -0.110345
346 326 -0.309553
327 327 1
328 327 -0.357139
329 327 -0.0194513
330 327 -0.00742181
343 327 -0.00881152
344 327 -0.0204835
345 327 -0.0453873
346 327 -0.110533
347 327 -0.309647
328 328 1
329 328 -0.357198
330 328 -0.0194619
331 328 -0.00742491
344 328 -0.00900398
345 328 -0.0206426
346 328 -0.0454941
347 328 -0.110598
348 328 -0.309679
329 329 1
330 329 -0.357219
331 329 -0.0194655
332 329 -0.00742595
345 329 -0.00907509
346 329 -0.020697
347 329 -0.0455309
348 329 -0.110621
349 329 -0.309691
330 330 1
331 330 -0.357226
332 330 -0.0194667
333 330 -0.00742621
346 330 -0.00909939
347 330 -0.0207158
348 330 -0.0455436
349 330 -0.110629
350 330 -0.309694
331 331 1
332 331 -0.357228
333 331 -0.0194668
334 331 -0.00742596
347 331 -0.00910776
348 331 -0.0207222
349 331 -0.045548
350 331 -0.110631
351 331 -0.309696
332 332 1
333 332 -0.357228
334 332 -0.0194657
335 332 -0.0074246
348 332 -0.00911064
349 332 -0.0207244
350 332 -0.0455494
351 332 -0.110632
352 332 -0.309696
333 333 1
334 333 -0.357224
335 333 -0.0194612
336 333 -0.00741946
349 333 -0.00911156
350 333 -0.020725
351 333 -0.0455496
352 333 -0.110632
353 333 -0.309695
334 334 1
335 334 -0.35721
336 334 -0.0194446
337 334 -0.00740034
350 334 -0.00911159
351 334 -0.0207246
352 334 -0.0455485
353 334 -0.11063
354 334 -0.309693
335 335 1
336 335 -0.357158
337 335 -0.0193835
338 335 -0.00733293
351 335 -0.00911059
352 335 -0.0207221
353 335 -0.0455438
354 335 -0.110622
355 335 -0.309684
336 336 1
337 336 -0.356966
338 336 -0.0191668
339 336 -0.00708915
352 336 -0.00910652
353 336 -0.0207128
354 336 -0.0455263
355 336 -0.110594
356 336 -0.30965
337 337 1
338 337 -0.356208
339 337 -0.0182226
340 337 -0.00567705
353 337 -0.00909112
354 337 -0.0206779
355 337 -0.0454606
356 337 -0.110486
357 337 -0.309516
338 338 1
339 338 -0.353739
340 338 -0.0147979
354 338 -0.00903569
355 338 -0.0205526
356 338 -0.045224
357 338 -0.110095
358 338 -0.309075
339 339 1
340 339 -0.345052
355 339 -0.00883958
356 339 -0.020107
357 339 -0.0443739
358 339 -0.108834
359 339 -0.307667
340 340 1
356 340 -0.00807892
357 340 -0.018342
358 340 -0.041345
359 340 -0.104242
360 340 -0.302105
341 341 1
342 341 -0.298424
343 341 -0.0108581
361 341 -0.270399
342 342 1
343 342 -0.340882
344 342 -0.0148198
345 342 -0.00650511
361 342 -0.0896827
362 342 -0.300521
343 343 1
344 343 -0.350968
345 343 -0.0184175
346 343 -0.007116
361 343 -0.0345321
362 343 -0.104555
363 343 -0.306719
344 344 1
345 344 -0.354974
346 344 -0.0190781
347 344 -0.00730988
361 344 -0.013552
362 344 -0.041473
363 344 -0.108254
364 344 -0.308445
345 345 1
346 345 -0.356466
347 345 -0.0193319
348 345 -0.00738691
361 345 -0.00606533
362 345 -0.0187153
363 345 -0.0442276
364 345 -0.109786
365 345 -0.309279
346 346 1
347 346 -0.356967
348 346 -0.0194211
349 346 -0.00741303
362 346 -0.00822223
363 346 -0.0200551
364 346 -0.0450754
365 346 -0.110345
366 346 -0.309554
347 347 1
348 347 -0.357139
349 347 -0.0194517
350 347 -0.00742202
363 347 -0.0088116
364 347 -0.0204837
365 347 -0.0453876
366 347 -0.110534
367 347 -0.309647
348 348 1
349 348 -0.357199
350 348 -0.0194623
351 348 -0.00742513
364 348 -0.00900409
365 348 -0.0206429
366 348 -0.0454944
367 348 -0.110599
368 348 -0.30968
349 349 1
350 349 -0.35722
351 349 -0.0194659
352 349 -0.00742618
365 349 -0.00907522
366 349 -0.0206973
367 349 -0.0455312
368 349 -0.110621
369 349 -0.309691
350 350 1
351 350 -0.357227
352 350 -0.0194671
353 350 -0.00742644
366 350 -0.00909954
367 350 -0.020716
368 350 -0.045544
369 350 -0.110629
370 350 -0.309695
351 351 1
352 351 -0.357229
353 351 -0.0194672
354 351 -0.00742619
367 351 -0.00910793
368 351 -0.0207225
369 351 -0.0455484
370 351 -0.110632
371 351 -0.309696
352 352 1
353 352 -0.357229
354 352 -0.0194661
355 352 -0.00742484
368 352 -0.00911081
369 352 -0.0207247
370 352 -0.0455498
371 352 -0.110633
372 352 -0.309696
353 353 1
354 353 -0.357225
355 353 -0.0194617
356 353 -0.00741971
369 353 -0.00911173
370 353 -0.0207253
371 353 -0.04555
372 353 -0.110632
373 353 -0.309696
354 354 1
355 354 -0.357211
356 354 -0.0194451
357 354 -0.00740058
370 354 -0.00911178
371 354 -0.0207249
372 354 -0.0455488
373 354 -0.11063
374 354 -0.309693
355 355 1
356 355 -0.357159
357 355 -0.0193839
358 355 -0.00733315
371 355 -0.00911078
372 355 -0.0207224
373 355 -0.0455441
374 355 -0.110623
375 355 -0.309684
356 356 1
357 356 -0.356967
358 356 -0.0191672
359 356 -0.00708934
372 356 -0.00910671
373 356 -0.0207131
374 356 -0.0455267
375 356 -0.110594
376 356 -0.30965
357 357 1
358 357 -0.356209
359 357 -0.0182229
360 357 -0.00567715
373 357 -0.0090913
374 357 -0.0206782
375 357 -0.045461
376 357 -0.110487
377 357 -0.309516
358 358 1
359 358 -0.353739
360 358 -0.0147981
374 358 -0.00903587
375 358 -0.0205529
376 358 -0.0452244
377 358 -0.110095
378 358 -0.309075
359 359 1
360 359 -0.345052
375 359 -0.00883973
376 359 -0.0201073
377 359 -0.0443741
378 359 -0.108834
379 359 -0.307667
360 360 1
376 360 -0.00807902
377 360 -0.0183422
378 360 -0.0413451
379 360 -0.104242
380 360 -0.302106
361 361 1
362 361 -0.298424
363 361 -0.0108581
381 361 -0.270399
362 362 1
363 362 -0.340882
364 362 -0.0148198
365 362 -0.00650514
381 362 -0.0896827
382 362 -0.300521
363 363 1
364 363 -0.350969
365 363 -0.0184176
366 363 -0.00711605
381 363 -0.0345321
382 363 -0.104555
383 363 -0.306719
364 364 1
365 364 -0.354974
366 364 -0.0190782
367 364 -0.00730995
381 364 -0.013552
382 364 -0.041473
383 364 -0.108254
384 364 -0.308445
365 365 1
366 365 -0.356466
367 365 -0.0193321
368 365 -0.00738699
381 365 -0.00606534
382 365 -0.0187153
383 365 -0.0442277
384 365 -0.109786
385 365 -0.309279
366 366 1
367 366 -0.356967
368 366 -0.0194213
369 366 -0.00741313
382 366 -0.00822226
383 366 -0.0200552
384 366 -0.0450755
385 366 -0.110345
386 366 -0.309554
367 367 1
368 367 -0.35714
369 367 -0.0194519
370 367 -0.00742213
383 367 -0.00881165
384 367 -0.0204838
385 367 -0.0453877
386 367 -0.110534
387 367 -0.309647
368 368 1
369 368 -0.3572
370 368 -0.0194625
371 368 -0.00742524
384 368 -0.00900415
385 368 -0.020643
386 368 -0.0454945
387 368 -0.110599
388 368 -0.30968
369 369 1
370 369 -0.35722
371 369 -0.0194661
372 369 -0.00742629
385 369 -0.00907529
386 369 -0.0206974
387 369 -0.0455314
388 369 -0.110621
389 369 -0.309691
370 370 1
371 370 -0.357227
372 370 -0.0194673
373 370 -0.00742656
386 370 -0.00909962
387 370 -0.0207162
388 370 -0.0455442
389 370 -0.110629
390 370 -0.309695
371 371 1
372 371 -0.35723
373 371 -0.0194674
374 371 -0.00742631
387 371 -0.00910801
388 371 -0.0207227
389 371 -0.0455485
390 371 -0.110632
391 371 -0.309696
372 372 1
373 372 -0.357229
374 372 -0.0194663
375 372 -0.00742496
388 372 -0.0091109
389 372 -0.0207249
390 372 -0.04555
391 372 -0.110633
392 372 -0.309696
373 373 1
374 373 -0.357226
375 373 -0.0194619
376 373 -0.00741983
389 373 -0.00911183
390 373 -0.0207255
391 373 -0.0455502
392 373 -0.110632
393 373 -0.309696
374 374 1
375 374 -0.357212
376 374 -0.0194453
377 374 -0.0074007
390 374 -0.00911187
391 374 -0.020725
392 374 -0.045549
393 374 -0.11063
394 374 -0.309693
375 375 1
376 375 -0.35716
377 375 -0.0193842
378 375 -0.00733327
391 375 -0.00911087
392 375 -0.0207226
393 375 -0.0455443
394 375 -0.110623
395 375 -0.309684
376 376 1
377 376 -0.356967
378 376 -0.0191674
379 376 -0.00708942
392 376 -0.0091068
393 376 -0.0207133
394 376 -0.0455269
395 376 -0.110595
396 376 -0.30965
377 377 1
378 377 -0.356209
379 377 -0.018223
380 377 -0.0056772
393 377 -0.0090914
394 377 -0.0206784
395 377 -0.0454612
396 377 -0.110487
397 377 -0.309516
378 378 1
379 378 -0.35374
380 378 -0.0147981
394 378 -0.00903596
395 378 -0.020553
396 378 -0.0452245
397 378 -0.110095
398 378 -0.309075
379 379 1
380 379 -0.345052
395 379 -0.00883981
396 379 -0.0201074
397 379 -0.0443742
398 379 -0.108834
399 379 -0.307667
380 380 1
396 380 -0.00807907
397 380 -0.0183422
398 380 -0.0413452
399 380 -0.104242
400 380 -0.302106
381 381 1
382 381 -0.298424
383 381 -0.0108581
382 382 1
383 382 -0.340882
384 382 -0.0148198
385 382 -0.00650516
383 383 1
384 383 -0.350969
385 383 -0.0184176
386 383 -0.00711608
384 384 1
385 384 -0.354974
386 384 -0.0190782
387 384 -0.00730999
385 385 1
386 385 -0.356466
387 385 -0.0193322
388 385 -0.00738704
386 386 1
387 386 -0.356967
388 386 -0.0194214
389 386 -0.00741318
387 387 1
388 387 -0.35714
389 387 -0.019452
390 387 -0.00742218
388 388 1
389 388 -0.3572
390 388 -0.0194626
391 388 -0.0074253
389 389 1
390 389 -0.35722
391 389 -0.0194662
392 389 -0.00742635
390 390 1
391 390 -0.357228
392 390 -0.0194674
393 390 -0.00742662
391 391 1
392 391 -0.35723
393 391 -0.0194675
394 391 -0.00742637
392 392 1
393 392 -0.35723
394 392 -0.0194665
395 392 -0.00742503
393 393 1
394 393 -0.357226
395 393 -0.019462
396 393 -0.00741989
394 394 1
395 394 -0.357212
396 394 -0.0194454
397 394 -0.00740076
395 395 1
396 395 -0.35716
397 395 -0.0193843
398 395 -0.00733332
396 396 1
397 396 -0.356967
398 396 -0.0191675
399 396 -0.00708947
397 397 1
398 397 -0.356209
399 397 -0.0182231
400 397 -0.00567722
398 398 1
399 398 -0.35374
400 398 -0.0147982
399 399 1
400 399 -0.345052
400 400 1
