1 1 1
2 1 -0.25
21 1 -0.25
2 2 1
3 2 -0.266667
21 2 -0.0666667
22 2 -0.266667
3 3 1
4 3 -0.267857
21 3 -0.0178571
22 3 -0.0714286
23 3 -0.267857
4 4 1
5 4 -0.267943
21 4 -0.00478469
22 4 -0.0191388
23 4 -0.0717703
24 4 -0.267943
5 5 1
6 5 -0.267949
22 5 -0.00512821
23 5 -0.0192308
24 5 -0.0717949
25 5 -0.267949
6 6 1
7 6 -0.267949
23 6 -0.00515287
24 6 -0.0192374
25 6 -0.0717966
26 6 -0.267949
7 7 1
8 7 -0.267949
24 7 -0.00515464
25 7 -0.0192378
26 7 -0.0717968
27 7 -0.267949
8 8 1
9 8 -0.267949
25 8 -0.00515477
26 8 -0.0192379
27 8 -0.0717968
28 8 -0.267949
9 9 1
10 9 -0.267949
26 9 -0.00515478
27 9 -0.0192379
28 9 -0.0717968
29 9 -0.267949
10 10 1
11 10 -0.267949
27 10 -0.00515478
28 10 -0.0192379
29 10 -0.0717968
30 10 -0.267949
11 11 1
12 11 -0.267949
28 11 -0.00515478
29 11 -0.0192379
30 11 -0.0717968
31 11 -0.267949
12 12 1
13 12 -0.267949
29 12 -0.00515478
30 12 -0.0192379
31 12 -0.0717968
32 12 -0.267949
13 13 1
14 13 -0.267949
30 13 -0.00515478
31 13 -0.0192379
32 13 -0.0717968
33 13 -0.267949
14 14 1
15 14 -0.267949
31 14 -0.00515478
32 14 -0.0192379
33 14 -0.0717968
34 14 -0.267949
15 15 1
16 15 -0.267949
32 15 -0.00515478
33 15 -0.0192379
34 15 -0.0717968
35 15 -0.267949
16 16 1
17 16 -0.267949
33 16 -0.00515478
34 16 -0.0192379
35 16 -0.0717968
36 16 -0.267949
17 17 1
18 17 -0.267949
34 17 -0.00515478
35 17 -0.0192379
36 17 -0.0717968
37 17 -0.267949
18 18 1
19 18 -0.267949
35 18 -0.00515478
36 18 -0.0192379
37 18 -0.0717968
38 18 -0.267949
19 19 1
20 19 -0.267949
36 19 -0.00515478
37 19 -0.0192379
38 19 -0.0717968
39 19 -0.267949
20 20 1
37 20 -0.00515478
38 20 -0.0192379
39 20 -0.0717968
40 20 -0.267949
21 21 1
22 21 -0.287179
23 21 -0.00512821
41 21 -0.267949
22 22 1
23 22 -0.317888
24 22 -0.00602427
41 22 -0.0843398
42 22 -0.293683
23 23 1
24 23 -0.321869
25 23 -0.00612115
41 23 -0.0286344
42 23 -0.0944058
43 23 -0.296978
24 24 1
25 24 -0.322378
26 24 -0.00613215
41 24 -0.00974443
42 24 -0.0322221
43 24 -0.0957268
44 24 -0.297409
25 25 1
26 25 -0.32244
27 25 -0.00613341
41 25 -0.00331752
42 25 -0.0109684
43 25 -0.0326866
44 25 -0.0958954
45 25 -0.297463
26 26 1
27 26 -0.322448
28 26 -0.00613355
42 26 -0.00373436
43 26 -0.0111268
44 26 -0.0327454
45 26 -0.0959161
46 26 -0.297469
27 27 1
28 27 -0.322449
29 27 -0.00613357
43 27 -0.00378832
44 27 -0.0111469
45 27 -0.0327525
46 27 -0.0959186
47 27 -0.29747
28 28 1
29 28 -0.322449
30 28 -0.00613357
44 28 -0.00379514
45 28 -0.0111493
46 28 -0.0327534
47 28 -0.0959189
48 28 -0.29747
29 29 1
30 29 -0.322449
31 29 -0.00613357
45 29 -0.00379598
46 29 -0.0111496
47 29 -0.0327535
48 29 -0.0959189
49 29 -0.29747
30 30 1
31 30 -0.322449
32 30 -0.00613357
46 30 -0.00379608
47 30 -0.0111497
48 30 -0.0327535
49 30 -0.0959189
50 30 -0.29747
31 31 1
32 31 -0.322449
33 31 -0.00613357
47 31 -0.00379609
48 31 -0.0111497
49 31 -0.0327535
50 31 -0.0959189
51 31 -0.29747
32 32 1
33 32 -0.322449
34 32 -0.00613357
48 32 -0.00379609
49 32 -0.0111497
50 32 -0.0327535
51 32 -0.0959189
52 32 -0.29747
33 33 1
34 33 -0.322449
35 33 -0.00613357
49 33 -0.00379609
50 33 -0.0111497
51 33 -0.0327535
52 33 -0.0959189
53 33 -0.29747
34 34 1
35 34 -0.322449
36 34 -0.00613357
50 34 -0.00379609
51 34 -0.0111497
52 34 -0.0327535
53 34 -0.0959189
54 34 -0.29747
35 35 1
36 35 -0.322449
37 35 -0.00613357
51 35 -0.00379609
52 35 -0.0111497
53 35 -0.0327535
54 35 -0.0959189
55 35 -0.29747
36 36 1
37 36 -0.322449
38 36 -0.00613357
52 36 -0.00379609
53 36 -0.0111497
54 36 -0.0327535
55 36 -0.0959189
56 36 -0.29747
37 37 1
38 37 -0.322449
39 37 -0.00613357
53 37 -0.00379609
54 37 -0.0111497
55 37 -0.0327535
56 37 -0.0959189
57 37 -0.29747
38 38 1
39 38 -0.322329
40 38 -0.00572253
54 38 -0.00379598
55 38 -0.0111493
56 38 -0.0327525
57 38 -0.0959161
58 38 -0.297461
39 39 1
40 39 -0.320507
55 39 -0.00379281
56 39 -0.01114
57 39 -0.0327252
58 39 -0.0958341
59 39 -0.297317
40 40 1
56 40 -0.00373224
57 40 -0.0109622
58 40 -0.0321965
59 40 -0.0946445
60 40 -0.295296
41 41 1
42 41 -0.295467
43 41 -0.00867418
44 41 -0.00291896
61 41 -0.269926
42 42 1
43 42 -0.333125
44 42 -0.0117543
45 42 -0.00363473
61 42 -0.088227
62 42 -0.298602
43 43 1
44 43 -0.340036
45 43 -0.0123615
46 43 -0.0037462
61 43 -0.0324921
62 43 -0.101062
63 43 -0.303376
44 44 1
45 44 -0.341396
46 44 -0.012464
47 44 -0.00376466
61 44 -0.0130282
62 44 -0.0380491
63 44 -0.103481
64 44 -0.304323
45 45 1
46 45 -0.341651
47 45 -0.0124814
48 45 -0.00376776
61 45 -0.00518062
62 45 -0.0153584
63 45 -0.0391133
64 45 -0.103957
65 45 -0.304506
46 46 1
47 46 -0.341696
48 46 -0.0124843
49 46 -0.00376827
61 46 -0.00205484
62 46 -0.0061024
63 46 -0.0157961
64 46 -0.0393167
65 46 -0.104046
66 46 -0.304539
47 47 1
48 47 -0.341703
49 47 -0.0124847
50 47 -0.00376835
62 47 -0.00242027
63 47 -0.00627567
64 47 -0.0158788
65 47 -0.0393539
66 47 -0.104062
67 47 -0.304545
48 48 1
49 48 -0.341705
50 48 -0.0124848
51 48 -0.00376836
63 48 -0.00248902
64 48 -0.00630844
65 48 -0.0158938
66 48 -0.0393604
67 48 -0.104064
68 48 -0.304546
49 49 1
50 49 -0.341705
51 49 -0.0124848
52 49 -0.00376837
64 49 -0.00250203
65 49 -0.00631441
66 49 -0.0158964
67 49 -0.0393615
68 49 -0.104065
69 49 -0.304546
50 50 1
51 50 -0.341705
52 50 -0.0124848
53 50 -0.00376837
65 50 -0.00250439
66 50 -0.00631544
67 50 -0.0158969
68 50 -0.0393617
69 50 -0.104065
70 50 -0.304546
51 51 1
52 51 -0.341705
53 51 -0.0124848
54 51 -0.00376837
66 51 -0.00250481
67 51 -0.00631562
68 51 -0.015897
69 51 -0.0393617
70 51 -0.104065
71 51 -0.304546
52 52 1
53 52 -0.341705
54 52 -0.0124848
55 52 -0.00376837
67 52 -0.00250488
68 52 -0.00631565
69 52 -0.015897
70 52 -0.0393617
71 52 -0.104065
72 52 -0.304546
53 53 1
54 53 -0.341705
55 53 -0.0124848
56 53 -0.00376837
68 53 -0.00250489
69 53 -0.00631565
70 53 -0.015897
71 53 -0.0393617
72 53 -0.104065
73 53 -0.304546
54 54 1
55 54 -0.341705
56 54 -0.0124848
57 54 -0.00376835
69 54 -0.00250489
70 54 -0.00631565
71 54 -0.015897
72 54 -0.0393617
73 54 -0.104065
74 54 -0.304546
55 55 1
56 55 -0.341705
57 55 -0.0124846
58 55 -0.0037678
70 55 -0.00250489
71 55 -0.00631565
72 55 -0.015897
73 55 -0.0393617
74 55 -0.104065
75 55 -0.304546
56 56 1
57 56 -0.341703
58 56 -0.0124796
59 56 -0.00375695
71 56 -0.00250489
72 56 -0.00631565
73 56 -0.015897
74 56 -0.0393617
75 56 -0.104065
76 56 -0.304546
57 57 1
58 57 -0.341638
59 57 -0.0123199
60 57 -0.00333844
72 57 -0.00250482
73 57 -0.00631548
74 57 -0.0158965
75 57 -0.0393606
76 57 -0.104062
77 57 -0.30454
58 58 1
59 58 -0.341053
60 58 -0.0109434
73 58 -0.00250377
74 58 -0.00631284
75 58 -0.0158899
76 58 -0.0393439
77 58 -0.104021
78 58 -0.304477
59 59 1
60 59 -0.336508
74 59 -0.00249252
75 59 -0.00628454
76 59 -0.0158177
77 59 -0.0391626
78 59 -0.10367
79 59 -0.303972
60 60 1
75 60 -0.00238908
76 60 -0.00602257
77 60 -0.0151367
78 60 -0.0377311
79 60 -0.101
80 60 -0.300143
61 61 1
62 61 -0.297574
63 61 -0.010188
64 61 -0.00407098
81 61 -0.27028
62 62 1
63 62 -0.338155
64 62 -0.0146017
65 62 -0.00532504
66 62 -0.00207813
81 62 -0.0892426
82 62 -0.299901
63 63 1
64 63 -0.346961
65 63 -0.0157174
66 63 -0.00629408
67 63 -0.00217675
81 63 -0.0338491
82 63 -0.103292
83 63 -0.305458
64 64 1
65 64 -0.349139
66 64 -0.0162426
67 64 -0.00639111
68 64 -0.00219786
81 64 -0.0143788
82 64 -0.040478
83 64 -0.106454
84 64 -0.306818
65 65 1
66 65 -0.34978
67 65 -0.016315
68 65 -0.00641224
69 65 -0.00220236
81 65 -0.00604741
82 65 -0.0174161
83 65 -0.0420358
84 65 -0.10724
85 65 -0.307156
66 66 1
67 66 -0.349948
68 66 -0.0163336
69 66 -0.00641761
70 66 -0.00220351
81 66 -0.00275424
82 66 -0.00804495
83 66 -0.0183741
84 66 -0.0425147
85 66 -0.107476
86 66 -0.307266
67 67 1
68 67 -0.349985
69 67 -0.0163376
70 67 -0.00641877
71 67 -0.00220375
82 67 -0.00358509
83 67 -0.00846692
84 67 -0.0185934
85 67 -0.0426273
86 67 -0.107536
87 67 -0.30729
68 68 1
69 68 -0.349993
70 68 -0.0163384
71 68 -0.00641901
72 68 -0.00220379
83 68 -0.00376749
84 68 -0.00856538
85 68 -0.0186453
86 68 -0.0426557
87 68 -0.107549
88 68 -0.307296
69 69 1
70 69 -0.349995
71 69 -0.0163386
72 69 -0.00641906
73 69 -0.0022038
84 69 -0.00381077
85 69 -0.00858876
86 69 -0.0186583
87 69 -0.042662
88 69 -0.107552
89 69 -0.307297
70 70 1
71 70 -0.349995
72 70 -0.0163387
73 70 -0.00641907
74 70 -0.00220381
85 70 -0.00382113
86 70 -0.00859463
87 70 -0.0186611
88 70 -0.0426633
89 70 -0.107552
90 70 -0.307297
71 71 1
72 71 -0.349995
73 71 -0.0163387
74 71 -0.00641907
75 71 -0.00220381
86 71 -0.00382373
87 71 -0.00859591
88 71 -0.0186617
89 71 -0.0426636
90 71 -0.107552
91 71 -0.307297
72 72 1
73 72 -0.349995
74 72 -0.0163387
75 72 -0.00641907
76 72 -0.0022038
87 72 -0.00382429
88 72 -0.00859618
89 72 -0.0186619
90 72 -0.0426637
91 72 -0.107552
92 72 -0.307297
73 73 1
74 73 -0.349995
75 73 -0.0163386
76 73 -0.00641898
77 73 -0.00220358
88 73 -0.00382441
89 73 -0.00859624
90 73 -0.0186619
91 73 -0.0426637
92 73 -0.107552
93 73 -0.307297
74 74 1
75 74 -0.349995
76 74 -0.0163381
77 74 -0.00641763
78 74 -0.00220114
89 74 -0.00382444
90 74 -0.00859625
91 74 -0.0186619
92 74 -0.0426637
93 74 -0.107552
94 74 -0.307297
75 75 1
76 75 -0.349992
77 75 -0.0163316
78 75 -0.00640423
79 75 -0.00217827
90 75 -0.00382444
91 75 -0.00859624
92 75 -0.0186619
93 75 -0.0426636
94 75 -0.107552
95 75 -0.307297
76 76 1
77 76 -0.349955
78 76 -0.0162579
79 76 -0.00624581
91 76 -0.00382434
92 76 -0.00859602
93 76 -0.0186614
94 76 -0.0426625
95 76 -0.10755
96 76 -0.307292
77 77 1
78 77 -0.349719
79 77 -0.0158193
80 77 -0.00465092
92 77 -0.0038234
93 77 -0.0085939
94 77 -0.0186566
95 77 -0.0426519
96 77 -0.107528
97 77 -0.307262
78 78 1
79 78 -0.34847
80 78 -0.0132125
93 78 -0.0038166
94 78 -0.00857837
95 78 -0.0186219
96 78 -0.0425762
97 78 -0.107395
98 78 -0.30709
79 79 1
80 79 -0.341809
94 79 -0.00377392
95 79 -0.00847957
96 79 -0.0184021
97 79 -0.0421618
98 79 -0.106708
99 79 -0.306217
80 80 1
95 80 -0.00328904
96 80 -0.00723413
97 80 -0.0169799
98 80 -0.0398842
99 80 -0.103027
100 80 -0.301415
81 81 1
82 81 -0.298222
83 81 -0.010769
84 81 -0.00456153
101 81 -0.270373
82 82 1
83 82 -0.340029
84 82 -0.0158936
85 82 -0.0062251
86 82 -0.00279295
101 82 -0.0895654
102 82 -0.300332
83 83 1
84 83 -0.349905
85 83 -0.0174311
86 83 -0.00766359
87 83 -0.00299702
101 83 -0.0343554
102 83 -0.104141
103 83 -0.306272
84 84 1
85 84 -0.352722
86 84 -0.0182725
87 84 -0.00786515
88 84 -0.00304797
101 84 -0.0149491
102 84 -0.0415274
103 84 -0.107737
104 84 -0.307903
85 85 1
86 85 -0.353725
87 85 -0.0184282
88 85 -0.00791721
89 85 -0.00306104
101 85 -0.00645654
102 85 -0.0184179
103 85 -0.0434356
104 85 -0.108773
105 85 -0.308382
86 86 1
87 86 -0.354045
88 86 -0.0184754
89 86 -0.00793291
90 86 -0.00306503
101 86 -0.00308129
102 86 -0.00894529
103 86 -0.0197115
104 86 -0.044138
105 86 -0.10915
106 86 -0.308573
87 87 1
88 87 -0.354132
89 87 -0.0184878
90 87 -0.00793701
91 87 -0.00306601
102 87 -0.00414915
103 87 -0.00955533
104 87 -0.020063
105 87 -0.044338
106 87 -0.109267
107 87 -0.308625
88 88 1
89 88 -0.354154
90 88 -0.018491
91 88 -0.00793802
92 88 -0.00306624
103 88 -0.00442159
104 88 -0.00972351
105 88 -0.0201628
106 88 -0.044399
107 88 -0.109299
108 88 -0.308639
89 89 1
90 89 -0.35416
91 89 -0.0184918
92 89 -0.00793826
93 89 -0.0030663
103 89 -0.00203209
104 89 -0.00449807
105 89 -0.00977142
106 89 -0.020193
107 89 -0.0444153
108 89 -0.109307
109 89 -0.308643
90 90 1
91 90 -0.354162
92 90 -0.018492
93 90 -0.00793832
94 90 -0.00306631
104 90 -0.00206741
105 90 -0.00452005
106 90 -0.00978587
107 90 -0.020201
108 90 -0.0444195
109 90 -0.109309
110 90 -0.308644
91 91 1
92 91 -0.354162
93 91 -0.018492
94 91 -0.00793832
95 91 -0.00306629
105 91 -0.00207753
106 91 -0.00452667
107 91 -0.00978967
108 91 -0.020203
109 91 -0.0444206
110 91 -0.10931
111 91 -0.308644
92 92 1
93 92 -0.354162
94 92 -0.018492
95 92 -0.00793821
96 92 -0.00306608
106 92 -0.00208057
107 92 -0.00452841
108 92 -0.00979063
109 92 -0.0202035
110 92 -0.0444208
111 92 -0.10931
112 92 -0.308644
93 93 1
94 93 -0.354162
95 93 -0.0184915
96 93 -0.00793717
97 93 -0.00306441
107 93 -0.00208137
108 93 -0.00452885
109 93 -0.00979087
110 93 -0.0202036
111 93 -0.0444209
112 93 -0.10931
113 93 -0.308644
94 94 1
95 94 -0.35416
96 94 -0.0184874
97 94 -0.00792986
98 94 -0.00305356
108 94 -0.00208157
109 94 -0.00452895
110 94 -0.00979091
111 94 -0.0202036
112 94 -0.0444208
113 94 -0.10931
114 94 -0.308644
95 95 1
96 95 -0.354139
97 95 -0.0184567
98 95 -0.00787525
99 95 -0.00296413
109 95 -0.00208159
110 95 -0.0045289
111 95 -0.00979075
112 95 -0.0202033
113 95 -0.04442
114 95 -0.109308
115 95 -0.308641
96 96 1
97 96 -0.354017
98 96 -0.0182597
99 96 -0.00749208
100 96 -0.00223261
110 96 -0.0020813
111 96 -0.00452824
112 96 -0.00978931
113 96 -0.0202002
114 96 -0.0444136
115 96 -0.109295
116 96 -0.308622
97 97 1
98 97 -0.353543
99 97 -0.0175061
100 97 -0.00602931
111 97 -0.00207958
112 97 -0.00452453
113 97 -0.00978115
114 97 -0.020183
115 97 -0.0443778
116 97 -0.109231
117 97 -0.308548
98 98 1
99 98 -0.351697
100 98 -0.014465
112 98 -0.00207103
113 98 -0.00450598
114 98 -0.00973991
115 98 -0.0200957
116 98 -0.0442103
117 98 -0.108982
118 98 -0.308258
99 99 1
100 99 -0.343946
113 99 -0.00203092
114 99 -0.00441801
115 99 -0.00953985
116 99 -0.0196953
117 99 -0.0435631
118 99 -0.108012
119 99 -0.307115
100 100 1
115 100 -0.0040104
116 100 -0.00860325
117 100 -0.0180919
118 100 -0.0408836
119 100 -0.10383
120 100 -0.30188
101 101 1
102 101 -0.298455
103 101 -0.0110034
104 101 -0.00477728
105 101 -0.00204059
121 101 -0.270404
102 102 1
103 102 -0.340796
104 102 -0.016481
105 102 -0.00734125
106 102 -0.00312945
121 102 -0.0896848
122 102 -0.300497
103 103 1
104 103 -0.351253
105 103 -0.0185638
106 103 -0.00840536
107 103 -0.00349967
121 103 -0.0345613
122 103 -0.104496
123 103 -0.306623
104 104 1
105 104 -0.354612
106 104 -0.0193687
107 104 -0.0087276
108 104 -0.00358198
121 104 -0.0152012
122 104 -0.0420024
123 104 -0.108333
124 104 -0.308417
105 105 1
106 105 -0.355827
107 105 -0.0196215
108 105 -0.00881624
109 105 -0.00360681
121 105 -0.00735568
122 105 -0.0191481
123 105 -0.0442297
124 105 -0.109587
125 105 -0.309034
106 106 1
107 106 -0.356259
108 106 -0.0196994
109 106 -0.00884482
110 106 -0.00361486
121 106 -0.00349642
122 106 -0.00948805
123 106 -0.0204535
124 106 -0.0450135
125 106 -0.110045
126 106 -0.309266
107 107 1
108 107 -0.356398
109 107 -0.0197235
110 107 -0.00885351
111 107 -0.00361717
122 107 -0.00449378
123 107 -0.0101882
124 107 -0.0208928
125 107 -0.0452843
126 107 -0.110207
127 107 -0.309345
108 108 1
109 108 -0.35644
110 108 -0.0197305
111 108 -0.00885596
112 108 -0.00361781
122 108 -0.00210858
123 108 -0.004814
124 108 -0.0104091
125 108 -0.0210365
126 108 -0.0453749
127 108 -0.110258
128 108 -0.309369
109 109 1
110 109 -0.356452
111 109 -0.0197325
112 109 -0.00885664
113 109 -0.00361798
123 109 -0.00225759
124 109 -0.0049164
125 109 -0.0104812
126 109 -0.021084
127 109 -0.0454033
128 109 -0.110274
129 109 -0.309376
110 110 1
111 110 -0.356456
112 110 -0.019733
113 110 -0.0088568
114 110 -0.00361799
124 110 -0.00230562
125 110 -0.00495006
126 110 -0.010505
127 110 -0.0210988
128 110 -0.0454118
129 110 -0.110278
130 110 -0.309378
111 111 1
112 111 -0.356457
113 111 -0.0197331
114 111 -0.00885669
115 111 -0.00361771
125 111 -0.00232143
126 111 -0.00496114
127 111 -0.0105123
128 111 -0.0211032
129 111 -0.0454143
130 111 -0.11028
131 111 -0.309379
112 112 1
113 112 -0.356457
114 112 -0.0197326
115 112 -0.00885567
116 112 -0.00361605
126 112 -0.00232662
127 112 -0.00496455
128 112 -0.0105144
129 112 -0.0211044
130 112 -0.0454149
131 112 -0.11028
132 112 -0.309379
113 113 1
114 113 -0.356455
115 113 -0.0197295
116 113 -0.00884999
117 113 -0.00360806
127 113 -0.00232822
128 113 -0.00496554
129 113 -0.010515
130 113 -0.0211047
131 113 -0.045415
132 113 -0.11028
133 113 -0.309379
114 114 1
115 114 -0.356436
116 114 -0.0196968
117 114 -0.00878944
118 114 -0.00349401
128 114 -0.00232865
129 114 -0.00496573
130 114 -0.010515
131 114 -0.0211044
132 114 -0.0454143
133 114 -0.110279
134 114 -0.309376
115 115 1
116 115 -0.356383
117 115 -0.019624
118 115 -0.0086683
119 115 -0.00337805
129 115 -0.00232854
130 115 -0.00496529
131 115 -0.0105139
132 115 -0.0211022
133 115 -0.0454098
134 115 -0.11027
135 115 -0.309367
116 116 1
117 116 -0.356178
118 116 -0.0193365
119 116 -0.00821147
120 116 -0.00266127
130 116 -0.00232738
131 116 -0.00496278
132 116 -0.0105084
133 116 -0.0210909
134 116 -0.0453867
135 116 -0.110241
136 116 -0.309333
117 117 1
118 117 -0.355493
119 117 -0.0183843
120 117 -0.00654179
131 117 -0.00232235
132 117 -0.00495197
133 117 -0.0104844
134 117 -0.0210402
135 117 -0.0453184
136 117 -0.110135
137 117 -0.309214
118 118 1
119 118 -0.353245
120 118 -0.0150001
132 118 -0.00230207
133 118 -0.00490723
134 118 -0.0103798
135 118 -0.0208956
136 118 -0.0450754
137 118 -0.109787
138 118 -0.30883
119 119 1
120 119 -0.344872
133 119 -0.00224248
134 119 -0.0047766
135 119 -0.0101174
136 119 -0.0203943
137 119 -0.0442714
138 119 -0.108631
139 119 -0.307524
120 120 1
134 120 -0.00202281
135 120 -0.00431004
136 120 -0.00907778
137 120 -0.0185841
138 120 -0.0413308
139 120 -0.104176
140 120 -0.302072
121 121 1
122 121 -0.298568
123 121 -0.0111371
124 121 -0.00495368
125 121 -0.00232555
141 121 -0.270419
122 122 1
123 122 -0.34118
124 122 -0.0168374
125 122 -0.00778279
126 122 -0.00342602
141 122 -0.0897419
142 122 -0.300574
123 123 1
124 123 -0.351956
125 123 -0.0191235
126 123 -0.00884555
127 123 -0.00375374
141 123 -0.0346689
142 123 -0.104673
143 123 -0.306797
124 124 1
125 124 -0.355606
126 124 -0.0199833
127 124 -0.00919507
128 124 -0.00385858
141 124 -0.0153581
142 124 -0.0422649
143 124 -0.108645
144 124 -0.308688
125 125 1
126 125 -0.356981
127 125 -0.0202841
128 125 -0.0093132
129 125 -0.00389404
141 125 -0.00758072
142 125 -0.01949
143 125 -0.0446383
144 125 -0.110019
145 125 -0.309384
126 126 1
127 126 -0.357493
128 126 -0.0203891
129 126 -0.00935415
130 126 -0.00390623
141 126 -0.00364264
142 126 -0.00980618
143 126 -0.0208657
144 126 -0.0454964
145 126 -0.11054
146 126 -0.309651
127 127 1
128 127 -0.357675
129 127 -0.0204247
130 127 -0.00936782
131 127 -0.00391017
142 127 -0.00468921
143 127 -0.0105333
144 127 -0.0213522
145 127 -0.0458126
146 127 -0.110733
147 127 -0.309748
128 128 1
129 128 -0.357736
130 128 -0.0204363
131 128 -0.00937216
132 128 -0.00391138
142 128 -0.00222282
143 128 -0.00503049
144 128 -0.0107872
145 128 -0.0215276
146 128 -0.0459269
147 128 -0.110801
148 128 -0.309782
129 129 1
130 129 -0.357756
131 129 -0.0204399
132 129 -0.00937346
133 129 -0.00391171
143 129 -0.00238415
144 129 -0.00515006
145 129 -0.0108781
146 129 -0.0215902
147 129 -0.0459664
148 129 -0.110824
149 129 -0.309793
130 130 1
131 130 -0.357763
132 130 -0.020441
133 130 -0.00937372
134 130 -0.00391158
144 130 -0.00244081
145 130 -0.00519296
146 130 -0.0109103
147 130 -0.0216116
148 130 -0.0459796
149 130 -0.110832
150 130 -0.309797
131 131 1
132 131 -0.357764
133 131 -0.0204409
134 131 -0.00937303
135 131 -0.00391055
145 131 -0.00246114
146 131 -0.00520815
147 131 -0.0109213
148 131 -0.0216186
149 131 -0.0459838
150 131 -0.110834
151 131 -0.309798
132 132 1
133 132 -0.357763
134 132 -0.0204387
135 132 -0.00936975
136 132 -0.00390599
146 132 -0.00246833
147 132 -0.00521328
148 132 -0.0109248
149 132 -0.0216208
150 132 -0.045985
151 132 -0.110835
152 132 -0.309798
133 133 1
134 133 -0.357757
135 133 -0.0204302
136 133 -0.00935614
137 133 -0.00388847
147 133 -0.00247075
148 133 -0.0052149
149 133 -0.0109258
150 133 -0.0216212
151 133 -0.045985
152 133 -0.110834
153 133 -0.309797
134 134 1
135 134 -0.357732
136 134 -0.0203954
137 134 -0.00930391
138 134 -0.00382404
148 134 -0.0024714
149 134 -0.00521513
150 134 -0.0109255
151 134 -0.0216202
152 134 -0.0459828
153 134 -0.11083
154 134 -0.309792
135 135 1
136 135 -0.357644
137 135 -0.0202806
138 135 -0.00913071
139 135 -0.00359461
149 135 -0.00247111
150 135 -0.00521414
151 135 -0.0109231
152 135 -0.0216155
153 135 -0.0459744
154 135 -0.110817
155 135 -0.309777
136 136 1
137 136 -0.357362
138 136 -0.0199201
139 136 -0.00857168
140 136 -0.00281163
150 136 -0.0024691
151 136 -0.00520976
152 136 -0.0109135
153 136 -0.0215976
154 136 -0.0459436
155 136 -0.110772
156 136 -0.309727
137 137 1
138 137 -0.356524
139 137 -0.0188238
140 137 -0.0067574
151 137 -0.00246191
152 137 -0.00519441
153 137 -0.0108803
154 137 -0.0215365
155 137 -0.0458443
156 137 -0.110629
157 137 -0.309572
138 138 1
139 138 -0.354015
140 138 -0.0152379
152 138 -0.00243863
153 138 -0.00514464
154 138 -0.0107724
155 138 -0.0213457
156 138 -0.0455426
157 138 -0.11021
158 138 -0.309124
139 139 1
140 139 -0.345298
153 139 -0.00236469
154 139 -0.00498621
155 139 -0.0104297
156 139 -0.0207573
157 139 -0.0446314
158 139 -0.108938
159 139 -0.307721
140 140 1
154 140 -0.00211911
155 140 -0.00446038
156 140 -0.00929541
157 140 -0.0188158
158 140 -0.0415402
159 140 -0.104334
160 140 -0.302157
141 141 1
142 141 -0.298622
143 141 -0.0111993
144 141 -0.00502695
145 141 -0.00240167
161 141 -0.270425
142 142 1
143 142 -0.34137
144 142 -0.0170111
145 142 -0.00796344
146 142 -0.00355086
161 142 -0.0897693
162 142 -0.300612
143 143 1
144 143 -0.35232
145 143 -0.0194016
146 143 -0.00907631
147 143 -0.00389327
161 143 -0.034721
162 143 -0.104762
163 143 -0.306886
144 144 1
145 144 -0.356132
146 144 -0.0203195
147 144 -0.00945475
148 144 -0.0040123
161 144 -0.0154318
162 144 -0.0423973
163 144 -0.108808
164 144 -0.308831
145 145 1
146 145 -0.357615
147 145 -0.0206561
148 145 -0.00959315
149 145 -0.00405579
161 145 -0.00766815
162 145 -0.0196508
163 145 -0.044849
164 145 -0.110249
165 145 -0.309573
146 146 1
147 146 -0.35819
148 146 -0.0207816
149 146 -0.00964427
150 146 -0.00407165
161 146 -0.00370624
162 146 -0.00995887
163 146 -0.0210847
164 146 -0.0457604
165 146 -0.110813
166 146 -0.309867
147 147 1
148 147 -0.358405
149 147 -0.0208271
150 147 -0.00966254
151 147 -0.00407718
162 147 -0.00478921
163 147 -0.0107221
164 147 -0.0216078
165 147 -0.0461093
166 147 -0.111031
167 147 -0.309978
148 148 1
149 148 -0.358483
150 148 -0.0208431
151 148 -0.00966881
152 148 -0.00407902
162 148 -0.00228332
163 148 -0.00515084
164 148 -0.0109999
165 148 -0.021806
166 148 -0.046242
167 148 -0.111112
168 148 -0.310019
149 149 1
150 149 -0.35851
151 149 -0.0208485
152 149 -0.00967082
153 149 -0.00407951
163 149 -0.00245555
164 149 -0.00528293
165 149 -0.0111047
166 149 -0.0218806
167 149 -0.0462908
168 149 -0.111142
169 149 -0.310034
150 150 1
151 150 -0.358519
152 150 -0.0208501
153 150 -0.00967112
154 150 -0.00407918
164 150 -0.00251855
165 150 -0.0053328
166 150 -0.0111439
167 150 -0.0219078
168 150 -0.0463083
169 150 -0.111152
170 150 -0.310039
151 151 1
152 151 -0.358522
153 151 -0.0208497
154 151 -0.0096698
155 151 -0.00407732
165 151 -0.00254233
166 151 -0.00535142
167 151 -0.011158
168 151 -0.0219174
169 151 -0.0463142
170 151 -0.111155
171 151 -0.31004
152 152 1
153 152 -0.35852
154 152 -0.0208461
155 152 -0.00966432
156 152 -0.00407056
166 152 -0.0025512
167 152 -0.00535812
168 152 -0.0111629
169 152 -0.0219206
170 152 -0.046316
171 152 -0.111156
172 152 -0.310041
153 153 1
154 153 -0.35851
155 153 -0.0208331
156 153 -0.0096454
157 153 -0.00404831
167 153 -0.00255434
168 153 -0.00536034
169 153 -0.0111643
170 153 -0.0219211
171 153 -0.0463158
172 153 -0.111155
173 153 -0.310039
154 154 1
155 154 -0.358475
156 154 -0.0207894
157 154 -0.0095842
158 154 -0.00397738
168 154 -0.00255522
169 154 -0.00536063
170 154 -0.0111638
171 154 -0.0219194
172 154 -0.0463124
173 154 -0.11115
174 154 -0.310033
155 155 1
156 155 -0.358359
157 155 -0.0206464
158 155 -0.00937787
159 155 -0.0037108
169 155 -0.00255474
170 155 -0.00535906
171 155 -0.01116
172 155 -0.0219123
173 155 -0.0463003
174 155 -0.111132
175 155 -0.310012
156 156 1
157 156 -0.358018
158 156 -0.0202322
159 156 -0.00875804
160 156 -0.00288109
170 156 -0.00255195
171 156 -0.00535297
172 156 -0.0111469
173 156 -0.0218884
174 156 -0.0462604
175 156 -0.111073
176 156 -0.309948
157 157 1
158 157 -0.357074
159 157 -0.0190482
160 157 -0.00685942
171 157 -0.00254282
172 157 -0.00533361
173 157 -0.0111055
174 157 -0.021814
175 157 -0.0461385
176 157 -0.110903
177 157 -0.309768
158 158 1
159 158 -0.354408
160 158 -0.0153511
172 158 -0.00251527
173 158 -0.00527527
174 158 -0.0109806
175 158 -0.0215916
176 158 -0.0457951
177 158 -0.110435
178 158 -0.309278
159 159 1
160 159 -0.345505
173 159 -0.00243197
174 159 -0.00509801
175 159 -0.0105978
176 159 -0.0209487
177 159 -0.0448179
178 159 -0.109094
179 159 -0.307819
160 160 1
174 160 -0.00216985
175 160 -0.00453934
176 160 -0.00940539
177 160 -0.0189314
178 160 -0.041643
179 160 -0.10441
180 160 -0.302197
161 161 1
162 161 -0.298647
163 161 -0.0112285
164 161 -0.00505971
165 161 -0.00243211
181 161 -0.270429
162 162 1
163 162 -0.341465
164 162 -0.0170965
165 162 -0.00804825
166 162 -0.00361205
181 162 -0.0897825
182 162 -0.300631
163 163 1
164 163 -0.352509
165 163 -0.0195444
166 163 -0.00919857
167 163 -0.00397009
181 163 -0.0347464
182 163 -0.104806
183 163 -0.306931
164 164 1
165 164 -0.356412
166 164 -0.0205034
167 164 -0.00959979
168 164 -0.00409916
181 164 -0.0154675
182 164 -0.0424642
183 164 -0.108892
184 164 -0.308907
165 165 1
166 165 -0.357966
167 165 -0.0208659
168 165 -0.00975249
169 165 -0.0041485
181 165 -0.00770916
182 165 -0.0197314
183 165 -0.0449594
184 165 -0.110372
185 165 -0.309675
166 166 1
167 166 -0.358584
168 166 -0.0210065
169 166 -0.00981141
170 166 -0.00416733
181 166 -0.00373783
182 166 -0.0100373
183 166 -0.0212021
184 166 -0.0459049
185 166 -0.110965
186 166 -0.309987
167 167 1
168 167 -0.358824
169 167 -0.0210601
170 167 -0.00983353
171 167 -0.00417426
182 167 -0.00484257
183 167 -0.0108257
184 167 -0.0217505
185 167 -0.0462766
186 167 -0.1112
187 167 -0.310109
168 168 1
169 168 -0.358915
170 168 -0.0210799
171 168 -0.00984156
172 168 -0.00417669
182 168 -0.00231636
183 168 -0.00521807
184 168 -0.0111201
185 168 -0.0219647
186 168 -0.0464227
187 168 -0.111292
188 168 -0.310156
169 169 1
170 169 -0.358949
171 169 -0.0210869
172 169 -0.00984425
173 169 -0.00417733
183 169 -0.00249595
184 169 -0.00535883
185 169 -0.0112349
186 169 -0.0220484
187 169 -0.0464788
188 169 -0.111326
189 169 -0.310174
170 170 1
171 170 -0.358961
172 170 -0.021089
173 170 -0.00984459
174 170 -0.00417681
184 170 -0.00256337
185 170 -0.00541376
186 170 -0.0112794
187 170 -0.0220803
188 170 -0.0464999
189 170 -0.111339
190 170 -0.31018
171 171 1
172 171 -0.358964
173 171 -0.0210883
174 171 -0.00984262
175 171 -0.00417414
185 171 -0.00258966
186 171 -0.00543506
187 171 -0.0112963
188 171 -0.022092
189 171 -0.0465075
190 171 -0.111344
191 171 -0.310183
172 172 1
173 172 -0.358962
174 172 -0.0210833
175 172 -0.00983511
176 172 -0.00416539
186 172 -0.00259983
187 172 -0.00544305
188 172 -0.0113024
189 172 -0.0220961
190 172 -0.0465098
191 172 -0.111345
192 172 -0.310183
173 173 1
174 173 -0.358948
175 173 -0.0210662
176 173 -0.00981145
177 173 -0.00413881
187 173 -0.00260358
188 173 -0.00544581
189 173 -0.0113042
190 173 -0.0220968
191 173 -0.0465093
192 173 -0.111343
193 173 -0.31018
174 174 1
175 174 -0.358904
176 174 -0.0210135
177 174 -0.00974023
178 174 -0.00405905
188 174 -0.00260465
189 174 -0.00544612
190 174 -0.0113033
191 174 -0.0220944
192 174 -0.0465048
193 174 -0.111336
194 174 -0.310172
175 175 1
176 175 -0.358767
177 175 -0.0208503
178 175 -0.00951214
179 175 -0.0037733
189 175 -0.00260398
190 175 -0.00544401
191 175 -0.0112983
192 175 -0.022085
193 175 -0.0464892
194 175 -0.111313
195 175 -0.310147
176 176 1
177 176 -0.358383
178 176 -0.0204009
179 176 -0.00885665
180 176 -0.00291635
190 176 -0.0026005
191 176 -0.00543642
192 176 -0.011282
193 176 -0.0220559
194 176 -0.0464416
195 176 -0.111244
196 176 -0.310073
177 177 1
178 177 -0.357371
179 177 -0.0191655
180 177 -0.00691087
191 177 -0.00258975
192 177 -0.0054137
193 177 -0.0112338
194 177 -0.0219704
195 177 -0.0463035
196 177 -0.111054
197 177 -0.309875
178 178 1
179 178 -0.354613
180 178 -0.0154076
192 178 -0.00255893
193 178 -0.0053487
194 178 -0.0110956
195 178 -0.0217269
196 178 -0.0459327
197 178 -0.110556
198 178 -0.309359
179 179 1
180 179 -0.345608
193 179 -0.00246957
194 179 -0.00515938
195 179 -0.0106891
196 179 -0.0210512
197 179 -0.0449163
198 179 -0.109174
199 179 -0.307869
180 180 1
194 180 -0.00219749
195 180 -0.00458177
196 180 -0.00946316
197 180 -0.0189911
198 180 -0.0416954
199 180 -0.104449
200 180 -0.302217
181 181 1
182 181 -0.298659
183 181 -0.0112428
184 181 -0.0050756
185 181 -0.00244663
201 181 -0.27043
182 182 1
183 182 -0.341513
184 182 -0.0171399
185 182 -0.00809116
186 182 -0.00364391
201 182 -0.089789
202 182 -0.30064
183 183 1
184 183 -0.352607
185 183 -0.0196197
186 183 -0.00926442
187 183 -0.00401254
201 183 -0.0347591
202 183 -0.104829
203 183 -0.306955
184 184 1
185 184 -0.356563
186 184 -0.0206046
187 184 -0.009681
188 184 -0.00414846
201 184 -0.0154855
202 184 -0.0424987
203 184 -0.108937
204 184 -0.308947
185 185 1
186 185 -0.35816
187 185 -0.0209845
188 185 -0.00984354
189 185 -0.00420193
201 185 -0.00772994
202 185 -0.0197733
203 185 -0.0450182
204 185 -0.110438
205 185 -0.309731
186 186 1
187 186 -0.358808
188 186 -0.0211359
189 186 -0.00990817
190 186 -0.00422302
201 186 -0.00375437
202 186 -0.010079
203 186 -0.0212657
204 186 -0.0459845
205 186 -0.111049
206 186 -0.310055
187 187 1
188 187 -0.359066
189 187 -0.0211954
190 187 -0.00993331
191 187 -0.00423109
202 187 -0.00487161
203 187 -0.010883
204 187 -0.0218303
205 187 -0.0463711
206 187 -0.111297
207 187 -0.310185
188 188 1
189 188 -0.359167
190 188 -0.0212183
191 188 -0.0099428
192 188 -0.00423402
202 188 -0.00233467
203 188 -0.00525578
204 188 -0.0111882
205 188 -0.0220554
206 188 -0.0465266
207 188 -0.111395
208 188 -0.310236
189 189 1
190 189 -0.359206
191 189 -0.0212268
192 189 -0.00994608
193 189 -0.0042348
203 189 -0.00251887
204 189 -0.00540226
205 189 -0.0113098
206 189 -0.0221455
207 189 -0.0465881
208 189 -0.111434
209 189 -0.310256
190 190 1
191 190 -0.359221
192 190 -0.0212293
193 190 -0.00994643
194 190 -0.00423408
204 190 -0.00258922
205 190 -0.0054607
206 190 -0.0113584
207 190 -0.0221809
208 190 -0.046612
209 190 -0.111449
210 190 -0.310263
191 191 1
192 191 -0.359224
193 191 -0.0212283
194 191 -0.00994384
195 191 -0.0042307
205 191 -0.00261726
206 191 -0.00548397
207 191 -0.0113773
208 191 -0.0221945
209 191 -0.0466209
210 191 -0.111454
211 191 -0.310266
192 192 1
193 192 -0.359221
194 192 -0.021222
195 192 -0.00993459
196 192 -0.00422028
206 192 -0.00262839
207 192 -0.00549298
208 192 -0.0113844
209 192 -0.0221993
210 192 -0.0466237
211 192 -0.111455
212 192 -0.310266
193 193 1
194 193 -0.359204
195 193 -0.0212014
196 193 -0.00990704
197 193 -0.00419028
207 193 -0.00263261
208 193 -0.00549616
209 193 -0.0113865
210 193 -0.0222
211 193 -0.046623
212 193 -0.111453
213 193 -0.310263
194 194 1
195 194 -0.359153
196 194 -0.0211416
197 194 -0.00982814
198 194 -0.00410416
208 194 -0.00263382
209 194 -0.00549648
210 194 -0.0113854
211 194 -0.022197
212 194 -0.0466174
213 194 -0.111444
214 194 -0.310254
195 195 1
196 195 -0.358999
197 195 -0.0209647
198 195 -0.00958611
199 195 -0.00380727
209 195 -0.00263299
210 195 -0.00549391
211 195 -0.0113793
212 195 -0.0221858
213 195 -0.046599
214 195 -0.111418
215 195 -0.310224
196 196 1
197 196 -0.358588
198 196 -0.0204931
199 196 -0.00890967
200 196 -0.00293494
210 196 -0.00262895
211 196 -0.00548511
212 196 -0.0113605
213 196 -0.0221525
214 196 -0.0465454
215 196 -0.111341
216 196 -0.310143
197 197 1
198 197 -0.357533
199 197 -0.0192279
200 197 -0.00693773
211 197 -0.002617
212 197 -0.00545988
213 197 -0.0113072
214 197 -0.0220591
215 197 -0.0463964
216 197 -0.111139
217 197 -0.309935
198 198 1
199 198 -0.354722
200 198 -0.0154369
212 198 -0.00258391
213 198 -0.00539031
214 198 -0.01116
215 198 -0.0218021
216 198 -0.0460083
217 198 -0.110622
218 198 -0.309403
199 199 1
200 199 -0.345662
213 199 -0.00249075
214 199 -0.00519348
215 199 -0.0107393
216 199 -0.0211068
217 199 -0.044969
218 199 -0.109217
219 199 -0.307895
200 200 1
214 200 -0.00221278
215 200 -0.0046049
216 200 -0.00949415
217 200 -0.0190228
218 200 -0.0417228
219 200 -0.104469
220 200 -0.302227
201 201 1
202 201 -0.298665
203 201 -0.01125
204 201 -0.00508369
205 201 -0.00245405
221 201 -0.270431
202 202 1
203 202 -0.341537
204 202 -0.0171624
205 202 -0.00811371
206 202 -0.00366099
221 202 -0.0897922
222 202 -0.300645
203 203 1
204 203 -0.352659
205 203 -0.0196602
206 203 -0.00930034
207 203 -0.00403614
221 203 -0.0347656
222 203 -0.104841
223 203 -0.306967
204 204 1
205 204 -0.356645
206 204 -0.0206606
207 204 -0.0097266
208 204 -0.00417649
221 204 -0.0154948
222 204 -0.0425168
223 204 -0.108961
224 204 -0.308969
205 205 1
206 205 -0.358268
207 205 -0.0210517
208 205 -0.00989566
209 205 -0.00423278
221 205 -0.00774085
222 205 -0.0197955
223 205 -0.0450499
224 205 -0.110475
225 205 -0.309762
206 206 1
207 206 -0.358935
208 206 -0.0212104
209 206 -0.00996428
210 206 -0.0042555
221 206 -0.00376324
222 206 -0.0101015
223 206 -0.0213005
224 206 -0.0460286
225 206 -0.111096
226 206 -0.310093
207 207 1
208 207 -0.359206
209 207 -0.0212743
210 207 -0.00999166
211 207 -0.00426443
222 207 -0.00488761
223 207 -0.0109149
224 207 -0.0218751
225 207 -0.0464246
226 207 -0.111352
227 207 -0.310228
208 208 1
209 208 -0.359314
210 208 -0.0212995
211 208 -0.0100023
212 208 -0.00426777
222 208 -0.0023449
223 208 -0.00527701
224 208 -0.0112269
225 208 -0.0221072
226 208 -0.0465864
227 208 -0.111455
228 208 -0.310282
209 209 1
210 209 -0.359357
211 209 -0.0213091
212 209 -0.010006
213 209 -0.00426865
223 209 -0.00253191
224 209 -0.00542714
225 209 -0.0113531
226 209 -0.0222018
227 209 -0.0466517
228 209 -0.111497
229 209 -0.310304
210 210 1
211 210 -0.359373
212 210 -0.021312
213 210 -0.0100064
214 210 -0.00426775
224 210 -0.00260413
225 210 -0.00548793
226 210 -0.0114044
227 210 -0.0222398
228 210 -0.0466777
229 210 -0.111513
230 210 -0.310312
211 211 1
212 211 -0.359378
213 211 -0.0213107
214 211 -0.0100033
215 211 -0.00426379
225 211 -0.00263334
226 211 -0.00551259
227 211 -0.0114249
228 211 -0.0222547
229 211 -0.0466877
230 211 -0.111519
231 211 -0.310315
212 212 1
213 212 -0.359373
214 212 -0.0213032
215 212 -0.00999262
216 212 -0.0042521
226 212 -0.00264516
227 212 -0.00552235
228 212 -0.0114327
229 212 -0.0222601
230 212 -0.0466909
231 212 -0.11152
232 212 -0.310315
213 213 1
214 213 -0.359354
215 213 -0.02128
216 213 -0.00996217
217 213 -0.00421967
227 213 -0.00264972
228 213 -0.00552584
229 213 -0.011435
230 213 -0.0222609
231 213 -0.04669
232 213 -0.111518
233 213 -0.310312
214 214 1
215 214 -0.359297
216 214 -0.021215
217 214 -0.00987799
218 214 -0.0041294
228 214 -0.00265102
229 214 -0.00552616
230 214 -0.0114337
231 214 -0.0222573
232 214 -0.0466834
233 214 -0.111508
234 214 -0.310301
215 215 1
216 215 -0.359132
217 215 -0.021029
218 215 -0.00962724
219 215 -0.00382593
229 215 -0.00265007
230 215 -0.00552323
231 215 -0.0114267
232 215 -0.0222446
233 215 -0.0466629
234 215 -0.111479
235 215 -0.310269
216 216 1
217 216 -0.358702
218 216 -0.020544
219 216 -0.00893856
220 216 -0.00294493
230 216 -0.00264562
231 216 -0.00551352
232 216 -0.011406
233 216 -0.0222084
234 216 -0.0466051
235 216 -0.111397
236 216 -0.310184
217 217 1
218 217 -0.357623
219 217 -0.0192616
220 217 -0.00695206
231 217 -0.00263282
232 217 -0.00548654
233 217 -0.0113492
234 217 -0.0221096
235 217 -0.0464489
236 217 -0.111186
237 217 -0.309968
218 218 1
219 218 -0.354781
220 218 -0.0154524
232 218 -0.00259825
233 218 -0.00541398
234 218 -0.0111963
235 218 -0.0218441
236 218 -0.0460503
237 218 -0.110658
238 218 -0.309427
219 219 1
220 219 -0.345691
233 219 -0.00250273
234 219 -0.00521258
235 219 -0.0107671
236 219 -0.0211373
237 219 -0.0449976
238 219 -0.10924
239 219 -0.307909
220 220 1
234 220 -0.00222131
235 220 -0.00461765
236 220 -0.00951102
237 220 -0.0190398
238 220 -0.0417374
239 220 -0.104479
240 220 -0.302233
221 221 1
222 221 -0.298668
223 221 -0.0112538
224 221 -0.00508793
225 221 -0.00245798
241 221 -0.270431
222 222 1
223 222 -0.34155
224 222 -0.0171744
225 222 -0.00812581
226 222 -0.00367029
241 222 -0.0897939
242 222 -0.300647
223 223 1
224 223 -0.352687
225 223 -0.0196821
226 223 -0.00932012
227 223 -0.00404931
241 223 -0.034769
242 223 -0.104847
243 223 -0.306973
224 224 1
225 224 -0.356689
226 224 -0.0206917
227 224 -0.00975228
228 224 -0.00419245
241 224 -0.0154997
242 224 -0.0425264
243 224 -0.108973
244 224 -0.308981
225 225 1
226 225 -0.358328
227 225 -0.0210899
228 225 -0.00992551
229 225 -0.00425059
241 225 -0.00774669
242 225 -0.0198076
243 225 -0.0450672
244 225 -0.110495
245 225 -0.309779
226 226 1
227 226 -0.359008
228 226 -0.0212534
229 226 -0.00999683
230 226 -0.00427445
231 226 -0.00200433
241 226 -0.00376807
242 226 -0.0101139
243 226 -0.0213198
244 226 -0.0460531
245 226 -0.111123
246 226 -0.310114
227 227 1
228 227 -0.359286
229 227 -0.0213202
230 227 -0.0100258
231 227 -0.0050039
232 227 -0.00200876
242 227 -0.00489648
243 227 -0.0109327
244 227 -0.0219003
245 227 -0.0464549
246 227 -0.111383
247 227 -0.310253
228 228 1
229 228 -0.3594
230 228 -0.0213471
231 228 -0.0103386
232 228 -0.0050095
233 228 -0.00201034
242 228 -0.00235064
243 228 -0.005289
244 228 -0.0112489
245 228 -0.0221368
246 228 -0.0466208
247 228 -0.11149
248 228 -0.310309
229 229 1
230 229 -0.359446
231 229 -0.0215012
232 229 -0.0103437
233 229 -0.00501117
234 229 -0.00201043
243 229 -0.00253934
244 229 -0.0054414
245 229 -0.011378
246 229 -0.0222344
247 229 -0.0466888
248 229 -0.111533
249 229 -0.310332
230 230 1
231 230 -0.359537
232 230 -0.0215049
233 230 -0.0103444
234 230 -0.00501023
235 230 -0.00200895
244 230 -0.00261273
245 230 -0.00550372
246 230 -0.0114312
247 230 -0.0222742
248 230 -0.0467162
249 230 -0.111551
250 230 -0.310341
231 231 1
232 231 -0.359575
233 231 -0.0215073
234 231 -0.0103423
235 231 -0.00500584
236 231 -0.00200433
245 231 -0.00290799
246 231 -0.00625013
247 231 -0.011719
248 231 -0.0224048
249 231 -0.0467834
250 231 -0.111589
251 231 -0.310368
232 232 1
233 232 -0.359577
234 232 -0.0214998
235 232 -0.0103308
236 232 -0.00499166
246 232 -0.00318072
247 232 -0.00635806
248 232 -0.0117697
249 232 -0.0224319
250 232 -0.0467997
251 232 -0.111602
252 232 -0.310372
233 233 1
234 233 -0.359558
235 233 -0.0214749
236 233 -0.0102977
237 233 -0.0042369
247 233 -0.00322684
248 233 -0.00638017
249 233 -0.0117815
250 233 -0.0224385
251 233 -0.0468045
252 233 -0.111602
253 233 -0.310369
234 234 1
235 234 -0.359497
236 234 -0.021406
237 234 -0.00990778
238 234 -0.00414402
248 234 -0.00323702
249 234 -0.00638493
250 234 -0.0117828
251 234 -0.0224374
252 234 -0.0467984
253 234 -0.111592
254 234 -0.310358
235 235 1
236 235 -0.359324
237 235 -0.0210694
238 235 -0.00965166
239 235 -0.00383664
249 235 -0.00323803
250 235 -0.00638255
251 235 -0.0117765
252 235 -0.0224242
253 235 -0.0467766
254 235 -0.11156
255 235 -0.310324
236 236 1
237 236 -0.358807
238 236 -0.0205761
239 236 -0.00895575
240 236 -0.00295066
250 236 -0.00323291
251 236 -0.00637089
252 236 -0.011754
253 236 -0.0223857
254 236 -0.0467159
255 236 -0.111475
256 236 -0.310236
237 237 1
238 237 -0.35768
239 237 -0.0192808
240 237 -0.00696006
251 237 -0.00295209
252 237 -0.00562144
253 237 -0.011428
254 237 -0.0221681
255 237 -0.0464979
256 237 -0.111227
257 237 -0.309991
238 238 1
239 238 -0.354815
240 238 -0.0154609
252 238 -0.00265752
253 238 -0.00545102
254 238 -0.0112298
255 238 -0.0218763
256 238 -0.0460802
257 238 -0.110681
258 238 -0.309442
239 239 1
240 239 -0.345706
253 239 -0.00252049
254 239 -0.00522937
255 239 -0.0107866
256 239 -0.0211572
257 239 -0.0450146
258 239 -0.109253
259 239 -0.307917
240 240 1
254 240 -0.00222877
255 240 -0.00462651
256 240 -0.00952164
257 240 -0.0190497
258 240 -0.0417455
259 240 -0.104485
260 240 -0.302236
241 241 1
242 241 -0.29867
243 241 -0.0112558
244 241 -0.00509019
245 241 -0.00246009
261 241 -0.270431
242 242 1
243 242 -0.341557
244 242 -0.0171809
245 242 -0.0081324
246 242 -0.0036754
261 242 -0.0897948
262 242 -0.300649
243 243 1
244 243 -0.352702
245 243 -0.0196942
246 243 -0.0093311
247 243 -0.0040567
261 243 -0.0347708
262 243 -0.10485
263 243 -0.306977
244 244 1
245 244 -0.356714
246 244 -0.0207091
247 244 -0.00976678
248 244 -0.00420155
261 244 -0.0155024
262 244 -0.0425317
263 244 -0.10898
264 244 -0.308987
245 245 1
246 245 -0.358366
247 245 -0.0211154
248 245 -0.00994888
249 245 -0.00427342
250 245 -0.00202888
261 245 -0.00774988
262 245 -0.0198142
263 245 -0.0450767
264 245 -0.110506
265 245 -0.309789
246 246 1
247 246 -0.359071
248 246 -0.0213044
249 246 -0.0100665
250 246 -0.0051187
251 246 -0.00229306
261 246 -0.00377082
262 246 -0.0101209
263 246 -0.0213309
264 246 -0.0460679
265 246 -0.111141
266 246 -0.310131
247 247 1
248 247 -0.359379
249 247 -0.021406
250 247 -0.0104701
251 247 -0.00532024
252 247 -0.00233277
262 247 -0.00490193
263 247 -0.0109438
264 247 -0.0219169
265 247 -0.0464778
266 247 -0.111412
267 247 -0.310277
248 248 1
249 248 -0.359526
250 248 -0.0216229
251 248 -0.010599
252 248 -0.00535461
253 248 -0.00234124
262 248 -0.00235475
263 248 -0.0052977
264 248 -0.0112655
265 248 -0.0221636
266 248 -0.046659
267 248 -0.111531
268 248 -0.310342
249 249 1
250 249 -0.359687
251 249 -0.0217047
252 249 -0.0106239
253 249 -0.00536252
254 249 -0.00234301
263 249 -0.00254709
264 249 -0.00545722
265 249 -0.0114105
266 249 -0.0222869
267 249 -0.0467462
268 249 -0.111588
269 249 -0.310374
250 250 1
251 250 -0.359797
252 250 -0.0217268
253 250 -0.0106312
254 250 -0.00536384
255 250 -0.00234187
264 250 -0.00289709
265 250 -0.00627021
266 250 -0.0117826
267 250 -0.0224787
268 250 -0.0468545
269 250 -0.111653
270 250 -0.310419
251 251 1
252 251 -0.359838
253 251 -0.0217289
254 251 -0.0106241
255 251 -0.00534673
256 251 -0.00230663
265 251 -0.0032414
266 251 -0.00652313
267 251 -0.0119374
268 251 -0.0225724
269 251 -0.0469138
270 251 -0.111697
271 251 -0.310443
252 252 1
253 252 -0.359828
254 252 -0.0216997
255 252 -0.0105677
256 252 -0.00522804
257 252 -0.00204025
266 252 -0.00335011
267 252 -0.00660235
268 252 -0.0119887
269 252 -0.0226058
270 252 -0.0469381
271 252 -0.111711
272 252 -0.310447
253 253 1
254 253 -0.359785
255 253 -0.0216411
256 253 -0.0104594
257 253 -0.00500149
267 253 -0.00338596
268 253 -0.0066277
269 253 -0.0120052
270 253 -0.0226166
271 253 -0.0469411
272 253 -0.111705
273 253 -0.310439
254 254 1
255 254 -0.359692
256 254 -0.0215239
257 254 -0.0102528
258 254 -0.00415749
268 254 -0.00339714
269 254 -0.00663412
270 254 -0.0120067
271 254 -0.0226095
272 254 -0.0469233
273 254 -0.111685
274 254 -0.31042
255 255 1
256 255 -0.359476
257 255 -0.0212576
258 255 -0.00967135
259 255 -0.00384433
269 255 -0.00339672
270 255 -0.00662733
271 255 -0.0119867
272 255 -0.0225725
273 255 -0.0468834
274 255 -0.11164
275 255 -0.310377
256 256 1
257 256 -0.358968
258 256 -0.0205997
259 256 -0.00896737
260 256 -0.00295433
270 256 -0.00337908
271 256 -0.00658405
272 256 -0.011911
273 256 -0.0224959
274 256 -0.0467971
275 256 -0.111536
276 256 -0.310275
257 257 1
258 257 -0.357754
259 257 -0.019296
260 257 -0.00696574
271 257 -0.00330977
272 257 -0.00642266
273 257 -0.0117589
274 257 -0.022335
275 257 -0.0465976
276 257 -0.111293
277 257 -0.310035
258 258 1
259 258 -0.354842
260 258 -0.0154664
272 258 -0.00295029
273 258 -0.00557608
274 258 -0.0113
275 258 -0.0219237
276 258 -0.0461157
277 258 -0.110709
278 258 -0.309455
259 259 1
260 259 -0.345717
273 259 -0.00257319
274 259 -0.00526015
275 259 -0.0108103
276 259 -0.0211769
277 259 -0.0450312
278 259 -0.109264
279 259 -0.307923
260 260 1
274 260 -0.00224198
275 260 -0.00463687
276 260 -0.00953127
277 260 -0.0190583
278 260 -0.0417514
279 260 -0.104488
280 260 -0.302237
261 261 1
262 261 -0.298671
263 261 -0.0112569
264 261 -0.00509142
265 261 -0.00246126
281 261 -0.270432
262 262 1
263 262 -0.341561
264 262 -0.0171845
265 262 -0.00813615
266 262 -0.00367847
281 262 -0.0897953
282 262 -0.300649
263 263 1
264 263 -0.35271
265 263 -0.0197013
266 263 -0.00933797
267 263 -0.00406172
281 263 -0.0347718
282 263 -0.104852
283 263 -0.306979
264 264 1
265 264 -0.356733
266 264 -0.0207248
267 264 -0.00978391
268 264 -0.00422232
269 264 -0.00200821
281 264 -0.0155039
282 264 -0.0425346
283 264 -0.108984
284 264 -0.308991
265 265 1
266 265 -0.358411
267 265 -0.0211582
268 265 -0.0100136
269 265 -0.00510367
270 265 -0.00230381
281 265 -0.00775187
282 265 -0.0198185
283 265 -0.0450835
284 265 -0.110516
285 265 -0.309799
266 266 1
267 266 -0.359143
268 266 -0.021376
269 266 -0.0104811
270 266 -0.005366
271 266 -0.00239702
281 266 -0.00377281
282 266 -0.0101261
283 266 -0.0213399
284 266 -0.0460825
285 266 -0.111161
286 266 -0.310149
267 267 1
268 267 -0.359485
269 267 -0.021658
270 267 -0.0106712
271 267 -0.0054616
272 267 -0.0024268
282 267 -0.00490694
283 267 -0.0109545
284 267 -0.0219365
285 267 -0.0465079
286 267 -0.111443
287 267 -0.310304
268 268 1
269 268 -0.359748
270 268 -0.0217916
271 268 -0.0107479
272 268 -0.00549322
273 268 -0.00243646
282 268 -0.00236024
283 268 -0.00530998
284 268 -0.0112928
285 268 -0.0222089
286 268 -0.0467066
287 268 -0.111577
288 268 -0.310379
269 269 1
270 269 -0.359926
271 269 -0.0218548
272 269 -0.0107762
273 269 -0.00550397
274 269 -0.00243885
283 269 -0.00282239
284 269 -0.00621091
285 269 -0.0117497
286 269 -0.0224749
287 269 -0.046872
288 269 -0.111683
289 269 -0.310448
270 270 1
271 270 -0.360023
272 270 -0.0218789
273 270 -0.0107848
274 270 -0.00550429
275 270 -0.00243488
284 270 -0.00321891
285 270 -0.00652281
286 270 -0.0119646
287 270 -0.0226184
288 270 -0.0469691
289 270 -0.111754
290 270 -0.310491
271 271 1
272 271 -0.360061
273 271 -0.0218806
274 271 -0.0107768
275 271 -0.00548808
276 271 -0.00241334
285 271 -0.00336511
286 271 -0.00665471
287 271 -0.0120639
288 271 -0.0226898
289 271 -0.0470227
290 271 -0.111791
291 271 -0.310511
272 272 1
273 272 -0.360049
274 272 -0.0218535
275 272 -0.0107326
276 272 -0.00541991
277 272 -0.00232207
286 272 -0.00342748
287 272 -0.00671064
288 272 -0.012107
289 272 -0.0227226
290 272 -0.0470458
291 272 -0.111804
292 272 -0.310515
273 273 1
274 273 -0.359988
275 273 -0.0217783
276 273 -0.0106128
277 273 -0.00522346
278 273 -0.0020149
287 273 -0.00345396
288 273 -0.00673332
289 273 -0.0121241
290 273 -0.0227329
291 273 -0.0470475
292 273 -0.111796
293 273 -0.310503
274 274 1
275 274 -0.359867
276 274 -0.0216404
277 274 -0.0104033
278 274 -0.00490935
288 274 -0.00346368
289 274 -0.00673967
290 274 -0.0121244
291 274 -0.0227241
292 274 -0.047027
293 274 -0.111768
294 274 -0.310477
275 275 1
276 275 -0.35962
277 275 -0.0213631
278 275 -0.0100056
279 275 -0.00385341
289 275 -0.0034628
290 275 -0.00673138
291 275 -0.0121039
292 275 -0.0226864
293 275 -0.0469754
294 275 -0.111712
295 275 -0.310425
276 276 1
277 276 -0.359089
278 276 -0.0207752
279 276 -0.00897925
280 276 -0.00295768
290 276 -0.00344766
291 276 -0.0066962
292 276 -0.0120403
293 276 -0.022598
294 276 -0.0468746
295 276 -0.111595
296 276 -0.310313
277 277 1
278 277 -0.357893
279 277 -0.0193096
280 277 -0.00697055
291 277 -0.00340163
292 277 -0.00659593
293 277 -0.0118914
294 277 -0.0224282
295 277 -0.0466646
296 277 -0.111341
297 277 -0.310066
278 278 1
279 278 -0.354898
280 278 -0.0154731
292 278 -0.00328671
293 278 -0.00635538
294 278 -0.0116171
295 278 -0.0220789
296 278 -0.0462042
297 278 -0.110765
298 278 -0.309492
279 279 1
280 279 -0.34573
293 279 -0.00285309
294 279 -0.00537686
295 279 -0.010872
296 279 -0.0212152
297 279 -0.0450581
298 279 -0.109284
299 279 -0.307931
280 280 1
294 280 -0.00228755
295 280 -0.00466148
296 280 -0.00954779
297 280 -0.0190705
298 280 -0.041761
299 280 -0.104493
300 280 -0.302239
281 281 1
282 281 -0.298671
283 281 -0.0112575
284 281 -0.00509218
285 281 -0.00246203
301 281 -0.270432
282 282 1
283 282 -0.341563
284 282 -0.0171869
285 282 -0.00813896
286 282 -0.00368102
301 282 -0.0897956
302 282 -0.30065
283 283 1
284 283 -0.35272
285 283 -0.0197111
286 283 -0.00935047
287 283 -0.00407962
301 283 -0.0347725
302 283 -0.104853
303 283 -0.30698
284 284 1
285 284 -0.356766
286 284 -0.020761
287 284 -0.00984341
288 284 -0.00433034
289 284 -0.00227716
301 284 -0.0155052
302 284 -0.0425377
303 284 -0.10899
304 284 -0.308998
285 285 1
286 285 -0.358469
287 285 -0.0212218
288 285 -0.010121
289 285 -0.00534001
290 285 -0.00239619
301 285 -0.00775394
302 285 -0.0198234
303 285 -0.0450932
304 285 -0.110531
305 285 -0.309813
286 286 1
287 286 -0.35923
288 286 -0.021471
289 286 -0.010661
290 286 -0.00547521
291 286 -0.00244687
301 286 -0.0037754
302 286 -0.0101331
303 286 -0.0213547
304 286 -0.046107
305 286 -0.111186
306 286 -0.31017
287 287 1
288 287 -0.359607
289 287 -0.0218014
290 287 -0.0107799
291 287 -0.00553554
292 287 -0.00246847
302 287 -0.00491639
303 287 -0.0109774
304 287 -0.0219761
305 287 -0.0465484
306 287 -0.111481
307 287 -0.310334
288 288 1
289 288 -0.359918
290 288 -0.0218999
291 288 -0.0108357
292 288 -0.0055616
293 288 -0.00247721
302 288 -0.00237228
303 288 -0.00533894
304 288 -0.0113608
305 288 -0.0222748
306 288 -0.0467656
307 288 -0.111629
308 288 -0.31042
289 289 1
290 289 -0.360101
291 289 -0.0219545
292 289 -0.0108626
293 289 -0.00557247
294 289 -0.00247963
303 289 -0.0028802
304 289 -0.00636014
305 289 -0.0118794
306 289 -0.0225784
307 289 -0.0469577
308 289 -0.111756
309 289 -0.310504
290 290 1
291 290 -0.360188
292 290 -0.0219768
293 290 -0.0108705
294 290 -0.00557219
295 290 -0.00247542
304 290 -0.00329478
305 290 -0.00662209
306 290 -0.012059
307 290 -0.022705
308 290 -0.0470495
309 290 -0.111827
310 290 -0.310544
291 291 1
292 291 -0.36022
293 291 -0.0219773
294 291 -0.0108621
295 291 -0.00555751
296 291 -0.00245893
305 291 -0.00341792
306 291 -0.00672398
307 291 -0.0121389
308 291 -0.0227668
309 291 -0.0470993
310 291 -0.111861
311 291 -0.310562
292 292 1
293 292 -0.360211
294 292 -0.021954
295 292 -0.0108278
296 292 -0.00551304
297 292 -0.00241378
306 292 -0.00346809
307 292 -0.00676968
308 292 -0.0121767
309 292 -0.0227976
310 292 -0.0471201
311 292 -0.111872
312 292 -0.310565
293 293 1
294 293 -0.360152
295 293 -0.0218893
296 293 -0.0107395
297 293 -0.0053984
298 293 -0.00228815
307 293 -0.00349039
308 293 -0.00678999
309 293 -0.012193
310 293 -0.0228068
311 293 -0.0471212
312 293 -0.111865
313 293 -0.310555
294 294 1
295 294 -0.360019
296 294 -0.0217479
297 294 -0.0105418
298 294 -0.0051221
308 294 -0.00349904
309 294 -0.00679595
310 294 -0.0121927
311 294 -0.0227979
312 294 -0.0471019
313 294 -0.111836
314 294 -0.310525
295 295 1
296 295 -0.359755
297 295 -0.0214651
298 295 -0.0101465
299 295 -0.00387577
309 295 -0.00349823
310 295 -0.00678793
311 295 -0.0121737
312 295 -0.0227641
313 295 -0.0470516
314 295 -0.111774
315 295 -0.310468
296 296 1
297 296 -0.359207
298 296 -0.0208704
299 296 -0.00900241
300 296 -0.00296316
310 296 -0.00348532
311 296 -0.0067586
312 296 -0.0121217
313 296 -0.0226845
314 296 -0.0469456
315 296 -0.11165
316 296 -0.31035
297 297 1
298 297 -0.357997
299 297 -0.0193312
300 297 -0.00697725
311 297 -0.0034504
312 297 -0.0066861
313 297 -0.012002
314 297 -0.0225149
315 297 -0.0467292
316 297 -0.111389
317 297 -0.310098
298 298 1
299 298 -0.354947
300 298 -0.0154807
312 298 -0.00336729
313 298 -0.00651595
314 298 -0.0117384
315 298 -0.0221621
316 298 -0.0462623
317 298 -0.110807
318 298 -0.309519
299 299 1
300 299 -0.345745
313 299 -0.00291492
314 299 -0.00542649
315 299 -0.0109141
316 299 -0.0212474
317 299 -0.0450828
318 299 -0.109302
319 299 -0.30794
300 300 1
314 300 -0.00230749
315 300 -0.00467866
316 300 -0.00956268
317 300 -0.0190825
318 300 -0.0417704
319 300 -0.104499
320 300 -0.302242
301 301 1
302 301 -0.298672
303 301 -0.0112581
304 301 -0.00509298
305 301 -0.0024629
321 301 -0.270432
302 302 1
303 302 -0.341565
304 302 -0.01719
305 302 -0.00814268
306 302 -0.00368495
321 302 -0.0897958
322 302 -0.30065
303 303 1
304 303 -0.35273
305 303 -0.019721
306 303 -0.00936243
307 303 -0.00409295
321 303 -0.0347731
322 303 -0.104854
323 303 -0.306982
304 304 1
305 304 -0.356793
306 304 -0.0207873
307 304 -0.00987799
308 304 -0.00437214
309 304 -0.00233193
321 304 -0.0155065
322 304 -0.0425407
323 304 -0.108995
324 304 -0.309004
305 305 1
306 305 -0.358517
307 305 -0.0212668
308 305 -0.0101785
309 305 -0.00541416
310 305 -0.00243311
321 305 -0.00775599
322 305 -0.0198283
323 305 -0.045102
324 305 -0.110543
325 305 -0.309825
306 306 1
307 306 -0.359301
308 306 -0.0215333
309 306 -0.0107378
310 306 -0.00552835
311 306 -0.00247321
321 306 -0.00377784
322 306 -0.0101398
323 306 -0.0213673
324 306 -0.0461262
325 306 -0.111208
326 306 -0.310188
307 307 1
308 307 -0.3597
309 307 -0.0218781
310 307 -0.0108412
311 307 -0.00557773
312 307 -0.00249123
322 307 -0.00492359
323 307 -0.010994
324 307 -0.0220029
325 307 -0.0465793
326 307 -0.111512
327 307 -0.310358
308 308 1
309 308 -0.360031
310 308 -0.0219681
311 308 -0.0108895
312 308 -0.00560071
313 308 -0.00249919
322 308 -0.00237917
323 308 -0.005355
324 308 -0.0113957
325 308 -0.0223162
326 308 -0.0468079
327 308 -0.111669
328 308 -0.310451
309 309 1
310 309 -0.360216
311 309 -0.0220189
312 309 -0.0109148
313 309 -0.00561116
314 309 -0.00250153
323 309 -0.00289907
324 309 -0.00640555
325 309 -0.0119333
326 309 -0.0226328
327 309 -0.04701
328 309 -0.111804
329 309 -0.310541
310 310 1
311 310 -0.360298
312 310 -0.0220396
313 310 -0.0109222
314 310 -0.00561073
315 310 -0.00249762
324 310 -0.00332177
325 310 -0.00666614
326 310 -0.0121092
327 310 -0.0227571
328 310 -0.0471016
329 310 -0.111876
330 310 -0.31058
311 311 1
312 311 -0.360328
313 311 -0.0220401
314 311 -0.0109143
315 311 -0.00559772
316 311 -0.00248415
325 311 -0.00344326
326 311 -0.00676217
327 311 -0.0121841
328 311 -0.022816
329 311 -0.0471497
330 311 -0.111907
331 311 -0.310596
312 312 1
313 312 -0.360321
314 312 -0.0220191
315 312 -0.0108849
316 312 -0.00556241
317 312 -0.00245112
326 312 -0.0034909
327 312 -0.00680461
328 312 -0.0122196
329 312 -0.0228455
330 312 -0.0471692
331 312 -0.111918
332 312 -0.310599
313 313 1
314 313 -0.360265
315 313 -0.0219598
316 313 -0.0108085
317 313 -0.0054679
318 313 -0.00234514
327 313 -0.00351189
328 313 -0.00682385
329 313 -0.0122354
330 313 -0.0228542
331 313 -0.0471704
332 313 -0.111912
333 313 -0.31059
314 314 1
315 314 -0.360129
316 314 -0.021818
317 314 -0.0106129
318 314 -0.00518747
328 314 -0.00352014
329 314 -0.00682961
330 314 -0.012235
331 314 -0.0228458
332 314 -0.0471524
333 314 -0.111884
334 314 -0.31056
315 315 1
316 315 -0.359855
317 315 -0.0215287
318 315 -0.0102042
319 315 -0.0038911
329 315 -0.00351946
330 315 -0.00682205
331 315 -0.0122173
332 315 -0.0228142
333 315 -0.0471033
334 315 -0.11182
335 315 -0.3105
316 316 1
317 316 -0.359293
318 316 -0.0209189
319 316 -0.00902062
320 316 -0.00296805
330 316 -0.00350762
331 316 -0.0067955
332 316 -0.01217
333 316 -0.0227381
334 316 -0.0469951
335 316 -0.111691
336 316 -0.310379
317 317 1
318 317 -0.358063
319 317 -0.0193493
320 317 -0.00698343
331 317 -0.00347581
332 317 -0.00673041
333 317 -0.0120572
334 317 -0.0225667
335 317 -0.0467732
336 317 -0.111425
337 317 -0.310122
318 318 1
319 318 -0.354982
320 318 -0.0154871
332 318 -0.00339667
333 318 -0.00656697
334 318 -0.0117886
335 318 -0.0222047
336 318 -0.0462967
337 318 -0.110833
338 318 -0.309535
319 319 1
320 319 -0.345757
333 319 -0.00293613
334 319 -0.00544899
335 319 -0.0109384
336 319 -0.0212689
337 319 -0.0451003
338 319 -0.109316
339 319 -0.307947
320 320 1
334 320 -0.00231682
335 320 -0.00468893
336 320 -0.00957322
337 320 -0.0190917
338 320 -0.0417775
339 320 -0.104503
340 320 -0.302244
321 321 1
322 321 -0.298672
323 321 -0.0112586
324 321 -0.00509374
325 321 -0.00246374
341 321 -0.270432
322 322 1
323 322 -0.341568
324 322 -0.0171928
325 322 -0.00814601
326 322 -0.00368825
341 322 -0.089796
342 322 -0.300651
323 323 1
324 323 -0.352738
325 323 -0.0197286
326 323 -0.00937109
327 323 -0.00410101
341 323 -0.0347737
342 323 -0.104856
343 323 -0.306984
324 324 1
325 324 -0.356812
326 324 -0.020804
327 324 -0.0098967
328 324 -0.00438967
329 324 -0.00234911
341 324 -0.0155077
342 324 -0.0425432
343 324 -0.108999
344 324 -0.309008
325 325 1
326 325 -0.35855
327 325 -0.0212941
328 325 -0.0102075
329 325 -0.00544369
330 325 -0.00244977
341 325 -0.00775765
342 325 -0.0198322
343 325 -0.0451085
344 325 -0.110552
345 325 -0.309833
326 326 1
327 326 -0.359348
328 326 -0.0215698
329 326 -0.0107751
330 326 -0.00555591
331 326 -0.00248782
341 326 -0.00377967
342 326 -0.0101448
343 326 -0.0213761
344 326 -0.0461389
345 326 -0.111222
346 326 -0.310201
327 327 1
328 327 -0.359761
329 327 -0.021921
330 327 -0.0108766
331 327 -0.00560269
332 327 -0.00250473
342 327 -0.00492827
343 327 -0.0110044
344 327 -0.0220192
345 327 -0.0465992
346 327 -0.111533
347 327 -0.310375
328 328 1
329 328 -0.360101
330 328 -0.0220103
331 328 -0.0109229
332 328 -0.00562455
333 328 -0.00251235
342 328 -0.00238305
343 328 -0.00536379
344 328 -0.0114138
345 328 -0.0223401
346 328 -0.0468344
347 328 -0.111696
348 328 -0.310472
329 329 1
330 329 -0.360289
331 329 -0.0220599
332 329 -0.0109475
333 329 -0.00563477
334 329 -0.00251466
343 329 -0.00290752
344 329 -0.00642484
345 329 -0.0119596
346 329 -0.0226628
347 329 -0.0470415
348 329 -0.111834
349 329 -0.310564
330 330 1
331 330 -0.36037
332 330 -0.0220799
333 330 -0.0109547
334 330 -0.00563439
335 330 -0.002511
344 330 -0.00333426
345 330 -0.00668824
346 330 -0.0121371
347 330 -0.0227884
348 330 -0.0471342
349 330 -0.111907
350 330 -0.310603
331 331 1
332 331 -0.360399
333 331 -0.0220806
334 331 -0.0109472
335 331 -0.00562227
336 331 -0.00249872
345 331 -0.00345673
346 331 -0.00678405
347 331 -0.0122115
348 331 -0.0228469
349 331 -0.0471821
350 331 -0.111938
351 331 -0.310619
332 332 1
333 332 -0.360392
334 332 -0.0220607
335 332 -0.0109197
336 332 -0.00558977
337 332 -0.0024684
346 332 -0.00350427
347 332 -0.0068259
348 332 -0.0122465
349 332 -0.0228761
350 332 -0.0472011
351 332 -0.111948
352 332 -0.310622
333 333 1
334 333 -0.360338
335 333 -0.0220029
336 333 -0.0108461
337 333 -0.00549862
338 333 -0.00236353
347 333 -0.00352507
348 333 -0.00684487
349 333 -0.0122621
350 333 -0.0228847
351 333 -0.0472025
352 333 -0.111943
353 333 -0.310613
334 334 1
335 334 -0.3602
336 334 -0.0218599
337 334 -0.0106488
338 334 -0.00521316
348 334 -0.00353324
349 334 -0.00685063
350 334 -0.0122618
351 334 -0.0228766
352 334 -0.047185
353 334 -0.111915
354 334 -0.310583
335 335 1
336 335 -0.35992
337 335 -0.0215652
338 335 -0.0102314
339 335 -0.00390003
349 335 -0.00353266
350 335 -0.00684332
351 335 -0.0122447
352 335 -0.0228458
353 335 -0.0471362
354 335 -0.11185
355 335 -0.310521
336 336 1
337 336 -0.359348
338 336 -0.0209452
339 336 -0.00903237
340 336 -0.0029715
350 336 -0.00352114
351 336 -0.00681764
352 336 -0.0121986
353 336 -0.0227701
354 336 -0.0470262
355 336 -0.111718
356 336 -0.310398
337 337 1
338 337 -0.358103
339 337 -0.0193616
340 337 -0.00698795
351 337 -0.00348989
352 337 -0.00675378
353 337 -0.0120861
354 337 -0.0225962
355 337 -0.0468002
356 337 -0.111447
357 337 -0.310137
338 338 1
339 338 -0.355004
340 338 -0.0154917
352 338 -0.00341058
353 338 -0.0065893
354 338 -0.0118131
355 338 -0.022228
356 338 -0.0463169
357 338 -0.110849
358 338 -0.309546
339 339 1
340 339 -0.345766
353 339 -0.0029459
354 339 -0.00546055
355 339 -0.0109523
356 339 -0.0212821
357 339 -0.0451117
358 339 -0.109324
359 339 -0.307952
340 340 1
354 340 -0.00232173
355 340 -0.00469495
356 340 -0.00957998
357 340 -0.0190979
358 340 -0.0417824
359 340 -0.104506
360 340 -0.302245
341 341 1
342 341 -0.298673
343 341 -0.0112591
344 341 -0.00509436
345 341 -0.0024644
361 341 -0.270432
342 342 1
343 342 -0.341569
344 342 -0.0171949
345 342 -0.00814846
346 342 -0.00369055
361 342 -0.0897962
362 342 -0.300651
343 343 1
344 343 -0.352743
345 343 -0.0197339
346 343 -0.00937674
347 343 -0.00410575
361 343 -0.0347741
362 343 -0.104857
363 343 -0.306985
344 344 1
345 344 -0.356824
346 344 -0.0208143
347 344 -0.0099072
348 344 -0.00439828
349 344 -0.00235656
361 344 -0.0155085
362 344 -0.042545
363 344 -0.109002
364 344 -0.309011
345 345 1
346 345 -0.358571
347 345 -0.0213102
348 345 -0.010223
349 345 -0.00545798
350 345 -0.00245824
361 345 -0.00775884
362 345 -0.0198349
363 345 -0.0451128
364 345 -0.110558
365 345 -0.309838
346 346 1
347 346 -0.359378
348 346 -0.021591
349 346 -0.0107951
350 346 -0.00557112
351 346 -0.00249625
361 346 -0.0037809
362 346 -0.0101481
363 346 -0.0213818
364 346 -0.0461469
365 346 -0.111232
366 346 -0.310209
347 347 1
348 347 -0.359798
349 347 -0.0219461
350 347 -0.0108974
351 347 -0.00561772
352 347 -0.00251298
362 347 -0.00493117
363 347 -0.0110107
364 347 -0.0220289
365 347 -0.0466115
366 347 -0.111546
367 347 -0.310386
348 348 1
349 348 -0.360144
350 348 -0.0220361
351 348 -0.0109436
352 348 -0.00563939
353 348 -0.00252053
362 348 -0.00238531
363 348 -0.0053688
364 348 -0.0114239
365 348 -0.0223539
366 348 -0.0468504
367 348 -0.111712
368 348 -0.310485
349 349 1
350 349 -0.360334
351 349 -0.0220858
352 349 -0.0109681
353 349 -0.00564959
354 349 -0.00252285
363 349 -0.00291199
364 349 -0.00643475
365 349 -0.0119739
366 349 -0.0226802
367 349 -0.0470604
368 349 -0.111853
369 349 -0.310578
350 350 1
351 350 -0.360415
352 350 -0.0221057
353 350 -0.0109753
354 350 -0.00564928
355 350 -0.00251931
364 350 -0.00334093
365 350 -0.00670036
366 350 -0.0121533
367 350 -0.0228073
368 350 -0.0471543
369 350 -0.111926
370 350 -0.310617
351 351 1
352 351 -0.360444
353 351 -0.0221065
354 351 -0.010968
355 351 -0.00563747
356 351 -0.00250735
365 351 -0.00346439
366 351 -0.00679696
367 351 -0.0122282
368 351 -0.0228663
369 351 -0.0472025
370 351 -0.111957
371 351 -0.310633
352 352 1
353 352 -0.360438
354 352 -0.022087
355 352 -0.010941
356 352 -0.00560552
357 352 -0.00247736
366 352 -0.00351231
367 352 -0.00683903
368 352 -0.0122634
369 352 -0.0228955
370 352 -0.0472215
371 352 -0.111967
372 352 -0.310637
353 353 1
354 353 -0.360385
355 353 -0.0220293
356 353 -0.0108674
357 353 -0.00551422
358 353 -0.00237168
367 353 -0.00353324
368 353 -0.00685807
369 353 -0.012279
370 353 -0.0229041
371 353 -0.0472231
372 353 -0.111962
373 353 -0.310628
354 354 1
355 354 -0.360245
356 354 -0.0218847
357 354 -0.010668
358 354 -0.00522555
368 354 -0.00354148
369 354 -0.00686389
370 354 -0.0122788
371 354 -0.0228962
372 354 -0.0472057
373 354 -0.111935
374 354 -0.310598
355 355 1
356 355 -0.359961
357 355 -0.0215861
358 355 -0.0102458
359 355 -0.00390517
369 355 -0.00354094
370 355 -0.00685666
371 355 -0.0122618
372 355 -0.0228655
373 355 -0.0471566
374 355 -0.111869
375 355 -0.310535
356 356 1
357 356 -0.359382
358 356 -0.0209602
359 356 -0.00903953
360 356 -0.00297372
370 356 -0.00352944
371 356 -0.00683107
372 356 -0.0122157
373 356 -0.0227892
374 356 -0.0470453
375 356 -0.111735
376 356 -0.310409
357 357 1
358 357 -0.358127
359 357 -0.0193693
360 357 -0.00699092
371 357 -0.00349808
372 357 -0.00676696
373 357 -0.0121023
374 357 -0.0226133
375 357 -0.0468164
376 357 -0.111461
377 357 -0.310146
358 358 1
359 358 -0.355018
360 358 -0.0154948
372 358 -0.00341812
373 358 -0.00660095
374 358 -0.0118264
375 358 -0.0222412
376 358 -0.0463289
377 358 -0.110859
378 358 -0.309552
359 359 1
360 359 -0.345772
373 359 -0.00295112
374 359 -0.00546697
375 359 -0.0109604
376 359 -0.0212902
377 359 -0.0451187
378 359 -0.109329
379 359 -0.307955
360 360 1
374 360 -0.00232449
375 360 -0.0046985
376 360 -0.00958415
377 360 -0.0191017
378 360 -0.0417855
379 360 -0.104508
380 360 -0.302246
361 361 1
362 361 -0.298673
363 361 -0.0112594
364 361 -0.0050948
365 361 -0.00246487
381 361 -0.270432
362 362 1
363 362 -0.341571
364 362 -0.0171963
365 362 -0.00815011
366 362 -0.00369204
381 362 -0.0897963
382 362 -0.300651
363 363 1
364 363 -0.352747
365 363 -0.0197373
366 363 -0.00938028
367 363 -0.00410857
381 363 -0.0347745
382 363 -0.104857
383 363 -0.306985
364 364 1
365 364 -0.356832
366 364 -0.0208206
367 364 -0.00991331
368 364 -0.00440298
369 364 -0.00236043
381 364 -0.0155091
382 364 -0.0425462
383 364 -0.109003
384 364 -0.309013
365 365 1
366 365 -0.358583
367 365 -0.0213197
368 365 -0.0102318
369 365 -0.00546573
370 365 -0.00246292
381 365 -0.00775964
382 365 -0.0198366
383 365 -0.0451155
384 365 -0.110561
385 365 -0.309841
366 366 1
367 366 -0.359396
368 366 -0.0216035
369 366 -0.0108065
370 366 -0.00557991
371 366 -0.00250124
381 366 -0.00378169
382 366 -0.0101502
383 366 -0.0213854
384 366 -0.0461519
385 366 -0.111237
386 366 -0.310214
367 367 1
368 367 -0.359821
369 367 -0.021961
370 367 -0.0109099
371 367 -0.00562688
372 367 -0.00251807
382 367 -0.00493295
383 367 -0.0110145
384 367 -0.0220347
385 367 -0.0466188
386 367 -0.111554
387 367 -0.310393
368 368 1
369 368 -0.36017
370 368 -0.022052
371 368 -0.0109564
372 368 -0.00564867
373 368 -0.00252566
382 368 -0.00238664
383 368 -0.00537175
384 368 -0.0114298
385 368 -0.022362
386 368 -0.04686
387 368 -0.111722
388 368 -0.310493
369 369 1
370 369 -0.360363
371 369 -0.0221021
372 369 -0.0109811
373 369 -0.00565894
374 369 -0.00252802
383 369 -0.00291454
384 369 -0.00644032
385 369 -0.0119821
386 369 -0.0226904
387 369 -0.0470718
388 369 -0.111864
389 369 -0.310587
370 370 1
371 370 -0.360444
372 370 -0.0221221
373 370 -0.0109883
374 370 -0.00565867
375 370 -0.0025245
384 370 -0.00334474
385 370 -0.00670736
386 370 -0.0121629
387 370 -0.0228187
388 370 -0.0471667
389 370 -0.111938
390 370 -0.310626
371 371 1
372 371 -0.360473
373 371 -0.022123
374 371 -0.0109812
375 371 -0.0056469
376 371 -0.00251254
385 371 -0.0034689
386 371 -0.00680471
387 371 -0.0122385
388 371 -0.0228783
389 371 -0.0472154
390 371 -0.111969
391 371 -0.310642
372 372 1
373 372 -0.360468
374 372 -0.0221035
375 372 -0.0109541
376 372 -0.00561486
377 372 -0.0024824
386 372 -0.0035172
387 372 -0.00684715
388 372 -0.0122739
389 372 -0.0229078
390 372 -0.0472345
391 372 -0.11198
392 372 -0.310646
373 373 1
374 373 -0.360414
375 373 -0.0220454
376 373 -0.01088
377 373 -0.00552289
378 373 -0.00237596
387 373 -0.00353832
388 373 -0.00686637
389 373 -0.0122897
390 373 -0.0229165
391 373 -0.0472361
392 373 -0.111975
393 373 -0.310637
374 374 1
375 374 -0.360273
376 374 -0.0218995
377 374 -0.010679
378 374 -0.00523227
388 374 -0.00354665
389 374 -0.00687225
390 374 -0.0122896
391 374 -0.0229085
392 374 -0.0472187
393 374 -0.111947
394 374 -0.310607
375 375 1
376 375 -0.359986
377 375 -0.0215984
378 375 -0.010254
379 375 -0.00390818
389 375 -0.00354613
390 375 -0.00686502
391 375 -0.0122725
392 375 -0.0228776
393 375 -0.0471693
394 375 -0.11188
395 375 -0.310543
376 376 1
377 376 -0.359402
378 376 -0.0209689
379 376 -0.00904383
380 376 -0.00297508
390 376 -0.00353457
391 376 -0.00683928
392 376 -0.0122261
393 376 -0.0228008
394 376 -0.0470569
395 376 -0.111746
396 376 -0.310417
377 377 1
378 377 -0.358142
379 377 -0.019374
380 377 -0.00699277
391 377 -0.00350298
392 377 -0.00677471
393 377 -0.0121118
394 377 -0.0226234
395 377 -0.0468261
396 377 -0.111469
397 377 -0.310152
378 378 1
379 378 -0.355026
380 378 -0.0154967
392 378 -0.00342248
393 378 -0.00660756
394 378 -0.011834
395 378 -0.022249
396 378 -0.0463361
397 378 -0.110865
398 378 -0.309555
379 379 1
380 379 -0.345775
393 379 -0.00295411
394 379 -0.0054707
395 379 -0.0109651
396 379 -0.021295
397 379 -0.0451229
398 379 -0.109333
399 379 -0.307957
380 380 1
394 380 -0.0023261
395 380 -0.00470061
396 380 -0.00958667
397 380 -0.0191041
398 380 -0.0417874
399 380 -0.104509
400 380 -0.302247
381 381 1
382 381 -0.298673
383 381 -0.0112596
384 381 -0.00509509
385 381 -0.00246517
382 382 1
383 382 -0.341571
384 382 -0.0171972
385 382 -0.00815117
386 382 -0.00369297
383 383 1
384 383 -0.352749
385 383 -0.0197394
386 383 -0.00938246
387 383 -0.00411026
384 384 1
385 384 -0.356836
386 384 -0.0208244
387 384 -0.00991692
388 384 -0.00440569
389 384 -0.00236261
385 385 1
386 385 -0.358591
387 385 -0.0213254
388 385 -0.0102369
389 385 -0.00547019
390 385 -0.00246564
386 386 1
387 386 -0.359407
388 386 -0.0216109
389 386 -0.0108133
390 386 -0.00558512
391 386 -0.00250424
387 387 1
388 387 -0.359835
389 387 -0.0219699
390 387 -0.0109175
391 387 -0.00563248
392 387 -0.00252123
388 388 1
389 388 -0.360186
390 388 -0.0220618
391 388 -0.0109644
392 388 -0.00565447
393 388 -0.00252889
389 389 1
390 389 -0.36038
391 389 -0.0221122
392 389 -0.0109892
393 389 -0.00566483
394 389 -0.00253127
390 390 1
391 390 -0.360462
392 390 -0.0221324
393 390 -0.0109966
394 390 -0.00566459
395 390 -0.00252774
391 391 1
392 391 -0.360492
393 391 -0.0221334
394 391 -0.0109894
395 391 -0.00565276
396 391 -0.00251571
392 392 1
393 392 -0.360486
394 392 -0.0221138
395 392 -0.0109621
396 392 -0.00562049
397 392 -0.00248535
393 393 1
394 393 -0.360432
395 393 -0.0220553
396 393 -0.0108876
397 393 -0.00552794
398 393 -0.00237839
394 394 1
395 394 -0.36029
396 394 -0.0219084
397 394 -0.0106854
398 394 -0.00523614
395 395 1
396 395 -0.360001
397 395 -0.0216057
398 395 -0.0102587
399 395 -0.00390995
396 396 1
397 396 -0.359414
398 396 -0.0209741
399 396 -0.0090464
400 396 -0.0029759
397 397 1
398 397 -0.35815
399 397 -0.0193769
400 397 -0.0069939
398 398 1
399 398 -0.355031
400 398 -0.0154979
399 399 1
400 399 -0.345777
400 400 1
