1 1 1
2 1 -0.25
11 1 -0.25
2 2 1
3 2 -0.266667
11 2 -0.0666667
12 2 -0.266667
3 3 1
4 3 -0.267857
11 3 -0.0178571
12 3 -0.0714286
13 3 -0.267857
4 4 1
5 4 -0.267943
12 4 -0.0191388
13 4 -0.0717703
14 4 -0.267943
5 5 1
6 5 -0.267949
13 5 -0.0192308
14 5 -0.0717949
15 5 -0.267949
6 6 1
7 6 -0.267949
14 6 -0.0192374
15 6 -0.0717966
16 6 -0.267949
7 7 1
8 7 -0.267949
15 7 -0.0192378
16 7 -0.0717968
17 7 -0.267949
8 8 1
9 8 -0.267949
16 8 -0.0192379
17 8 -0.0717968
18 8 -0.267949
9 9 1
10 9 -0.267949
17 9 -0.0192379
18 9 -0.0717968
19 9 -0.267949
10 10 1
18 10 -0.0192379
19 10 -0.0717968
20 10 -0.267949
11 11 1
12 11 -0.287081
21 11 -0.267943
12 12 1
13 12 -0.316138
21 12 -0.0843035
22 12 -0.293657
13 13 1
14 13 -0.319448
21 13 -0.0269214
22 13 -0.0937762
23 13 -0.29663
14 14 1
15 14 -0.319815
22 14 -0.0299903
23 14 -0.0948644
24 14 -0.296963
15 15 1
16 15 -0.319854
22 15 -0.00959249
23 15 -0.0303427
24 15 -0.0949848
25 15 -0.297
16 16 1
17 16 -0.319858
23 16 -0.00970537
24 16 -0.0303817
25 16 -0.0949978
26 16 -0.297003
17 17 1
18 17 -0.319859
24 17 -0.00971784
25 17 -0.0303859
26 17 -0.0949991
27 17 -0.297004
18 18 1
19 18 -0.319859
25 18 -0.00971919
26 18 -0.0303863
27 18 -0.0949993
28 18 -0.297004
19 19 1
20 19 -0.318197
26 19 -0.00971534
27 19 -0.0303739
28 19 -0.0949603
29 19 -0.296882
20 20 1
27 20 -0.00960029
28 20 -0.0300141
29 20 -0.0938356
30 20 -0.294898
21 21 1
22 21 -0.294924
31 21 -0.269876
22 22 1
23 22 -0.329548
24 22 -0.00986496
31 22 -0.0880091
32 22 -0.298413
23 23 1
24 23 -0.337735
25 23 -0.0101179
31 23 -0.0294011
32 23 -0.0996904
33 23 -0.302506
24 24 1
25 24 -0.339322
26 24 -0.0101736
31 24 -0.0108555
32 24 -0.0368076
33 24 -0.102598
34 24 -0.303781
25 25 1
26 25 -0.339554
27 25 -0.0101813
32 25 -0.0135108
33 25 -0.0379104
34 25 -0.103143
35 25 -0.303967
26 26 1
27 26 -0.339588
28 26 -0.0101819
33 26 -0.0139183
34 26 -0.0381184
35 26 -0.103223
36 26 -0.303994
27 27 1
28 27 -0.339585
29 27 -0.0101622
34 27 -0.0139949
35 27 -0.0381485
36 27 -0.103234
37 27 -0.303998
28 28 1
29 28 -0.33918
30 28 -0.00912315
35 28 -0.0140041
36 28 -0.0381475
37 28 -0.103221
38 28 -0.303962
29 29 1
30 29 -0.335115
36 29 -0.0139685
37 29 -0.0380467
38 29 -0.102955
39 29 -0.303542
30 30 1
37 30 -0.0135245
38 30 -0.0368193
39 30 -0.100488
40 30 -0.299863
31 31 1
32 31 -0.296957
41 31 -0.270203
32 32 1
33 32 -0.333743
34 32 -0.0124028
41 32 -0.0889807
42 32 -0.299642
33 33 1
34 33 -0.34422
35 33 -0.0129761
41 33 -0.0301627
42 33 -0.101573
43 33 -0.304344
34 34 1
35 34 -0.346764
36 34 -0.0131266
41 34 -0.0115732
42 34 -0.0389729
43 34 -0.105396
44 34 -0.306188
35 35 1
36 35 -0.347242
37 35 -0.0131516
42 35 -0.0148571
43 35 -0.0405665
44 35 -0.106295
45 35 -0.306534
36 36 1
37 36 -0.347326
38 36 -0.0131485
43 36 -0.0154747
44 36 -0.0409424
45 36 -0.106464
46 36 -0.306598
37 37 1
38 37 -0.347284
39 37 -0.0130548
44 37 -0.0156188
45 37 -0.0410105
46 37 -0.106491
47 37 -0.306603
38 38 1
39 38 -0.346367
40 38 -0.011285
45 38 -0.0156368
46 38 -0.0409999
47 38 -0.106442
48 38 -0.306497
39 39 1
40 39 -0.340357
46 39 -0.015552
47 39 -0.0407675
48 39 -0.105896
49 39 -0.305735
40 40 1
47 40 -0.0148467
48 40 -0.038898
49 40 -0.102492
50 40 -0.30113
41 41 1
42 41 -0.297442
43 41 -0.00922891
51 41 -0.270274
42 42 1
43 42 -0.338123
44 42 -0.013237
51 42 -0.0892299
52 42 -0.299991
43 43 1
44 43 -0.347346
45 43 -0.0140411
51 43 -0.0335597
52 43 -0.103344
53 43 -0.305641
44 44 1
45 44 -0.349748
46 44 -0.0142433
51 44 -0.0129252
52 44 -0.0401438
53 44 -0.106699
54 44 -0.307185
45 45 1
46 45 -0.35032
47 45 -0.0142835
52 45 -0.0155177
53 45 -0.0416825
54 45 -0.10757
55 45 -0.307564
46 46 1
47 46 -0.350434
48 46 -0.0142708
53 46 -0.0161283
54 46 -0.0420762
55 46 -0.107776
56 46 -0.307649
47 47 1
48 47 -0.350334
49 47 -0.0140968
54 47 -0.016282
55 47 -0.0421629
56 47 -0.107812
57 47 -0.307652
48 48 1
49 48 -0.349052
50 48 -0.0119605
55 48 -0.0163003
56 48 -0.0421376
57 48 -0.107722
58 48 -0.307484
49 49 1
50 49 -0.342091
56 49 -0.016176
57 49 -0.0418029
58 49 -0.106989
59 49 -0.306514
50 50 1
57 50 -0.0153304
58 50 -0.0396092
59 50 -0.103145
60 50 -0.301513
51 51 1
52 51 -0.297994
53 51 -0.0102865
61 51 -0.270347
52 52 1
53 52 -0.3395
54 52 -0.0136827
61 52 -0.0894724
62 52 -0.300249
53 53 1
54 53 -0.348675
55 53 -0.0144902
61 53 -0.0341205
62 53 -0.103933
63 53 -0.306135
54 54 1
55 54 -0.351001
56 54 -0.0146984
61 54 -0.0132086
62 54 -0.0406228
63 54 -0.107257
64 54 -0.307614
55 55 1
56 55 -0.35159
57 55 -0.0147446
62 55 -0.0157913
63 55 -0.0421564
64 55 -0.108105
65 55 -0.307991
56 56 1
57 56 -0.351711
58 56 -0.0147214
63 56 -0.0164051
64 56 -0.0425483
65 56 -0.108319
66 56 -0.308083
57 57 1
58 57 -0.351561
59 57 -0.0144943
64 57 -0.016559
65 57 -0.0426391
66 57 -0.108355
67 57 -0.30808
58 58 1
59 58 -0.350077
60 58 -0.0121946
65 58 -0.0165737
66 58 -0.0426002
67 58 -0.108236
68 58 -0.307874
59 59 1
60 59 -0.342699
66 59 -0.0164253
67 59 -0.0422057
68 59 -0.107403
69 59 -0.3068
60 60 1
67 60 -0.0155138
68 60 -0.0398665
69 60 -0.103372
70 60 -0.30164
61 61 1
62 61 -0.298165
63 61 -0.0104704
71 61 -0.270371
62 62 1
63 62 -0.339935
64 62 -0.0138657
71 62 -0.0895533
72 62 -0.300348
63 63 1
64 63 -0.349196
65 63 -0.0146796
71 63 -0.0342537
72 63 -0.104125
73 63 -0.306309
64 64 1
65 64 -0.351527
66 64 -0.0148886
71 64 -0.0132917
72 64 -0.0408039
73 64 -0.10748
74 64 -0.307792
65 65 1
66 65 -0.35212
67 65 -0.0149357
72 65 -0.0158991
73 65 -0.0423524
74 65 -0.10833
75 65 -0.308171
66 66 1
67 66 -0.35224
68 66 -0.0149047
73 66 -0.0165203
74 66 -0.0427464
75 66 -0.108546
76 66 -0.308264
67 67 1
68 67 -0.352058
69 67 -0.0146491
74 67 -0.0166751
75 67 -0.0428373
76 67 -0.10858
77 67 -0.308257
68 68 1
69 68 -0.350473
70 68 -0.01228
75 68 -0.0166866
76 68 -0.0427892
77 68 -0.108444
78 68 -0.308028
69 69 1
70 69 -0.342921
76 69 -0.0165256
77 69 -0.0423643
78 69 -0.107563
79 69 -0.306907
70 70 1
77 70 -0.0155847
78 70 -0.0399627
79 70 -0.103454
80 70 -0.301686
71 71 1
72 71 -0.298216
73 71 -0.0105164
81 71 -0.270378
72 72 1
73 72 -0.340079
74 72 -0.0139355
81 72 -0.0895784
82 72 -0.300381
73 73 1
74 73 -0.349396
75 73 -0.0147577
81 73 -0.0342931
82 73 -0.10419
83 73 -0.306371
74 74 1
75 74 -0.351744
76 74 -0.0149684
81 74 -0.0133197
82 74 -0.0408713
83 74 -0.107566
84 74 -0.307864
75 75 1
76 75 -0.352342
77 75 -0.0150153
82 75 -0.0159411
83 75 -0.0424318
84 75 -0.108424
85 75 -0.308246
76 76 1
77 76 -0.352459
78 76 -0.0149794
83 76 -0.0165676
84 76 -0.0428291
85 76 -0.108641
86 76 -0.308339
77 77 1
78 77 -0.352259
79 77 -0.0147099
84 77 -0.0167234
85 77 -0.0429198
86 77 -0.108673
87 77 -0.308329
78 78 1
79 78 -0.350629
80 78 -0.0123121
85 78 -0.0167333
86 78 -0.0428665
87 78 -0.108528
88 78 -0.30809
79 79 1
80 79 -0.343005
86 79 -0.016566
87 79 -0.0424271
88 79 -0.107625
89 79 -0.306949
80 80 1
87 80 -0.0156125
88 80 -0.0399996
89 80 -0.103485
90 80 -0.301702
81 81 1
82 81 -0.298232
83 81 -0.0105305
91 81 -0.27038
82 82 1
83 82 -0.340128
84 82 -0.0139618
91 82 -0.0895865
92 82 -0.300392
83 83 1
84 83 -0.349472
85 83 -0.0147893
91 83 -0.034306
92 83 -0.104213
93 83 -0.306393
84 84 1
85 84 -0.351832
86 84 -0.0150016
91 84 -0.0133297
92 84 -0.0408964
93 84 -0.1076
94 84 -0.307893
85 85 1
86 85 -0.352434
87 85 -0.0150483
92 85 -0.0159574
93 85 -0.0424636
94 85 -0.108462
95 85 -0.308277
86 86 1
87 86 -0.35255
88 86 -0.01501
93 86 -0.0165868
94 86 -0.0428633
95 86 -0.10868
96 86 -0.308371
87 87 1
88 87 -0.352341
89 87 -0.0147341
94 87 -0.0167435
95 87 -0.0429541
96 87 -0.108712
97 87 -0.308359
88 88 1
89 88 -0.35069
90 88 -0.0123245
95 88 -0.0167525
96 88 -0.0428982
97 88 -0.108562
98 88 -0.308115
89 89 1
90 89 -0.343037
96 89 -0.0165824
97 89 -0.0424523
98 89 -0.10765
99 89 -0.306965
90 90 1
97 90 -0.0156235
98 90 -0.0400139
99 90 -0.103497
100 90 -0.301709
91 91 1
92 91 -0.298237
93 91 -0.0105352
92 92 1
93 92 -0.340145
94 92 -0.0139716
93 93 1
94 93 -0.349501
95 93 -0.014802
94 94 1
95 94 -0.351868
96 94 -0.0150153
95 95 1
96 95 -0.352472
97 95 -0.015062
96 96 1
97 96 -0.352587
98 96 -0.0150224
97 97 1
98 97 -0.352375
99 97 -0.0147437
98 98 1
99 98 -0.350715
100 98 -0.0123293
99 99 1
100 99 -0.34305
100 100 1
