1 1 1
2 1 -0.25
21 1 -0.25
2 2 1
3 2 -0.266667
21 2 -0.0666667
22 2 -0.266667
3 3 1
4 3 -0.267857
21 3 -0.0178571
22 3 -0.0714286
23 3 -0.267857
4 4 1
5 4 -0.267943
22 4 -0.0191388
23 4 -0.0717703
24 4 -0.267943
5 5 1
6 5 -0.267949
23 5 -0.0192308
24 5 -0.0717949
25 5 -0.267949
6 6 1
7 6 -0.267949
24 6 -0.0192374
25 6 -0.0717966
26 6 -0.267949
7 7 1
8 7 -0.267949
25 7 -0.0192378
26 7 -0.0717968
27 7 -0.267949
8 8 1
9 8 -0.267949
26 8 -0.0192379
27 8 -0.0717968
28 8 -0.267949
9 9 1
10 9 -0.267949
27 9 -0.0192379
28 9 -0.0717968
29 9 -0.267949
10 10 1
11 10 -0.267949
28 10 -0.0192379
29 10 -0.0717968
30 10 -0.267949
11 11 1
12 11 -0.267949
29 11 -0.0192379
30 11 -0.0717968
31 11 -0.267949
12 12 1
13 12 -0.267949
30 12 -0.0192379
31 12 -0.0717968
32 12 -0.267949
13 13 1
14 13 -0.267949
31 13 -0.0192379
32 13 -0.0717968
33 13 -0.267949
14 14 1
15 14 -0.267949
32 14 -0.0192379
33 14 -0.0717968
34 14 -0.267949
15 15 1
16 15 -0.267949
33 15 -0.0192379
34 15 -0.0717968
35 15 -0.267949
16 16 1
17 16 -0.267949
34 16 -0.0192379
35 16 -0.0717968
36 16 -0.267949
17 17 1
18 17 -0.267949
35 17 -0.0192379
36 17 -0.0717968
37 17 -0.267949
18 18 1
19 18 -0.267949
36 18 -0.0192379
37 18 -0.0717968
38 18 -0.267949
19 19 1
20 19 -0.267949
37 19 -0.0192379
38 19 -0.0717968
39 19 -0.267949
20 20 1
38 20 -0.0192379
39 20 -0.0717968
40 20 -0.267949
21 21 1
22 21 -0.287081
41 21 -0.267943
22 22 1
23 22 -0.316138
41 22 -0.0843035
42 22 -0.293657
23 23 1
24 23 -0.319448
41 23 -0.0269214
42 23 -0.0937762
43 23 -0.29663
24 24 1
25 24 -0.319815
41 24 -0.00860964
42 24 -0.0299903
43 24 -0.0948644
44 24 -0.296963
25 25 1
26 25 -0.319854
42 25 -0.00959249
43 25 -0.0303427
44 25 -0.0949848
45 25 -0.297
26 26 1
27 26 -0.319858
43 26 -0.00970537
44 26 -0.0303817
45 26 -0.0949978
46 26 -0.297003
27 27 1
28 27 -0.319859
44 27 -0.00971784
45 27 -0.0303859
46 27 -0.0949991
47 27 -0.297004
28 28 1
29 28 -0.319859
45 28 -0.00971919
46 28 -0.0303863
47 28 -0.0949993
48 28 -0.297004
29 29 1
30 29 -0.319859
46 29 -0.00971933
47 29 -0.0303864
48 29 -0.0949993
49 29 -0.297004
30 30 1
31 30 -0.319859
47 30 -0.00971934
48 30 -0.0303864
49 30 -0.0949993
50 30 -0.297004
31 31 1
32 31 -0.319859
48 31 -0.00971935
49 31 -0.0303864
50 31 -0.0949993
51 31 -0.297004
32 32 1
33 32 -0.319859
49 32 -0.00971935
50 32 -0.0303864
51 32 -0.0949993
52 32 -0.297004
33 33 1
34 33 -0.319859
50 33 -0.00971935
51 33 -0.0303864
52 33 -0.0949993
53 33 -0.297004
34 34 1
35 34 -0.319859
51 34 -0.00971935
52 34 -0.0303864
53 34 -0.0949993
54 34 -0.297004
35 35 1
36 35 -0.319859
52 35 -0.00971935
53 35 -0.0303864
54 35 -0.0949993
55 35 -0.297004
36 36 1
37 36 -0.319859
53 36 -0.00971935
54 36 -0.0303864
55 36 -0.0949993
56 36 -0.297004
37 37 1
38 37 -0.319859
54 37 -0.00971935
55 37 -0.0303864
56 37 -0.0949993
57 37 -0.297004
38 38 1
39 38 -0.319859
55 38 -0.00971935
56 38 -0.0303864
57 38 -0.0949993
58 38 -0.297004
39 39 1
40 39 -0.318197
56 39 -0.00971536
57 39 -0.0303739
58 39 -0.0949604
59 39 -0.296882
40 40 1
57 40 -0.00960029
58 40 -0.0300141
59 40 -0.0938356
60 40 -0.294898
41 41 1
42 41 -0.295178
43 41 -0.00800821
61 41 -0.269894
42 42 1
43 42 -0.332215
44 42 -0.00986653
61 42 -0.0880991
62 42 -0.298461
43 43 1
44 43 -0.338385
45 43 -0.0101366
61 43 -0.0321464
62 43 -0.100683
63 43 -0.303065
44 44 1
45 44 -0.339406
46 44 -0.010176
61 44 -0.011791
62 44 -0.0371559
63 44 -0.102819
64 44 -0.303851
45 45 1
46 45 -0.339566
47 45 -0.0101816
62 45 -0.0136398
63 45 -0.037993
64 45 -0.103172
65 45 -0.303977
46 46 1
47 46 -0.339589
48 46 -0.0101824
63 46 -0.0139487
64 46 -0.0381291
65 46 -0.103226
66 46 -0.303996
47 47 1
48 47 -0.339593
49 47 -0.0101825
64 47 -0.0139989
65 47 -0.0381501
66 47 -0.103235
67 47 -0.303998
48 48 1
49 48 -0.339593
50 48 -0.0101825
65 48 -0.0140066
66 48 -0.0381532
67 48 -0.103236
68 48 -0.303999
49 49 1
50 49 -0.339593
51 49 -0.0101825
66 49 -0.0140078
67 49 -0.0381537
68 49 -0.103236
69 49 -0.303999
50 50 1
51 50 -0.339593
52 50 -0.0101825
67 50 -0.0140079
68 50 -0.0381537
69 50 -0.103236
70 50 -0.303999
51 51 1
52 51 -0.339593
53 51 -0.0101825
68 51 -0.014008
69 51 -0.0381537
70 51 -0.103236
71 51 -0.303999
52 52 1
53 52 -0.339593
54 52 -0.0101825
69 52 -0.014008
70 52 -0.0381537
71 52 -0.103236
72 52 -0.303999
53 53 1
54 53 -0.339593
55 53 -0.0101825
70 53 -0.014008
71 53 -0.0381537
72 53 -0.103236
73 53 -0.303999
54 54 1
55 54 -0.339593
56 54 -0.0101825
71 54 -0.014008
72 54 -0.0381537
73 54 -0.103236
74 54 -0.303999
55 55 1
56 55 -0.339593
57 55 -0.0101825
72 55 -0.014008
73 55 -0.0381537
74 55 -0.103236
75 55 -0.303999
56 56 1
57 56 -0.339593
58 56 -0.0101821
73 56 -0.014008
74 56 -0.0381537
75 56 -0.103236
76 56 -0.303999
57 57 1
58 57 -0.339586
59 57 -0.0101623
74 57 -0.0140079
75 57 -0.0381536
76 57 -0.103236
77 57 -0.303998
58 58 1
59 58 -0.33918
60 58 -0.00912316
75 58 -0.0140059
76 58 -0.0381482
77 58 -0.103221
78 58 -0.303962
59 59 1
60 59 -0.335115
76 59 -0.0139687
77 59 -0.0380468
78 59 -0.102955
79 59 -0.303542
60 60 1
77 60 -0.0135245
78 60 -0.0368193
79 60 -0.100488
80 60 -0.299863
61 61 1
62 61 -0.297338
63 61 -0.00976594
81 61 -0.270253
62 62 1
63 62 -0.337462
64 62 -0.0125263
81 62 -0.0891355
82 62 -0.299778
63 63 1
64 63 -0.345356
65 63 -0.0130411
81 63 -0.0336046
82 63 -0.102994
83 63 -0.305202
64 64 1
65 64 -0.346966
66 64 -0.0131366
81 64 -0.0127896
82 64 -0.039539
83 64 -0.105795
84 64 -0.306336
65 65 1
66 65 -0.347278
67 65 -0.0131535
82 65 -0.0150779
83 65 -0.0407321
84 65 -0.106366
85 65 -0.306561
66 66 1
67 66 -0.347335
68 66 -0.0131564
83 66 -0.0155383
84 66 -0.0409714
85 66 -0.106476
86 66 -0.306603
67 67 1
68 67 -0.347345
69 67 -0.0131569
84 67 -0.0156305
85 67 -0.0410169
86 67 -0.106497
87 67 -0.306611
68 68 1
69 68 -0.347347
70 68 -0.0131569
85 68 -0.015648
86 68 -0.0410251
87 68 -0.1065
88 68 -0.306612
69 69 1
70 69 -0.347347
71 69 -0.0131569
86 69 -0.0156511
87 69 -0.0410266
88 69 -0.106501
89 69 -0.306612
70 70 1
71 70 -0.347347
72 70 -0.013157
87 70 -0.0156517
88 70 -0.0410268
89 70 -0.106501
90 70 -0.306612
71 71 1
72 71 -0.347347
73 71 -0.013157
88 71 -0.0156518
89 71 -0.0410269
90 71 -0.106501
91 71 -0.306612
72 72 1
73 72 -0.347347
74 72 -0.013157
89 72 -0.0156518
90 72 -0.0410269
91 72 -0.106501
92 72 -0.306612
73 73 1
74 73 -0.347347
75 73 -0.013157
90 73 -0.0156518
91 73 -0.0410269
92 73 -0.106501
93 73 -0.306612
74 74 1
75 74 -0.347347
76 74 -0.0131569
91 74 -0.0156518
92 74 -0.0410269
93 74 -0.106501
94 74 -0.306612
75 75 1
76 75 -0.347347
77 75 -0.0131567
92 75 -0.0156518
93 75 -0.0410269
94 75 -0.106501
95 75 -0.306612
76 76 1
77 76 -0.347344
78 76 -0.0131494
93 76 -0.0156518
94 76 -0.0410268
95 76 -0.106501
96 76 -0.306612
77 77 1
78 77 -0.347287
79 77 -0.013055
94 77 -0.0156513
95 77 -0.0410255
96 77 -0.106498
97 77 -0.306606
78 78 1
79 78 -0.346367
80 78 -0.011285
95 78 -0.0156425
96 78 -0.0410025
97 78 -0.106443
98 78 -0.306498
79 79 1
80 79 -0.340357
96 79 -0.0155529
97 79 -0.0407679
98 79 -0.105897
99 79 -0.305735
80 80 1
97 80 -0.0148468
98 80 -0.0388981
99 80 -0.102492
100 80 -0.30113
81 81 1
82 81 -0.297952
83 81 -0.0102789
101 81 -0.270343
82 82 1
83 82 -0.339207
84 82 -0.0134396
101 82 -0.0894417
102 82 -0.300189
83 83 1
84 83 -0.347938
85 83 -0.0141135
101 83 -0.0340678
102 83 -0.103785
103 83 -0.305963
84 84 1
85 84 -0.349926
86 84 -0.0142586
101 84 -0.0131356
102 84 -0.0403977
103 84 -0.106919
104 84 -0.307294
85 85 1
86 85 -0.350365
87 85 -0.0142883
102 85 -0.0156225
103 85 -0.0417914
104 85 -0.107635
105 85 -0.307593
86 86 1
87 86 -0.350457
88 86 -0.0142942
102 86 -0.00605142
103 86 -0.0161716
104 86 -0.0421061
105 86 -0.107792
106 86 -0.307657
87 87 1
88 87 -0.350476
89 87 -0.0142953
103 87 -0.00626498
104 87 -0.0162953
105 87 -0.0421742
106 87 -0.107825
107 87 -0.30767
88 88 1
89 88 -0.350479
90 88 -0.0142955
104 88 -0.00631306
105 88 -0.016322
106 88 -0.0421883
107 88 -0.107832
108 88 -0.307673
89 89 1
90 89 -0.35048
91 89 -0.0142956
105 89 -0.00632345
106 89 -0.0163276
107 89 -0.0421912
108 89 -0.107833
109 89 -0.307673
90 90 1
91 90 -0.35048
92 90 -0.0142956
106 90 -0.00632559
107 90 -0.0163287
108 90 -0.0421917
109 90 -0.107833
110 90 -0.307673
91 91 1
92 91 -0.35048
93 91 -0.0142956
107 91 -0.00632602
108 91 -0.0163289
109 91 -0.0421918
110 91 -0.107833
111 91 -0.307673
92 92 1
93 92 -0.35048
94 92 -0.0142956
108 92 -0.0063261
109 92 -0.0163289
110 92 -0.0421918
111 92 -0.107833
112 92 -0.307673
93 93 1
94 93 -0.35048
95 93 -0.0142956
109 93 -0.00632612
110 93 -0.0163289
111 93 -0.0421918
112 93 -0.107833
113 93 -0.307673
94 94 1
95 94 -0.35048
96 94 -0.0142955
110 94 -0.00632612
111 94 -0.0163289
112 94 -0.0421918
113 94 -0.107833
114 94 -0.307673
95 95 1
96 95 -0.350479
97 95 -0.0142939
111 95 -0.00632612
112 95 -0.0163289
113 95 -0.0421918
114 95 -0.107833
115 95 -0.307673
96 96 1
97 96 -0.350467
98 96 -0.0142727
112 96 -0.00632607
113 96 -0.0163288
114 96 -0.0421915
115 96 -0.107833
116 96 -0.307672
97 97 1
98 97 -0.35034
99 97 -0.0140971
113 97 -0.00632547
114 97 -0.0163272
115 97 -0.0421874
116 97 -0.107823
117 97 -0.307656
98 98 1
99 98 -0.349054
100 98 -0.0119606
114 98 -0.00631873
115 98 -0.0163099
116 98 -0.0421425
117 98 -0.107724
118 98 -0.307485
99 99 1
100 99 -0.342091
115 99 -0.00626756
116 99 -0.0161779
117 99 -0.0418038
118 99 -0.10699
119 99 -0.306514
100 100 1
117 100 -0.0153308
118 100 -0.0396094
119 100 -0.103145
120 100 -0.301513
101 101 1
102 101 -0.298142
103 101 -0.0104466
121 101 -0.270369
102 102 1
103 102 -0.339919
104 102 -0.0140234
121 102 -0.0895426
122 102 -0.300335
103 103 1
104 103 -0.349139
105 103 -0.014798
121 103 -0.0342386
122 103 -0.104108
123 103 -0.306273
104 104 1
105 104 -0.351371
106 104 -0.014981
121 104 -0.0132974
122 104 -0.0408363
123 104 -0.10744
124 104 -0.307728
105 105 1
106 105 -0.351901
107 105 -0.0150224
122 105 -0.0159146
123 105 -0.042353
124 105 -0.108249
125 105 -0.308077
106 106 1
107 106 -0.352023
108 106 -0.0150314
122 106 -0.00621449
123 106 -0.0165198
124 106 -0.0427196
125 106 -0.108441
126 106 -0.308158
107 107 1
108 107 -0.35205
109 107 -0.0150333
123 107 -0.00645216
124 107 -0.0166659
125 107 -0.0428057
126 107 -0.108485
127 107 -0.308177
108 108 1
109 108 -0.352056
110 108 -0.0150337
124 108 -0.0065095
125 108 -0.0167001
126 108 -0.0428252
127 108 -0.108495
128 108 -0.308181
109 109 1
110 109 -0.352057
111 109 -0.0150338
125 109 -0.00652291
126 109 -0.0167078
127 109 -0.0428295
128 109 -0.108497
129 109 -0.308182
110 110 1
111 110 -0.352058
112 110 -0.0150338
126 110 -0.00652595
127 110 -0.0167095
128 110 -0.0428304
129 110 -0.108498
130 110 -0.308182
111 111 1
112 111 -0.352058
113 111 -0.0150338
127 111 -0.00652661
128 111 -0.0167099
129 111 -0.0428306
130 111 -0.108498
131 111 -0.308182
112 112 1
113 112 -0.352058
114 112 -0.0150338
128 112 -0.00652676
129 112 -0.01671
130 112 -0.0428306
131 112 -0.108498
132 112 -0.308182
113 113 1
114 113 -0.352058
115 113 -0.0150338
129 113 -0.00652678
130 113 -0.01671
131 113 -0.0428306
132 113 -0.108498
133 113 -0.308182
114 114 1
115 114 -0.352057
116 114 -0.015033
130 114 -0.00652679
131 114 -0.01671
132 114 -0.0428306
133 114 -0.108498
134 114 -0.308182
115 115 1
116 115 -0.352053
117 115 -0.0150258
131 115 -0.00652677
132 115 -0.0167099
133 115 -0.0428305
134 115 -0.108497
135 115 -0.308181
116 116 1
117 116 -0.351913
118 116 -0.0147271
132 116 -0.00652633
133 116 -0.0167088
134 116 -0.0428276
135 116 -0.108491
136 116 -0.308166
117 117 1
118 117 -0.351607
119 117 -0.0144964
133 117 -0.00652254
134 117 -0.0166991
135 117 -0.0428029
136 117 -0.10843
137 117 -0.308117
118 118 1
119 118 -0.350084
120 118 -0.0121949
134 118 -0.00649713
135 118 -0.0166345
136 118 -0.0426296
137 118 -0.108253
138 118 -0.307879
119 119 1
120 119 -0.3427
135 119 -0.0064209
136 119 -0.0164368
137 119 -0.0422122
138 119 -0.107406
139 119 -0.306801
120 120 1
136 120 -0.00604748
137 120 -0.0155162
138 120 -0.0398674
139 120 -0.103372
140 120 -0.301641
121 121 1
122 121 -0.298212
123 121 -0.0105126
141 121 -0.270377
122 122 1
123 122 -0.340187
124 122 -0.0142054
141 122 -0.08958
142 122 -0.300391
123 123 1
124 123 -0.349617
125 123 -0.0150328
141 123 -0.0343046
142 123 -0.104233
143 123 -0.3064
124 124 1
125 124 -0.351976
126 124 -0.0152389
141 124 -0.0133571
142 124 -0.0409957
143 124 -0.107652
144 124 -0.307913
125 125 1
126 125 -0.352562
127 125 -0.0152886
142 125 -0.0160238
143 125 -0.0425717
144 125 -0.108511
145 125 -0.308291
126 126 1
127 126 -0.352705
128 126 -0.0153002
142 126 -0.00627678
143 126 -0.0166567
144 126 -0.0429679
145 126 -0.108725
146 126 -0.308384
127 127 1
128 127 -0.352739
129 127 -0.0153029
143 127 -0.00652645
144 127 -0.0168157
145 127 -0.0430656
146 127 -0.108777
147 127 -0.308406
128 128 1
129 128 -0.352747
130 128 -0.0153035
144 128 -0.00658914
145 128 -0.0168549
146 128 -0.0430892
147 128 -0.108789
148 128 -0.308412
129 129 1
130 129 -0.352749
131 129 -0.0153036
145 129 -0.00660457
146 129 -0.0168643
147 129 -0.0430947
148 129 -0.108792
149 129 -0.308413
130 130 1
131 130 -0.352749
132 130 -0.0153036
146 130 -0.00660828
147 130 -0.0168665
148 130 -0.043096
149 130 -0.108792
150 130 -0.308413
131 131 1
132 131 -0.352749
133 131 -0.0153036
147 131 -0.00660915
148 131 -0.016867
149 131 -0.0430963
150 131 -0.108792
151 131 -0.308413
132 132 1
133 132 -0.352749
134 132 -0.0153036
148 132 -0.00660935
149 132 -0.0168671
150 132 -0.0430963
151 132 -0.108793
152 132 -0.308413
133 133 1
134 133 -0.352749
135 133 -0.0153031
149 133 -0.00660939
150 133 -0.0168671
151 133 -0.0430963
152 133 -0.108793
153 133 -0.308413
134 134 1
135 134 -0.352747
136 134 -0.0152985
150 134 -0.00660939
151 134 -0.0168671
152 134 -0.0430963
153 134 -0.108792
154 134 -0.308413
135 135 1
136 135 -0.352729
137 135 -0.0152772
151 135 -0.00660928
152 135 -0.0168668
153 135 -0.0430955
154 135 -0.108791
155 135 -0.30841
136 136 1
137 136 -0.352638
138 136 -0.0151678
152 136 -0.00660837
153 136 -0.0168645
154 136 -0.0430896
155 136 -0.10878
156 136 -0.308395
137 137 1
138 137 -0.352249
139 137 -0.014655
153 137 -0.00660413
154 137 -0.0168537
155 137 -0.0430629
156 137 -0.108731
157 137 -0.308335
138 138 1
139 138 -0.350518
140 138 -0.0122817
154 138 -0.00658435
155 138 -0.0168037
156 138 -0.0429392
157 138 -0.108515
158 138 -0.308063
139 139 1
140 139 -0.342928
155 139 -0.00649618
156 139 -0.0165809
157 139 -0.0423922
158 139 -0.107578
159 139 -0.306913
140 140 1
156 140 -0.00610566
157 140 -0.0155951
158 140 -0.0399686
159 140 -0.103457
160 140 -0.301686
141 141 1
142 141 -0.298238
143 141 -0.010538
161 141 -0.270381
142 142 1
143 142 -0.340289
144 142 -0.0142726
161 142 -0.089594
162 142 -0.300412
143 143 1
144 143 -0.349806
145 143 -0.015125
161 143 -0.03433
162 143 -0.104281
163 143 -0.30645
144 144 1
145 144 -0.352226
146 144 -0.0153438
161 144 -0.0133801
162 144 -0.0410572
163 144 -0.107736
164 144 -0.307988
145 145 1
146 145 -0.352843
147 145 -0.0153987
162 145 -0.0160671
163 145 -0.0426602
164 145 -0.10862
165 145 -0.308381
146 146 1
147 146 -0.352999
148 146 -0.0154122
162 146 -0.00630197
163 146 -0.016713
164 146 -0.0430715
165 146 -0.108846
166 146 -0.308481
147 147 1
148 147 -0.353038
149 147 -0.0154154
163 147 -0.00655732
164 147 -0.0168787
165 147 -0.0431761
166 147 -0.108903
167 147 -0.308506
148 148 1
149 148 -0.353047
150 148 -0.0154162
164 148 -0.00662283
165 148 -0.0169208
166 148 -0.0432023
167 148 -0.108917
168 148 -0.308513
149 149 1
150 149 -0.353049
151 149 -0.0154164
165 149 -0.00663947
166 149 -0.0169313
167 149 -0.0432087
168 149 -0.10892
169 149 -0.308514
150 150 1
151 150 -0.35305
152 150 -0.0154164
166 150 -0.00664363
167 150 -0.0169339
168 150 -0.0432103
169 150 -0.108921
170 150 -0.308514
151 151 1
152 151 -0.35305
153 151 -0.0154164
167 151 -0.00664464
168 151 -0.0169345
169 151 -0.0432107
170 151 -0.108921
171 151 -0.308514
152 152 1
153 152 -0.35305
154 152 -0.0154163
168 152 -0.00664489
169 152 -0.0169347
170 152 -0.0432107
171 152 -0.108921
172 152 -0.308514
153 153 1
154 153 -0.353049
155 153 -0.0154154
169 153 -0.00664494
170 153 -0.0169347
171 153 -0.0432107
172 153 -0.108921
173 153 -0.308514
154 154 1
155 154 -0.353046
156 154 -0.0154105
170 154 -0.00664493
171 154 -0.0169346
172 154 -0.0432105
173 154 -0.108921
174 154 -0.308514
155 155 1
156 155 -0.353027
157 155 -0.0153883
171 155 -0.00664475
172 155 -0.0169342
173 155 -0.0432094
174 155 -0.108918
175 155 -0.308511
156 156 1
157 156 -0.352942
158 156 -0.0152891
172 156 -0.00664382
173 156 -0.0169318
174 156 -0.0432035
175 156 -0.108908
176 156 -0.308497
157 157 1
158 157 -0.352515
159 157 -0.0147245
173 157 -0.00663942
174 157 -0.0169207
175 157 -0.0431761
176 157 -0.108858
177 157 -0.308431
158 158 1
159 158 -0.350699
160 158 -0.0123159
174 158 -0.00661897
175 158 -0.0168691
176 158 -0.0430493
177 158 -0.108624
178 158 -0.30814
159 159 1
160 159 -0.343018
175 159 -0.00652599
176 159 -0.0166347
177 159 -0.0424681
178 159 -0.10765
179 159 -0.306958
160 160 1
176 160 -0.00612743
177 160 -0.0156278
178 160 -0.0400095
179 160 -0.10349
180 160 -0.301704
161 161 1
162 161 -0.298247
163 161 -0.0105477
181 161 -0.270382
162 162 1
163 162 -0.340328
164 162 -0.0142989
181 162 -0.0895993
182 162 -0.300419
163 163 1
164 163 -0.349882
165 163 -0.0151626
181 163 -0.0343398
182 163 -0.1043
183 163 -0.306469
164 164 1
165 164 -0.352329
166 164 -0.0153877
181 164 -0.0133892
182 164 -0.0410816
183 164 -0.10777
184 164 -0.308019
165 165 1
166 165 -0.352962
167 165 -0.0154455
182 165 -0.0160846
183 165 -0.0426964
184 165 -0.108665
185 165 -0.30842
166 166 1
167 166 -0.353125
168 166 -0.0154602
182 166 -0.00631233
183 166 -0.0167363
184 166 -0.043115
185 166 -0.108897
186 166 -0.308523
167 167 1
168 167 -0.353167
169 167 -0.0154639
183 167 -0.00657027
184 167 -0.0169054
185 167 -0.0432233
186 167 -0.108957
187 167 -0.30855
168 168 1
169 168 -0.353177
170 168 -0.0154648
184 168 -0.00663721
185 168 -0.0169491
186 168 -0.0432511
187 168 -0.108972
188 168 -0.308556
169 169 1
170 169 -0.35318
171 169 -0.015465
185 169 -0.0066545
186 169 -0.0169603
187 169 -0.0432581
188 169 -0.108976
189 169 -0.308558
170 170 1
171 170 -0.353181
172 170 -0.015465
186 170 -0.00665893
187 170 -0.0169632
188 170 -0.0432599
189 170 -0.108977
190 170 -0.308559
171 171 1
172 171 -0.353181
173 171 -0.015465
187 171 -0.00666005
188 171 -0.0169639
189 171 -0.0432603
190 171 -0.108977
191 171 -0.308559
172 172 1
173 172 -0.353181
174 172 -0.0154648
188 172 -0.00666032
189 172 -0.016964
190 172 -0.0432604
191 172 -0.108977
192 172 -0.308559
173 173 1
174 173 -0.35318
175 173 -0.0154638
189 173 -0.00666039
190 173 -0.0169641
191 173 -0.0432604
192 173 -0.108977
193 173 -0.308558
174 174 1
175 174 -0.353176
176 174 -0.0154588
190 174 -0.00666036
191 174 -0.016964
192 174 -0.0432601
193 174 -0.108976
194 174 -0.308558
175 175 1
176 175 -0.353157
177 175 -0.0154356
191 175 -0.00666017
192 175 -0.0169635
193 175 -0.0432589
194 175 -0.108974
195 175 -0.308555
176 176 1
177 176 -0.353069
178 176 -0.0153331
192 176 -0.00665921
193 176 -0.016961
194 176 -0.0432529
195 176 -0.108963
196 176 -0.308541
177 177 1
178 177 -0.352624
179 177 -0.0147538
193 177 -0.00665461
194 177 -0.0169494
195 177 -0.0432243
196 177 -0.108912
197 177 -0.308471
178 178 1
179 178 -0.350773
180 178 -0.0123298
194 178 -0.0066334
195 178 -0.0168959
196 178 -0.0430929
197 178 -0.108669
198 178 -0.308172
179 179 1
180 179 -0.343054
195 179 -0.00653829
196 179 -0.0166563
197 179 -0.0424994
198 179 -0.107679
199 179 -0.306977
180 180 1
196 180 -0.00613618
197 180 -0.0156413
198 180 -0.0400262
199 180 -0.103503
200 180 -0.301711
181 181 1
182 181 -0.298251
183 181 -0.0105515
201 181 -0.270382
182 182 1
183 182 -0.340343
184 182 -0.0143094
201 182 -0.0896014
202 182 -0.300423
183 183 1
184 183 -0.349912
185 183 -0.015178
201 183 -0.0343436
202 183 -0.104308
203 183 -0.306477
184 184 1
185 184 -0.352372
186 184 -0.0154063
201 184 -0.0133928
202 184 -0.0410914
203 184 -0.107784
204 184 -0.308032
185 185 1
186 185 -0.353012
187 185 -0.0154656
202 185 -0.0160917
203 185 -0.0427113
204 185 -0.108684
205 185 -0.308435
186 186 1
187 186 -0.35318
188 186 -0.0154809
202 186 -0.00631662
203 186 -0.0167461
204 186 -0.0431333
205 186 -0.108919
206 186 -0.308541
187 187 1
188 187 -0.353223
189 187 -0.0154849
203 187 -0.00657573
204 187 -0.0169168
205 187 -0.0432435
206 187 -0.10898
207 187 -0.308568
188 188 1
189 188 -0.353234
190 188 -0.0154859
204 188 -0.00664334
205 188 -0.0169613
206 188 -0.0432722
207 188 -0.108996
208 188 -0.308575
189 189 1
190 189 -0.353237
191 189 -0.0154861
205 189 -0.00666098
206 189 -0.0169729
207 189 -0.0432796
208 189 -0.109
209 189 -0.308577
190 190 1
191 190 -0.353237
192 190 -0.0154861
206 190 -0.00666556
207 190 -0.0169759
208 190 -0.0432814
209 190 -0.109001
210 190 -0.308578
191 191 1
192 191 -0.353238
193 191 -0.0154861
207 191 -0.00666674
208 191 -0.0169766
209 191 -0.0432819
210 191 -0.109001
211 191 -0.308578
192 192 1
193 192 -0.353237
194 192 -0.0154859
208 192 -0.00666704
209 192 -0.0169768
210 192 -0.043282
211 192 -0.109001
212 192 -0.308578
193 193 1
194 193 -0.353237
195 193 -0.0154848
209 193 -0.00666711
210 193 -0.0169768
211 193 -0.043282
212 193 -0.109001
213 193 -0.308578
194 194 1
195 194 -0.353232
196 194 -0.0154797
210 194 -0.00666708
211 194 -0.0169767
212 194 -0.0432817
213 194 -0.109001
214 194 -0.308577
195 195 1
196 195 -0.353213
197 195 -0.0154557
211 195 -0.00666688
212 195 -0.0169762
213 195 -0.0432804
214 195 -0.108998
215 195 -0.308574
196 196 1
197 196 -0.353123
198 196 -0.0153507
212 196 -0.00666588
213 196 -0.0169737
214 196 -0.0432742
215 196 -0.108987
216 196 -0.30856
197 197 1
198 197 -0.352669
199 197 -0.0147658
213 197 -0.00666114
214 197 -0.0169617
215 197 -0.0432448
216 197 -0.108934
217 197 -0.308488
198 198 1
199 198 -0.350804
200 198 -0.0123355
214 198 -0.00663949
215 198 -0.0169071
216 198 -0.0431108
217 198 -0.108687
218 198 -0.308185
199 199 1
200 199 -0.343069
215 199 -0.00654342
216 199 -0.0166652
217 199 -0.0425124
218 199 -0.107692
219 199 -0.306985
200 200 1
216 200 -0.00613978
217 200 -0.0156468
218 200 -0.040033
219 200 -0.103509
220 200 -0.301714
201 201 1
202 201 -0.298253
203 201 -0.010553
221 201 -0.270383
202 202 1
203 202 -0.340349
204 202 -0.0143136
221 202 -0.0896022
222 202 -0.300424
203 203 1
204 203 -0.349925
205 203 -0.0151844
221 203 -0.0343452
222 203 -0.10431
223 203 -0.30648
204 204 1
205 204 -0.352389
206 204 -0.0154141
221 204 -0.0133943
222 204 -0.0410953
223 204 -0.10779
224 204 -0.308037
205 205 1
206 205 -0.353034
207 205 -0.0154742
222 205 -0.0160946
223 205 -0.0427174
224 205 -0.108692
225 205 -0.308442
206 206 1
207 206 -0.353203
208 206 -0.0154899
222 206 -0.0063184
223 206 -0.0167501
224 206 -0.0431411
225 206 -0.108928
226 206 -0.308549
207 207 1
208 207 -0.353247
209 207 -0.015494
223 207 -0.00657803
224 207 -0.0169216
225 207 -0.0432521
226 207 -0.10899
227 207 -0.308576
208 208 1
209 208 -0.353258
210 208 -0.015495
224 208 -0.00664596
225 208 -0.0169665
226 208 -0.0432812
227 208 -0.109006
228 208 -0.308584
209 209 1
210 209 -0.353261
211 209 -0.0154953
225 209 -0.00666377
226 209 -0.0169783
227 209 -0.0432888
228 209 -0.10901
229 209 -0.308586
210 210 1
211 210 -0.353262
212 210 -0.0154953
226 210 -0.00666844
227 210 -0.0169814
228 210 -0.0432908
229 210 -0.109012
230 210 -0.308586
211 211 1
212 211 -0.353262
213 211 -0.0154953
227 211 -0.00666965
228 211 -0.0169822
229 211 -0.0432913
230 211 -0.109012
231 211 -0.308586
212 212 1
213 212 -0.353262
214 212 -0.0154951
228 212 -0.00666996
229 212 -0.0169824
230 212 -0.0432914
231 212 -0.109012
232 212 -0.308586
213 213 1
214 213 -0.353261
215 213 -0.015494
229 213 -0.00667004
230 213 -0.0169824
231 213 -0.0432914
232 213 -0.109012
233 213 -0.308586
214 214 1
215 214 -0.353257
216 214 -0.0154887
230 214 -0.00667001
231 214 -0.0169823
232 214 -0.0432911
233 214 -0.109011
234 214 -0.308585
215 215 1
216 215 -0.353237
217 215 -0.0154641
231 215 -0.00666979
232 215 -0.0169817
233 215 -0.0432897
234 215 -0.109009
235 215 -0.308582
216 216 1
217 216 -0.353145
218 216 -0.0153579
232 216 -0.00666877
233 216 -0.0169791
234 216 -0.0432834
235 216 -0.108997
236 216 -0.308567
217 217 1
218 217 -0.352688
219 217 -0.0147708
233 217 -0.00666394
234 217 -0.016967
235 217 -0.0432534
236 217 -0.108943
237 217 -0.308495
218 218 1
219 218 -0.350817
220 218 -0.0123378
234 218 -0.00664206
235 218 -0.0169118
236 218 -0.0431182
237 218 -0.108695
238 218 -0.30819
219 219 1
220 219 -0.343075
235 219 -0.00654557
236 219 -0.0166689
237 219 -0.0425177
238 219 -0.107696
239 219 -0.306988
220 220 1
236 220 -0.00614127
237 220 -0.0156491
238 220 -0.0400358
239 220 -0.103511
240 220 -0.301715
221 221 1
222 221 -0.298253
223 221 -0.0105536
241 221 -0.270383
222 222 1
223 222 -0.340352
224 222 -0.0143153
241 222 -0.0896025
242 222 -0.300424
223 223 1
224 223 -0.34993
225 223 -0.015187
241 223 -0.0343458
242 223 -0.104312
243 223 -0.306482
224 224 1
225 224 -0.352397
226 224 -0.0154174
241 224 -0.0133949
242 224 -0.0410969
243 224 -0.107792
244 224 -0.308039
225 225 1
226 225 -0.353043
227 225 -0.0154779
242 225 -0.0160958
243 225 -0.04272
244 225 -0.108695
245 225 -0.308445
226 226 1
227 226 -0.353213
228 226 -0.0154938
242 226 -0.00631914
243 226 -0.0167518
244 226 -0.0431443
245 226 -0.108932
246 226 -0.308552
227 227 1
228 227 -0.353257
229 227 -0.0154979
243 227 -0.006579
244 227 -0.0169236
245 227 -0.0432558
246 227 -0.108994
247 227 -0.30858
228 228 1
229 228 -0.353269
230 228 -0.015499
244 228 -0.00664708
245 228 -0.0169688
246 228 -0.0432852
247 228 -0.109011
248 228 -0.308587
229 229 1
230 229 -0.353272
231 229 -0.0154993
245 229 -0.00666497
246 229 -0.0169806
247 229 -0.0432929
248 229 -0.109015
249 229 -0.308589
230 230 1
231 230 -0.353273
232 230 -0.0154993
246 230 -0.00666968
247 230 -0.0169838
248 230 -0.0432949
249 230 -0.109016
250 230 -0.30859
231 231 1
232 231 -0.353273
233 231 -0.0154993
247 231 -0.00667092
248 231 -0.0169846
249 231 -0.0432954
250 231 -0.109016
251 231 -0.30859
232 232 1
233 232 -0.353273
234 232 -0.0154991
248 232 -0.00667124
249 232 -0.0169848
250 232 -0.0432955
251 232 -0.109016
252 232 -0.30859
233 233 1
234 233 -0.353272
235 233 -0.0154979
249 233 -0.00667131
250 233 -0.0169848
251 233 -0.0432955
252 233 -0.109016
253 233 -0.30859
234 234 1
235 234 -0.353268
236 234 -0.0154925
250 234 -0.00667128
251 234 -0.0169847
252 234 -0.0432952
253 234 -0.109016
254 234 -0.308589
235 235 1
236 235 -0.353247
237 235 -0.0154677
251 235 -0.00667106
252 235 -0.0169841
253 235 -0.0432938
254 235 -0.109013
255 235 -0.308586
236 236 1
237 236 -0.353154
238 236 -0.0153609
252 236 -0.00667002
253 236 -0.0169815
254 236 -0.0432873
255 236 -0.109002
256 236 -0.308571
237 237 1
238 237 -0.352696
239 237 -0.0147729
253 237 -0.00666514
254 237 -0.0169692
255 237 -0.0432571
256 237 -0.108947
257 237 -0.308498
238 238 1
239 238 -0.350822
240 238 -0.0123387
254 238 -0.00664316
255 238 -0.0169138
256 238 -0.0431214
257 238 -0.108698
258 238 -0.308192
239 239 1
240 239 -0.343078
255 239 -0.00654647
256 239 -0.0166704
257 239 -0.0425199
258 239 -0.107699
259 239 -0.306989
240 240 1
256 240 -0.00614189
257 240 -0.01565
258 240 -0.040037
259 240 -0.103512
260 240 -0.301715
241 241 1
242 241 -0.298254
243 241 -0.0105539
261 241 -0.270383
242 242 1
243 242 -0.340353
244 242 -0.014316
261 242 -0.0896027
262 242 -0.300424
243 243 1
244 243 -0.349932
245 243 -0.0151881
261 243 -0.034346
262 243 -0.104312
263 243 -0.306482
244 244 1
245 244 -0.3524
246 244 -0.0154187
261 244 -0.0133951
262 244 -0.0410976
263 244 -0.107793
264 244 -0.30804
245 245 1
246 245 -0.353046
247 245 -0.0154794
262 245 -0.0160963
263 245 -0.042721
264 245 -0.108696
265 245 -0.308446
246 246 1
247 246 -0.353217
248 246 -0.0154954
262 246 -0.00631945
263 246 -0.0167525
264 246 -0.0431457
265 246 -0.108934
266 246 -0.308553
247 247 1
248 247 -0.353262
249 247 -0.0154996
263 247 -0.00657941
264 247 -0.0169245
265 247 -0.0432574
266 247 -0.108996
267 247 -0.308581
248 248 1
249 248 -0.353274
250 248 -0.0155007
264 248 -0.00664755
265 248 -0.0169697
266 248 -0.0432868
267 248 -0.109013
268 248 -0.308589
249 249 1
250 249 -0.353277
251 249 -0.015501
265 249 -0.00666549
266 249 -0.0169817
267 249 -0.0432946
268 249 -0.109017
269 249 -0.308591
250 250 1
251 250 -0.353278
252 250 -0.0155011
266 250 -0.00667022
267 250 -0.0169848
268 250 -0.0432966
269 250 -0.109018
270 250 -0.308591
251 251 1
252 251 -0.353278
253 251 -0.0155011
267 251 -0.00667146
268 251 -0.0169856
269 251 -0.0432972
270 251 -0.109018
271 251 -0.308591
252 252 1
253 252 -0.353278
254 252 -0.0155008
268 252 -0.00667179
269 252 -0.0169858
270 252 -0.0432973
271 252 -0.109019
272 252 -0.308591
253 253 1
254 253 -0.353277
255 253 -0.0154996
269 253 -0.00667186
270 253 -0.0169859
271 253 -0.0432973
272 253 -0.109018
273 253 -0.308591
254 254 1
255 254 -0.353272
256 254 -0.0154942
270 254 -0.00667184
271 254 -0.0169858
272 254 -0.043297
273 254 -0.109018
274 254 -0.308591
255 255 1
256 255 -0.353251
257 255 -0.0154692
271 255 -0.00667161
272 255 -0.0169852
273 255 -0.0432955
274 255 -0.109015
275 255 -0.308587
256 256 1
257 256 -0.353158
258 256 -0.0153622
272 256 -0.00667056
273 256 -0.0169825
274 256 -0.043289
275 256 -0.109004
276 256 -0.308572
257 257 1
258 257 -0.352699
259 257 -0.0147737
273 257 -0.00666565
274 257 -0.0169702
275 257 -0.0432587
276 257 -0.108949
277 257 -0.308499
258 258 1
259 258 -0.350824
260 258 -0.0123391
274 258 -0.00664362
275 258 -0.0169146
276 258 -0.0431227
277 258 -0.108699
278 258 -0.308193
259 259 1
260 259 -0.343079
275 259 -0.00654685
276 259 -0.0166711
277 259 -0.0425208
278 259 -0.107699
279 259 -0.30699
260 260 1
276 260 -0.00614215
277 260 -0.0156504
278 260 -0.0400375
279 260 -0.103512
280 260 -0.301716
261 261 1
262 261 -0.298254
263 261 -0.010554
281 261 -0.270383
262 262 1
263 262 -0.340353
264 262 -0.0143163
281 262 -0.0896027
282 262 -0.300425
263 263 1
264 263 -0.349933
265 263 -0.0151886
281 263 -0.0343461
282 263 -0.104312
283 263 -0.306482
264 264 1
265 264 -0.352401
266 264 -0.0154193
281 264 -0.0133952
282 264 -0.0410979
283 264 -0.107793
284 264 -0.308041
265 265 1
266 265 -0.353048
267 265 -0.0154801
282 265 -0.0160965
283 265 -0.0427215
284 265 -0.108697
285 265 -0.308447
266 266 1
267 266 -0.353219
268 266 -0.0154961
282 266 -0.00631958
283 266 -0.0167528
284 266 -0.0431463
285 266 -0.108934
286 266 -0.308554
267 267 1
268 267 -0.353264
269 267 -0.0155004
283 267 -0.00657958
284 267 -0.0169248
285 267 -0.043258
286 267 -0.108997
287 267 -0.308582
268 268 1
269 268 -0.353276
270 268 -0.0155015
284 268 -0.00664776
285 268 -0.0169701
286 268 -0.0432876
287 268 -0.109014
288 268 -0.30859
269 269 1
270 269 -0.353279
271 269 -0.0155018
285 269 -0.00666571
286 269 -0.0169821
287 269 -0.0432954
288 269 -0.109018
289 269 -0.308591
270 270 1
271 270 -0.35328
272 270 -0.0155018
286 270 -0.00667045
287 270 -0.0169852
288 270 -0.0432974
289 270 -0.109019
290 270 -0.308592
271 271 1
272 271 -0.35328
273 271 -0.0155018
287 271 -0.0066717
288 271 -0.0169861
289 271 -0.043298
290 271 -0.109019
291 271 -0.308592
272 272 1
273 272 -0.35328
274 272 -0.0155016
288 272 -0.00667203
289 272 -0.0169863
290 272 -0.0432981
291 272 -0.109019
292 272 -0.308592
273 273 1
274 273 -0.353279
275 273 -0.0155004
289 273 -0.00667211
290 273 -0.0169863
291 273 -0.043298
292 273 -0.109019
293 273 -0.308592
274 274 1
275 274 -0.353274
276 274 -0.0154949
290 274 -0.00667208
291 274 -0.0169862
292 274 -0.0432977
293 274 -0.109019
294 274 -0.308591
275 275 1
276 275 -0.353253
277 275 -0.0154699
291 275 -0.00667185
292 275 -0.0169856
293 275 -0.0432963
294 275 -0.109016
295 275 -0.308588
276 276 1
277 276 -0.35316
278 276 -0.0153627
292 276 -0.00667079
293 276 -0.016983
294 276 -0.0432898
295 276 -0.109004
296 276 -0.308573
277 277 1
278 277 -0.3527
279 277 -0.0147741
293 277 -0.00666587
294 277 -0.0169706
295 277 -0.0432593
296 277 -0.10895
297 277 -0.3085
278 278 1
279 278 -0.350825
280 278 -0.0123393
294 278 -0.00664382
295 278 -0.016915
296 278 -0.0431232
297 278 -0.1087
298 278 -0.308194
279 279 1
280 279 -0.343079
295 279 -0.00654701
296 279 -0.0166714
297 279 -0.0425212
298 279 -0.1077
299 279 -0.30699
280 280 1
296 280 -0.00614225
297 280 -0.0156506
298 280 -0.0400377
299 280 -0.103512
300 280 -0.301716
281 281 1
282 281 -0.298254
283 281 -0.010554
301 281 -0.270383
282 282 1
283 282 -0.340354
284 282 -0.0143164
301 282 -0.0896027
302 282 -0.300425
283 283 1
284 283 -0.349933
285 283 -0.0151888
301 283 -0.0343462
302 283 -0.104312
303 283 -0.306483
284 284 1
285 284 -0.352402
286 284 -0.0154196
301 284 -0.0133953
302 284 -0.041098
303 284 -0.107794
304 284 -0.308041
285 285 1
286 285 -0.353049
287 285 -0.0154804
302 285 -0.0160966
303 285 -0.0427216
304 285 -0.108697
305 285 -0.308447
286 286 1
287 286 -0.35322
288 286 -0.0154965
302 286 -0.00631963
303 286 -0.016753
304 286 -0.0431465
305 286 -0.108935
306 286 -0.308554
287 287 1
288 287 -0.353265
289 287 -0.0155007
303 287 -0.00657965
304 287 -0.016925
305 287 -0.0432583
306 287 -0.108997
307 287 -0.308582
288 288 1
289 288 -0.353277
290 288 -0.0155018
304 288 -0.00664784
305 288 -0.0169703
306 288 -0.0432879
307 288 -0.109014
308 288 -0.30859
289 289 1
290 289 -0.35328
291 289 -0.0155021
305 289 -0.0066658
306 289 -0.0169823
307 289 -0.0432957
308 289 -0.109018
309 289 -0.308592
290 290 1
291 290 -0.353281
292 290 -0.0155022
306 290 -0.00667055
307 290 -0.0169854
308 290 -0.0432977
309 290 -0.109019
310 290 -0.308592
291 291 1
292 291 -0.353281
293 291 -0.0155021
307 291 -0.0066718
308 291 -0.0169863
309 291 -0.0432983
310 291 -0.10902
311 291 -0.308592
292 292 1
293 292 -0.353281
294 292 -0.0155019
308 292 -0.00667213
309 292 -0.0169865
310 292 -0.0432984
311 292 -0.10902
312 292 -0.308592
293 293 1
294 293 -0.35328
295 293 -0.0155007
309 293 -0.00667221
310 293 -0.0169865
311 293 -0.0432984
312 293 -0.10902
313 293 -0.308592
294 294 1
295 294 -0.353275
296 294 -0.0154952
310 294 -0.00667218
311 294 -0.0169864
312 294 -0.0432981
313 294 -0.109019
314 294 -0.308592
295 295 1
296 295 -0.353254
297 295 -0.0154702
311 295 -0.00667195
312 295 -0.0169858
313 295 -0.0432966
314 295 -0.109016
315 295 -0.308588
296 296 1
297 296 -0.353161
298 296 -0.0153629
312 296 -0.00667089
313 296 -0.0169831
314 296 -0.0432901
315 296 -0.109005
316 296 -0.308573
297 297 1
298 297 -0.352701
299 297 -0.0147742
313 297 -0.00666597
314 297 -0.0169707
315 297 -0.0432596
316 297 -0.10895
317 297 -0.3085
298 298 1
299 298 -0.350825
300 298 -0.0123394
314 298 -0.0066439
315 298 -0.0169151
316 298 -0.0431234
317 298 -0.1087
318 298 -0.308194
299 299 1
300 299 -0.343079
315 299 -0.00654708
316 299 -0.0166715
317 299 -0.0425214
318 299 -0.1077
319 299 -0.30699
300 300 1
316 300 -0.0061423
317 300 -0.0156507
318 300 -0.0400378
319 300 -0.103512
320 300 -0.301716
301 301 1
302 301 -0.298254
303 301 -0.010554
321 301 -0.270383
302 302 1
303 302 -0.340354
304 302 -0.0143165
321 302 -0.0896027
322 302 -0.300425
303 303 1
304 303 -0.349933
305 303 -0.0151889
321 303 -0.0343462
322 303 -0.104312
323 303 -0.306483
304 304 1
305 304 -0.352402
306 304 -0.0154197
321 304 -0.0133953
322 304 -0.041098
323 304 -0.107794
324 304 -0.308041
305 305 1
306 305 -0.353049
307 305 -0.0154805
322 305 -0.0160967
323 305 -0.0427217
324 305 -0.108697
325 305 -0.308447
306 306 1
307 306 -0.35322
308 306 -0.0154966
322 306 -0.00631966
323 306 -0.016753
324 306 -0.0431466
325 306 -0.108935
326 306 -0.308554
307 307 1
308 307 -0.353265
309 307 -0.0155008
323 307 -0.00657969
324 307 -0.0169251
325 307 -0.0432584
326 307 -0.108997
327 307 -0.308582
308 308 1
309 308 -0.353277
310 308 -0.015502
324 308 -0.00664788
325 308 -0.0169704
326 308 -0.043288
327 308 -0.109014
328 308 -0.30859
309 309 1
310 309 -0.35328
311 309 -0.0155023
325 309 -0.00666585
326 309 -0.0169824
327 309 -0.0432958
328 309 -0.109018
329 309 -0.308592
310 310 1
311 310 -0.353281
312 310 -0.0155023
326 310 -0.00667059
327 310 -0.0169855
328 310 -0.0432979
329 310 -0.10902
330 310 -0.308592
311 311 1
312 311 -0.353281
313 311 -0.0155023
327 311 -0.00667185
328 311 -0.0169864
329 311 -0.0432984
330 311 -0.10902
331 311 -0.308593
312 312 1
313 312 -0.353281
314 312 -0.015502
328 312 -0.00667218
329 312 -0.0169866
330 312 -0.0432986
331 312 -0.10902
332 312 -0.308593
313 313 1
314 313 -0.35328
315 313 -0.0155008
329 313 -0.00667226
330 313 -0.0169866
331 313 -0.0432985
332 313 -0.10902
333 313 -0.308592
314 314 1
315 314 -0.353275
316 314 -0.0154953
330 314 -0.00667223
331 314 -0.0169865
332 314 -0.0432982
333 314 -0.109019
334 314 -0.308592
315 315 1
316 315 -0.353255
317 315 -0.0154703
331 315 -0.006672
332 315 -0.0169859
333 315 -0.0432968
334 315 -0.109017
335 315 -0.308588
316 316 1
317 316 -0.353161
318 316 -0.015363
332 316 -0.00667094
333 316 -0.0169832
334 316 -0.0432902
335 316 -0.109005
336 316 -0.308573
317 317 1
318 317 -0.352701
319 317 -0.0147743
333 317 -0.00666601
334 317 -0.0169708
335 317 -0.0432597
336 317 -0.10895
337 317 -0.3085
318 318 1
319 318 -0.350826
320 318 -0.0123394
334 318 -0.00664394
335 318 -0.0169152
336 318 -0.0431235
337 318 -0.1087
338 318 -0.308194
319 319 1
320 319 -0.343079
335 319 -0.00654711
336 319 -0.0166715
337 319 -0.0425214
338 319 -0.1077
339 319 -0.30699
320 320 1
336 320 -0.00614232
337 320 -0.0156507
338 320 -0.0400378
339 320 -0.103512
340 320 -0.301716
321 321 1
322 321 -0.298254
323 321 -0.010554
341 321 -0.270383
322 322 1
323 322 -0.340354
324 322 -0.0143165
341 322 -0.0896028
342 322 -0.300425
323 323 1
324 323 -0.349933
325 323 -0.0151889
341 323 -0.0343462
342 323 -0.104312
343 323 -0.306483
324 324 1
325 324 -0.352402
326 324 -0.0154197
341 324 -0.0133953
342 324 -0.041098
343 324 -0.107794
344 324 -0.308041
325 325 1
326 325 -0.353049
327 325 -0.0154806
342 325 -0.0160967
343 325 -0.0427218
344 325 -0.108697
345 325 -0.308447
326 326 1
327 326 -0.35322
328 326 -0.0154966
342 326 -0.00631967
343 326 -0.016753
344 326 -0.0431466
345 326 -0.108935
346 326 -0.308554
327 327 1
328 327 -0.353265
329 327 -0.0155009
343 327 -0.0065797
344 327 -0.0169251
345 327 -0.0432585
346 327 -0.108998
347 327 -0.308582
328 328 1
329 328 -0.353277
330 328 -0.015502
344 328 -0.0066479
345 328 -0.0169704
346 328 -0.0432881
347 328 -0.109014
348 328 -0.30859
329 329 1
330 329 -0.35328
331 329 -0.0155023
345 329 -0.00666586
346 329 -0.0169824
347 329 -0.0432959
348 329 -0.109018
349 329 -0.308592
330 330 1
331 330 -0.353281
332 330 -0.0155024
346 330 -0.00667061
347 330 -0.0169856
348 330 -0.043298
349 330 -0.10902
350 330 -0.308592
331 331 1
332 331 -0.353281
333 331 -0.0155023
347 331 -0.00667187
348 331 -0.0169864
349 331 -0.0432985
350 331 -0.10902
351 331 -0.308593
332 332 1
333 332 -0.353281
334 332 -0.0155021
348 332 -0.0066722
349 332 -0.0169866
350 332 -0.0432986
351 332 -0.10902
352 332 -0.308593
333 333 1
334 333 -0.35328
335 333 -0.0155009
349 333 -0.00667228
350 333 -0.0169866
351 333 -0.0432986
352 333 -0.10902
353 333 -0.308592
334 334 1
335 334 -0.353276
336 334 -0.0154954
350 334 -0.00667225
351 334 -0.0169865
352 334 -0.0432983
353 334 -0.109019
354 334 -0.308592
335 335 1
336 335 -0.353255
337 335 -0.0154703
351 335 -0.00667202
352 335 -0.0169859
353 335 -0.0432968
354 335 -0.109017
355 335 -0.308588
336 336 1
337 336 -0.353161
338 336 -0.0153631
352 336 -0.00667095
353 336 -0.0169833
354 336 -0.0432903
355 336 -0.109005
356 336 -0.308573
337 337 1
338 337 -0.352701
339 337 -0.0147743
353 337 -0.00666603
354 337 -0.0169708
355 337 -0.0432598
356 337 -0.10895
357 337 -0.3085
338 338 1
339 338 -0.350826
340 338 -0.0123394
354 338 -0.00664396
355 338 -0.0169152
356 338 -0.0431236
357 338 -0.1087
358 338 -0.308194
339 339 1
340 339 -0.343079
355 339 -0.00654712
356 339 -0.0166715
357 339 -0.0425215
358 339 -0.1077
359 339 -0.30699
340 340 1
356 340 -0.00614233
357 340 -0.0156507
358 340 -0.0400378
359 340 -0.103512
360 340 -0.301716
341 341 1
342 341 -0.298254
343 341 -0.010554
361 341 -0.270383
342 342 1
343 342 -0.340354
344 342 -0.0143165
361 342 -0.0896028
362 342 -0.300425
343 343 1
344 343 -0.349933
345 343 -0.0151889
361 343 -0.0343462
362 343 -0.104312
363 343 -0.306483
344 344 1
345 344 -0.352402
346 344 -0.0154197
361 344 -0.0133953
362 344 -0.041098
363 344 -0.107794
364 344 -0.308041
345 345 1
346 345 -0.353049
347 345 -0.0154806
362 345 -0.0160967
363 345 -0.0427218
364 345 -0.108697
365 345 -0.308447
346 346 1
347 346 -0.35322
348 346 -0.0154967
362 346 -0.00631967
363 346 -0.016753
364 346 -0.0431467
365 346 -0.108935
366 346 -0.308554
347 347 1
348 347 -0.353265
349 347 -0.0155009
363 347 -0.0065797
364 347 -0.0169251
365 347 -0.0432585
366 347 -0.108998
367 347 -0.308583
348 348 1
349 348 -0.353277
350 348 -0.0155021
364 348 -0.0066479
365 348 -0.0169704
366 348 -0.0432881
367 348 -0.109014
368 348 -0.30859
349 349 1
350 349 -0.35328
351 349 -0.0155023
365 349 -0.00666587
366 349 -0.0169824
367 349 -0.0432959
368 349 -0.109019
369 349 -0.308592
350 350 1
351 350 -0.353281
352 350 -0.0155024
366 350 -0.00667062
367 350 -0.0169856
368 350 -0.043298
369 350 -0.10902
370 350 -0.308593
351 351 1
352 351 -0.353281
353 351 -0.0155024
367 351 -0.00667188
368 351 -0.0169864
369 351 -0.0432985
370 351 -0.10902
371 351 -0.308593
352 352 1
353 352 -0.353281
354 352 -0.0155021
368 352 -0.00667221
369 352 -0.0169866
370 352 -0.0432987
371 352 -0.10902
372 352 -0.308593
353 353 1
354 353 -0.35328
355 353 -0.0155009
369 353 -0.00667228
370 353 -0.0169867
371 353 -0.0432986
372 353 -0.10902
373 353 -0.308592
354 354 1
355 354 -0.353276
356 354 -0.0154954
370 354 -0.00667226
371 354 -0.0169865
372 354 -0.0432983
373 354 -0.109019
374 354 -0.308592
355 355 1
356 355 -0.353255
357 355 -0.0154704
371 355 -0.00667203
372 355 -0.016986
373 355 -0.0432969
374 355 -0.109017
375 355 -0.308588
356 356 1
357 356 -0.353161
358 356 -0.0153631
372 356 -0.00667096
373 356 -0.0169833
374 356 -0.0432903
375 356 -0.109005
376 356 -0.308573
357 357 1
358 357 -0.352701
359 357 -0.0147743
373 357 -0.00666603
374 357 -0.0169709
375 357 -0.0432598
376 357 -0.10895
377 357 -0.3085
358 358 1
359 358 -0.350826
360 358 -0.0123394
374 358 -0.00664396
375 358 -0.0169152
376 358 -0.0431236
377 358 -0.1087
378 358 -0.308194
359 359 1
360 359 -0.343079
375 359 -0.00654713
376 359 -0.0166715
377 359 -0.0425215
378 359 -0.1077
379 359 -0.30699
360 360 1
376 360 -0.00614233
377 360 -0.0156507
378 360 -0.0400378
379 360 -0.103512
380 360 -0.301716
361 361 1
362 361 -0.298254
363 361 -0.010554
381 361 -0.270383
362 362 1
363 362 -0.340354
364 362 -0.0143165
381 362 -0.0896028
382 362 -0.300425
363 363 1
364 363 -0.349933
365 363 -0.0151889
381 363 -0.0343462
382 363 -0.104312
383 363 -0.306483
364 364 1
365 364 -0.352402
366 364 -0.0154198
381 364 -0.0133953
382 364 -0.041098
383 364 -0.107794
384 364 -0.308041
365 365 1
366 365 -0.353049
367 365 -0.0154806
382 365 -0.0160967
383 365 -0.0427218
384 365 -0.108697
385 365 -0.308447
366 366 1
367 366 -0.35322
368 366 -0.0154967
382 366 -0.00631967
383 366 -0.0167531
384 366 -0.0431467
385 366 -0.108935
386 366 -0.308554
367 367 1
368 367 -0.353265
369 367 -0.0155009
383 367 -0.00657971
384 367 -0.0169251
385 367 -0.0432585
386 367 -0.108998
387 367 -0.308583
368 368 1
369 368 -0.353277
370 368 -0.0155021
384 368 -0.00664791
385 368 -0.0169704
386 368 -0.0432881
387 368 -0.109014
388 368 -0.30859
369 369 1
370 369 -0.35328
371 369 -0.0155024
385 369 -0.00666587
386 369 -0.0169824
387 369 -0.0432959
388 369 -0.109019
389 369 -0.308592
370 370 1
371 370 -0.353281
372 370 -0.0155024
386 370 -0.00667062
387 370 -0.0169856
388 370 -0.043298
389 370 -0.10902
390 370 -0.308593
371 371 1
372 371 -0.353281
373 371 -0.0155024
387 371 -0.00667188
388 371 -0.0169864
389 371 -0.0432985
390 371 -0.10902
391 371 -0.308593
372 372 1
373 372 -0.353281
374 372 -0.0155021
388 372 -0.00667221
389 372 -0.0169866
390 372 -0.0432987
391 372 -0.10902
392 372 -0.308593
373 373 1
374 373 -0.35328
375 373 -0.0155009
389 373 -0.00667229
390 373 -0.0169867
391 373 -0.0432986
392 373 -0.10902
393 373 -0.308593
374 374 1
375 374 -0.353276
376 374 -0.0154954
390 374 -0.00667226
391 374 -0.0169866
392 374 -0.0432983
393 374 -0.109019
394 374 -0.308592
375 375 1
376 375 -0.353255
377 375 -0.0154704
391 375 -0.00667203
392 375 -0.016986
393 375 -0.0432969
394 375 -0.109017
395 375 -0.308588
376 376 1
377 376 -0.353161
378 376 -0.0153631
392 376 -0.00667097
393 376 -0.0169833
394 376 -0.0432903
395 376 -0.109005
396 376 -0.308573
377 377 1
378 377 -0.352701
379 377 -0.0147743
393 377 -0.00666604
394 377 -0.0169709
395 377 -0.0432598
396 377 -0.10895
397 377 -0.3085
378 378 1
379 378 -0.350826
380 378 -0.0123394
394 378 -0.00664396
395 378 -0.0169153
396 378 -0.0431236
397 378 -0.1087
398 378 -0.308194
379 379 1
380 379 -0.343079
395 379 -0.00654713
396 379 -0.0166716
397 379 -0.0425215
398 379 -0.1077
399 379 -0.30699
380 380 1
396 380 -0.00614233
397 380 -0.0156507
398 380 -0.0400378
399 380 -0.103512
400 380 -0.301716
381 381 1
382 381 -0.298254
383 381 -0.010554
382 382 1
383 382 -0.340354
384 382 -0.0143165
383 383 1
384 383 -0.349933
385 383 -0.0151889
384 384 1
385 384 -0.352402
386 384 -0.0154198
385 385 1
386 385 -0.353049
387 385 -0.0154806
386 386 1
387 386 -0.35322
388 386 -0.0154967
387 387 1
388 387 -0.353265
389 387 -0.0155009
388 388 1
389 388 -0.353277
390 388 -0.0155021
389 389 1
390 389 -0.35328
391 389 -0.0155024
390 390 1
391 390 -0.353281
392 390 -0.0155024
391 391 1
392 391 -0.353281
393 391 -0.0155024
392 392 1
393 392 -0.353281
394 392 -0.0155021
393 393 1
394 393 -0.35328
395 393 -0.0155009
394 394 1
395 394 -0.353276
396 394 -0.0154954
395 395 1
396 395 -0.353255
397 395 -0.0154704
396 396 1
397 396 -0.353161
398 396 -0.0153631
397 397 1
398 397 -0.352701
399 397 -0.0147743
398 398 1
399 398 -0.350826
400 398 -0.0123394
399 399 1
400 399 -0.343079
400 400 1
