1 1 1
2 1 -0.25
11 1 -0.25
2 2 1
3 2 -0.266667
11 2 -0.0666667
12 2 -0.266667
3 3 1
4 3 -0.267857
11 3 -0.0178571
12 3 -0.0714286
13 3 -0.267857
4 4 1
5 4 -0.267943
11 4 -0.00478469
12 4 -0.0191388
13 4 -0.0717703
14 4 -0.267943
5 5 1
6 5 -0.267949
12 5 -0.00512821
13 5 -0.0192308
14 5 -0.0717949
15 5 -0.267949
6 6 1
7 6 -0.267949
13 6 -0.00515287
14 6 -0.0192374
15 6 -0.0717966
16 6 -0.267949
7 7 1
8 7 -0.267949
14 7 -0.00515464
15 7 -0.0192378
16 7 -0.0717968
17 7 -0.267949
8 8 1
9 8 -0.267949
15 8 -0.00515477
16 8 -0.0192379
17 8 -0.0717968
18 8 -0.267949
9 9 1
10 9 -0.267949
16 9 -0.00515478
17 9 -0.0192379
18 9 -0.0717968
19 9 -0.267949
10 10 1
17 10 -0.00515478
18 10 -0.0192379
19 10 -0.0717968
20 10 -0.267949
11 11 1
12 11 -0.287179
13 11 -0.00512821
21 11 -0.267949
12 12 1
13 12 -0.317888
14 12 -0.00602427
21 12 -0.0843398
22 12 -0.293683
13 13 1
14 13 -0.321869
15 13 -0.00612115
21 13 -0.0286344
22 13 -0.0944058
23 13 -0.296978
14 14 1
15 14 -0.322378
16 14 -0.00613215
21 14 -0.00974443
22 14 -0.0322221
23 14 -0.0957268
24 14 -0.297409
15 15 1
16 15 -0.32244
17 15 -0.00613341
22 15 -0.0109684
23 15 -0.0326866
24 15 -0.0958954
25 15 -0.297463
16 16 1
17 16 -0.322448
18 16 -0.00613355
23 16 -0.0111268
24 16 -0.0327454
25 16 -0.0959161
26 16 -0.297469
17 17 1
18 17 -0.322449
19 17 -0.00613357
24 17 -0.0111469
25 17 -0.0327525
26 17 -0.0959186
27 17 -0.29747
18 18 1
19 18 -0.322329
20 18 -0.00572253
25 18 -0.011149
26 18 -0.0327524
27 18 -0.0959161
28 18 -0.297461
19 19 1
20 19 -0.320507
26 19 -0.01114
27 19 -0.0327252
28 19 -0.0958341
29 19 -0.297317
20 20 1
27 20 -0.0109622
28 20 -0.0321965
29 20 -0.0946445
30 20 -0.295296
21 21 1
22 21 -0.295431
23 21 -0.0085757
31 21 -0.269924
22 22 1
23 22 -0.333039
24 22 -0.010677
31 22 -0.088213
32 22 -0.298591
23 23 1
24 23 -0.339575
25 23 -0.011004
31 23 -0.0324486
32 23 -0.101029
33 23 -0.303355
24 24 1
25 24 -0.34072
26 24 -0.0110551
31 24 -0.0120095
32 24 -0.0376523
33 24 -0.103304
34 24 -0.304215
25 25 1
26 25 -0.34091
27 25 -0.0110627
31 25 -0.0044521
32 25 -0.0139504
33 25 -0.0385636
34 25 -0.103702
35 25 -0.30436
26 26 1
27 26 -0.340939
28 26 -0.0110623
32 26 -0.00517268
33 26 -0.0142904
34 26 -0.0387206
35 26 -0.103767
36 26 -0.304384
27 27 1
28 27 -0.340927
29 27 -0.0110305
33 27 -0.00529884
34 27 -0.0143488
35 27 -0.0387459
36 27 -0.103777
37 27 -0.304386
28 28 1
29 28 -0.340398
30 28 -0.00979845
34 28 -0.0053193
35 28 -0.0143549
36 28 -0.0387408
37 28 -0.103755
38 28 -0.304332
29 29 1
30 29 -0.335926
35 29 -0.0053051
36 29 -0.0143086
37 29 -0.0386124
38 29 -0.103426
39 29 -0.30384
30 30 1
36 30 -0.00512063
37 30 -0.0138106
38 30 -0.037248
39 30 -0.100788
40 30 -0.300031
31 31 1
32 31 -0.297489
33 31 -0.0100245
41 31 -0.27027
32 32 1
33 32 -0.337896
34 32 -0.0129129
35 32 -0.0047119
41 32 -0.089204
42 32 -0.299857
33 33 1
34 33 -0.345996
35 33 -0.0150909
36 33 -0.00491543
41 33 -0.0337564
42 33 -0.103181
43 33 -0.305364
34 34 1
35 34 -0.348321
36 34 -0.0152841
37 34 -0.00495446
41 34 -0.0129023
42 34 -0.0397968
43 34 -0.106063
44 34 -0.306545
35 35 1
36 35 -0.348889
37 35 -0.0153298
38 35 -0.00496041
41 35 -0.00544226
42 35 -0.0168914
43 35 -0.0416239
44 35 -0.106914
45 35 -0.306941
36 36 1
37 36 -0.348991
38 36 -0.0153158
39 36 -0.00492113
42 36 -0.00701384
43 36 -0.0176585
44 36 -0.0420031
45 36 -0.107116
46 36 -0.307019
37 37 1
38 37 -0.348854
39 37 -0.0149964
40 37 -0.00424009
43 37 -0.00732717
44 37 -0.0178191
45 37 -0.0420887
46 37 -0.107146
47 37 -0.307017
38 38 1
39 38 -0.347764
40 38 -0.0129092
44 38 -0.00738676
45 38 -0.0178383
46 38 -0.0420619
47 38 -0.107056
48 38 -0.30688
39 39 1
40 39 -0.341441
45 39 -0.00734151
46 39 -0.0176961
47 39 -0.0417199
48 39 -0.106435
49 39 -0.306054
40 40 1
46 40 -0.00692836
47 40 -0.0166606
48 40 -0.0396723
49 40 -0.102892
50 40 -0.301346
41 41 1
42 41 -0.298091
43 41 -0.0105327
44 41 -0.00400073
51 41 -0.270356
42 42 1
43 42 -0.339681
44 42 -0.015329
45 42 -0.00580673
51 42 -0.0895073
52 42 -0.300269
43 43 1
44 43 -0.349281
45 43 -0.0169476
46 43 -0.00618891
51 43 -0.0342235
52 43 -0.103992
53 43 -0.306145
44 44 1
45 44 -0.352031
46 44 -0.017322
47 44 -0.00627585
51 44 -0.0146514
52 44 -0.0412235
53 44 -0.107474
54 44 -0.3077
45 45 1
46 45 -0.35281
47 45 -0.0174096
48 45 -0.00628415
51 45 -0.00628299
52 45 -0.018098
53 45 -0.0431154
54 45 -0.108487
55 45 -0.308175
46 46 1
47 46 -0.352968
48 46 -0.017364
49 46 -0.00618497
52 46 -0.00775122
53 46 -0.0189908
54 46 -0.0436307
55 46 -0.10877
56 46 -0.308296
47 47 1
48 47 -0.35267
49 47 -0.0167981
50 47 -0.00513613
53 47 -0.00812942
54 47 -0.0192235
55 47 -0.0437574
56 47 -0.108813
57 47 -0.30828
48 48 1
49 48 -0.351026
50 48 -0.0140306
54 48 -0.00821273
55 48 -0.0192428
56 48 -0.0436942
57 48 -0.108637
58 48 -0.308041
49 49 1
50 49 -0.343536
55 49 -0.00813273
56 49 -0.0190025
57 49 -0.0431568
58 49 -0.107751
59 49 -0.306959
50 50 1
56 50 -0.00756609
57 50 -0.0176202
58 50 -0.0406286
59 50 -0.103679
60 50 -0.3018
51 51 1
52 51 -0.29837
53 51 -0.0108752
54 51 -0.0045597
61 51 -0.270394
52 52 1
53 52 -0.340525
54 52 -0.0161409
55 52 -0.00625909
61 52 -0.089644
62 52 -0.300446
53 53 1
54 53 -0.350749
55 53 -0.0177972
56 53 -0.00670042
61 53 -0.0344758
62 53 -0.104375
63 53 -0.306512
54 54 1
55 54 -0.353808
56 54 -0.0182629
57 54 -0.00681829
61 54 -0.0150506
62 54 -0.0417914
63 54 -0.108116
64 54 -0.308242
55 55 1
56 55 -0.354727
57 55 -0.0183766
58 55 -0.00682332
61 55 -0.00652908
62 55 -0.018616
63 55 -0.0438144
64 55 -0.109249
65 55 -0.30878
56 56 1
57 56 -0.354913
58 56 -0.0182953
59 56 -0.00667339
62 56 -0.00807656
63 56 -0.0195985
64 56 -0.044414
65 56 -0.109585
66 56 -0.308929
57 57 1
58 57 -0.354485
59 57 -0.0175691
60 57 -0.00544282
63 57 -0.00849923
64 57 -0.019876
65 57 -0.0445657
66 57 -0.109632
67 57 -0.308897
58 58 1
59 58 -0.352482
60 58 -0.0144647
64 58 -0.00859518
65 58 -0.01989
66 58 -0.0444687
67 58 -0.109388
68 58 -0.308582
59 59 1
60 59 -0.344386
65 59 -0.00848941
66 59 -0.0195792
67 59 -0.0438027
68 59 -0.108334
69 59 -0.307347
60 60 1
66 60 -0.00783772
67 60 -0.0180133
68 60 -0.0410246
69 60 -0.103996
70 60 -0.301974
61 61 1
62 61 -0.298482
63 61 -0.0110006
64 61 -0.00469446
71 61 -0.270409
62 62 1
63 62 -0.340891
64 62 -0.0164448
65 62 -0.0064555
71 62 -0.0897004
72 62 -0.300522
63 63 1
64 63 -0.351401
65 63 -0.0181908
66 63 -0.00693552
71 63 -0.0345781
72 63 -0.104544
73 63 -0.306679
64 64 1
65 64 -0.354649
66 64 -0.0187112
67 64 -0.00707153
71 64 -0.0151851
72 64 -0.0420272
73 64 -0.108404
74 64 -0.308492
65 65 1
66 65 -0.355661
67 65 -0.0188399
68 65 -0.00707233
71 65 -0.00662499
72 65 -0.0188448
73 65 -0.0441403
74 65 -0.109613
75 65 -0.309074
66 66 1
67 66 -0.355861
68 66 -0.0187316
69 66 -0.00688936
72 66 -0.00822538
73 66 -0.0198854
74 66 -0.0447922
75 66 -0.109984
76 66 -0.309239
67 67 1
68 67 -0.355348
69 67 -0.0179131
70 67 -0.00556965
73 67 -0.00867573
74 67 -0.02019
75 67 -0.044959
76 67 -0.110031
77 67 -0.309197
68 68 1
69 68 -0.353143
70 68 -0.0146467
74 68 -0.00877862
75 68 -0.0201991
76 68 -0.0448385
77 68 -0.109744
78 68 -0.308835
69 69 1
70 69 -0.344748
75 69 -0.00865722
76 69 -0.0198458
77 69 -0.0440986
78 69 -0.108598
79 69 -0.307518
70 70 1
76 70 -0.00796103
77 70 -0.0181868
78 70 -0.0411968
79 70 -0.10413
80 70 -0.302047
71 71 1
72 71 -0.298527
73 71 -0.0110492
74 71 -0.00474161
81 71 -0.270414
72 72 1
73 72 -0.341048
74 72 -0.0165715
75 72 -0.00654316
81 72 -0.0897235
82 72 -0.300554
73 73 1
74 73 -0.351693
75 73 -0.0183742
76 73 -0.00704697
81 73 -0.0346205
82 73 -0.104618
83 73 -0.306753
74 74 1
75 74 -0.355047
76 74 -0.0189272
77 74 -0.00719346
81 74 -0.0152394
82 74 -0.0421298
83 74 -0.108535
84 74 -0.308607
75 75 1
76 75 -0.356115
77 75 -0.0190644
78 75 -0.00719121
81 75 -0.00666659
82 75 -0.0189485
83 75 -0.0442926
84 75 -0.109786
85 75 -0.309216
76 76 1
77 76 -0.356322
78 76 -0.0189393
79 76 -0.00698924
82 76 -0.00829467
83 76 -0.020022
84 76 -0.0449745
85 76 -0.110179
86 76 -0.309391
77 77 1
78 77 -0.355759
79 77 -0.0180711
80 77 -0.00562592
83 77 -0.00876047
84 77 -0.0203419
85 77 -0.0451502
86 77 -0.110225
87 77 -0.309342
78 78 1
79 78 -0.353447
80 78 -0.0147269
84 78 -0.00886717
85 78 -0.020348
86 78 -0.0450158
87 78 -0.109913
88 78 -0.308954
79 79 1
80 79 -0.344909
85 79 -0.00873722
86 79 -0.0199712
87 79 -0.0442362
88 79 -0.108719
89 79 -0.307596
80 80 1
86 80 -0.00801845
87 80 -0.0182659
88 80 -0.0412741
89 80 -0.104189
90 80 -0.302078
81 81 1
82 81 -0.298545
83 81 -0.0110695
84 81 -0.00476105
91 81 -0.270417
82 82 1
83 82 -0.341117
84 82 -0.0166273
85 82 -0.00658315
91 82 -0.0897332
92 82 -0.300568
83 83 1
84 83 -0.351826
85 83 -0.0184601
86 83 -0.00710011
91 83 -0.0346387
92 83 -0.10465
93 83 -0.306786
84 84 1
85 84 -0.355235
86 84 -0.0190312
87 84 -0.00725245
91 84 -0.015263
92 84 -0.0421758
93 84 -0.108595
94 84 -0.308661
85 85 1
86 85 -0.356335
87 85 -0.0191733
88 85 -0.00724841
91 85 -0.00668539
92 85 -0.0189962
93 85 -0.044364
94 85 -0.109868
95 85 -0.309284
86 86 1
87 86 -0.356545
88 86 -0.0190387
89 86 -0.00703627
92 86 -0.00832722
93 86 -0.020087
94 86 -0.0450623
95 86 -0.110273
96 86 -0.309465
87 87 1
88 87 -0.355956
89 87 -0.0181448
90 87 -0.00565168
93 87 -0.00880113
94 87 -0.0204154
95 87 -0.0452429
96 87 -0.110319
97 87 -0.309411
88 88 1
89 88 -0.353589
90 88 -0.0147633
94 88 -0.00890988
95 88 -0.0204198
96 88 -0.045101
97 88 -0.109994
98 88 -0.30901
89 89 1
90 89 -0.344982
95 89 -0.0087755
96 89 -0.0200308
97 89 -0.044301
98 89 -0.108775
99 89 -0.307631
90 90 1
96 90 -0.00804552
97 90 -0.0183027
98 90 -0.0413096
99 90 -0.104216
100 90 -0.302092
91 91 1
92 91 -0.298553
93 91 -0.0110784
94 91 -0.0047696
92 92 1
93 92 -0.341147
94 92 -0.0166525
95 92 -0.00660165
93 93 1
94 93 -0.351888
95 93 -0.0185005
96 93 -0.00712546
94 94 1
95 94 -0.355324
96 94 -0.0190812
97 94 -0.00728094
95 95 1
96 95 -0.35644
97 95 -0.0192259
98 95 -0.00727596
96 96 1
97 96 -0.356653
98 96 -0.0190864
99 96 -0.00705858
97 97 1
98 97 -0.35605
99 97 -0.0181796
100 97 -0.00566368
98 98 1
99 98 -0.353656
100 98 -0.0147801
99 99 1
100 99 -0.345016
100 100 1
