1 1 1
2 1 -0.25
11 1 -0.25
2 2 1
3 2 -0.266667
11 2 -0.0666667
12 2 -0.266667
3 3 1
4 3 -0.267857
11 3 -0.0178571
12 3 -0.0714286
13 3 -0.267857
4 4 1
5 4 -0.267943
11 4 -0.00478469
12 4 -0.0191388
13 4 -0.0717703
14 4 -0.267943
5 5 1
6 5 -0.267949
12 5 -0.00512821
13 5 -0.0192308
14 5 -0.0717949
15 5 -0.267949
6 6 1
7 6 -0.267949
13 6 -0.00515287
14 6 -0.0192374
15 6 -0.0717966
16 6 -0.267949
7 7 1
8 7 -0.267949
14 7 -0.00515464
15 7 -0.0192378
16 7 -0.0717968
17 7 -0.267949
8 8 1
9 8 -0.267949
15 8 -0.00515477
16 8 -0.0192379
17 8 -0.0717968
18 8 -0.267949
9 9 1
10 9 -0.267949
16 9 -0.00515478
17 9 -0.0192379
18 9 -0.0717968
19 9 -0.267949
10 10 1
17 10 -0.00515478
18 10 -0.0192379
19 10 -0.0717968
20 10 -0.267949
11 11 1
12 11 -0.287179
13 11 -0.00512821
21 11 -0.267949
12 12 1
13 12 -0.317888
14 12 -0.00602427
21 12 -0.0843398
22 12 -0.293683
13 13 1
14 13 -0.321869
15 13 -0.00612115
21 13 -0.0286344
22 13 -0.0944058
23 13 -0.296978
14 14 1
15 14 -0.322378
16 14 -0.00613215
21 14 -0.00974443
22 14 -0.0322221
23 14 -0.0957268
24 14 -0.297409
15 15 1
16 15 -0.32244
17 15 -0.00613341
21 15 -0.00331752
22 15 -0.0109684
23 15 -0.0326866
24 15 -0.0958954
25 15 -0.297463
16 16 1
17 16 -0.322448
18 16 -0.00613355
22 16 -0.00373436
23 16 -0.0111268
24 16 -0.0327454
25 16 -0.0959161
26 16 -0.297469
17 17 1
18 17 -0.322449
19 17 -0.00613357
23 17 -0.00378832
24 17 -0.0111469
25 17 -0.0327525
26 17 -0.0959186
27 17 -0.29747
18 18 1
19 18 -0.322329
20 18 -0.00572253
24 18 -0.00379503
25 18 -0.011149
26 18 -0.0327524
27 18 -0.0959161
28 18 -0.297461
19 19 1
20 19 -0.320507
25 19 -0.00379269
26 19 -0.01114
27 19 -0.0327252
28 19 -0.0958341
29 19 -0.297317
20 20 1
26 20 -0.00373223
27 20 -0.0109622
28 20 -0.0321965
29 20 -0.0946445
30 20 -0.295296
21 21 1
22 21 -0.295467
23 21 -0.00867418
24 21 -0.00291896
31 21 -0.269926
22 22 1
23 22 -0.333125
24 22 -0.0117543
25 22 -0.00363473
31 22 -0.088227
32 22 -0.298602
23 23 1
24 23 -0.340036
25 23 -0.0123615
26 23 -0.0037462
31 23 -0.0324921
32 23 -0.101062
33 23 -0.303376
24 24 1
25 24 -0.341396
26 24 -0.012464
27 24 -0.00376465
31 24 -0.0130282
32 24 -0.0380491
33 24 -0.103481
34 24 -0.304323
25 25 1
26 25 -0.341651
27 25 -0.0124812
28 25 -0.0037672
31 25 -0.00518061
32 25 -0.0153584
33 25 -0.0391133
34 25 -0.103957
35 25 -0.304506
26 26 1
27 26 -0.341694
28 26 -0.0124791
29 26 -0.00375685
31 26 -0.00205484
32 26 -0.0061024
33 26 -0.0157961
34 26 -0.0393166
35 26 -0.104046
36 26 -0.304539
27 27 1
28 27 -0.341636
29 27 -0.0123198
30 27 -0.00333843
32 27 -0.0024202
33 27 -0.00627549
34 27 -0.0158784
35 27 -0.0393528
36 27 -0.104059
37 27 -0.304539
28 28 1
29 28 -0.341052
30 28 -0.0109434
33 28 -0.00248791
34 28 -0.00630563
35 28 -0.0158867
36 28 -0.0393426
37 28 -0.10402
38 28 -0.304476
29 29 1
30 29 -0.336508
34 29 -0.00248967
35 29 -0.0062833
36 29 -0.0158172
37 29 -0.0391624
38 29 -0.10367
39 29 -0.303972
30 30 1
35 30 -0.00238861
36 30 -0.00602237
37 30 -0.0151366
38 30 -0.037731
39 30 -0.101
40 30 -0.300143
31 31 1
32 31 -0.297574
33 31 -0.010188
34 31 -0.00407098
41 31 -0.27028
32 32 1
33 32 -0.338155
34 32 -0.0146017
35 32 -0.00532504
36 32 -0.00207812
41 32 -0.0892426
42 32 -0.299901
33 33 1
34 33 -0.346961
35 33 -0.0157174
36 33 -0.00629398
37 33 -0.00217653
41 33 -0.0338491
42 33 -0.103292
43 33 -0.305458
34 34 1
35 34 -0.349139
36 34 -0.016242
37 34 -0.00638967
38 34 -0.0021952
41 34 -0.0143788
42 34 -0.040478
43 34 -0.106454
44 34 -0.306818
35 35 1
36 35 -0.349777
37 35 -0.0163079
38 35 -0.00639741
39 35 -0.00217684
41 35 -0.0060474
42 35 -0.0174161
43 35 -0.0420357
44 35 -0.10724
45 35 -0.307155
36 36 1
37 36 -0.349908
38 36 -0.0162528
39 36 -0.00624438
41 36 -0.00275416
42 36 -0.00804473
43 36 -0.0183736
44 36 -0.0425135
45 36 -0.107473
46 36 -0.307261
37 37 1
38 37 -0.349709
39 37 -0.0158183
40 37 -0.00465079
42 37 -0.00358411
43 37 -0.00846459
44 37 -0.0185882
45 37 -0.0426155
46 37 -0.107511
47 37 -0.307255
38 38 1
39 38 -0.348468
40 38 -0.0132123
43 38 -0.00375976
44 38 -0.00854756
45 38 -0.0186053
46 38 -0.0425683
47 38 -0.107392
48 38 -0.307089
39 39 1
40 39 -0.341809
44 39 -0.00376043
45 39 -0.00847218
46 39 -0.0183986
47 39 -0.0421602
48 39 -0.106707
49 39 -0.306217
40 40 1
45 40 -0.00328617
46 40 -0.00723274
47 40 -0.0169793
48 40 -0.0398839
49 40 -0.103027
50 40 -0.301415
41 41 1
42 41 -0.298222
43 41 -0.010769
44 41 -0.00456153
51 41 -0.270373
42 42 1
43 42 -0.340029
44 42 -0.0158935
45 42 -0.00622499
46 42 -0.00279274
51 42 -0.0895654
52 42 -0.300332
43 43 1
44 43 -0.349905
45 43 -0.0174305
46 43 -0.00766246
47 43 -0.00299516
51 43 -0.0343554
52 43 -0.104141
53 43 -0.306272
44 44 1
45 44 -0.352719
46 44 -0.018268
47 44 -0.00785674
48 44 -0.00303529
51 44 -0.0149491
52 44 -0.0415273
53 44 -0.107737
54 44 -0.307903
45 45 1
46 45 -0.353702
47 45 -0.018393
48 45 -0.00785426
49 45 -0.00295902
51 45 -0.0064564
52 45 -0.0184175
53 45 -0.0434348
54 45 -0.108771
55 45 -0.308379
46 46 1
47 46 -0.353901
48 46 -0.0182432
49 46 -0.00748691
50 46 -0.00223167
51 46 -0.00308077
52 46 -0.00894378
53 46 -0.0197081
54 46 -0.0441307
55 46 -0.109135
56 46 -0.308551
47 47 1
48 47 -0.353513
49 47 -0.0175021
50 47 -0.00602833
52 47 -0.00414505
53 47 -0.00954576
54 47 -0.0200424
55 47 -0.044295
56 47 -0.109189
57 47 -0.308529
48 48 1
49 48 -0.35169
50 48 -0.0144642
53 48 -0.00439912
54 48 -0.00967282
55 48 -0.020055
56 48 -0.0441886
57 48 -0.108971
58 48 -0.308253
49 49 1
50 49 -0.343945
54 49 -0.00438784
55 49 -0.00952081
56 49 -0.0196848
57 49 -0.0435577
58 49 -0.108009
59 49 -0.307114
50 50 1
55 50 -0.00400246
56 50 -0.00859877
57 50 -0.0180895
58 50 -0.0408823
59 50 -0.10383
60 50 -0.30188
51 51 1
52 51 -0.298455
53 51 -0.0110034
54 51 -0.00477722
55 51 -0.00204049
61 51 -0.270404
52 52 1
53 52 -0.340796
54 52 -0.0164807
55 52 -0.00734059
56 52 -0.00312839
61 52 -0.0896848
62 52 -0.300497
53 53 1
54 53 -0.351241
55 53 -0.0185415
56 53 -0.00836001
57 53 -0.00340378
61 53 -0.0345611
62 53 -0.104496
63 53 -0.306622
54 54 1
55 54 -0.354582
56 54 -0.0193189
57 54 -0.00863039
58 54 -0.00345915
61 54 -0.0152005
62 54 -0.0420003
63 54 -0.108327
64 54 -0.308413
55 55 1
56 55 -0.355746
57 55 -0.0195002
58 55 -0.0086286
59 55 -0.00336754
61 55 -0.00735387
62 55 -0.019143
63 55 -0.0442164
64 55 -0.109573
65 55 -0.309021
56 56 1
57 56 -0.355972
58 56 -0.0193033
59 56 -0.00820019
60 56 -0.0026589
61 56 -0.0034923
62 56 -0.00947626
63 56 -0.0204231
64 56 -0.0449789
65 56 -0.110003
66 56 -0.309218
57 57 1
58 57 -0.355432
59 57 -0.0183751
60 57 -0.00653925
62 57 -0.00446835
63 57 -0.0101214
64 57 -0.0208153
65 57 -0.045182
66 57 -0.110059
67 57 -0.309178
58 58 1
59 58 -0.353228
60 58 -0.0149981
62 58 -0.00207959
63 58 -0.00474351
64 58 -0.0102701
65 58 -0.0208259
66 58 -0.0450343
67 58 -0.109764
68 58 -0.30882
59 59 1
60 59 -0.344868
63 59 -0.00216821
64 59 -0.00472687
65 59 -0.0100838
66 59 -0.0203737
67 59 -0.0442596
68 59 -0.108625
69 59 -0.307521
60 60 1
64 60 -0.00200174
65 60 -0.00429586
66 60 -0.00906872
67 60 -0.0185788
68 60 -0.0413279
69 60 -0.104175
70 60 -0.302071
61 61 1
62 61 -0.298568
63 61 -0.0111367
64 61 -0.00495301
65 61 -0.00232458
71 61 -0.270419
62 62 1
63 62 -0.341177
64 62 -0.0168337
65 62 -0.00777703
66 62 -0.00341756
71 62 -0.0897417
72 62 -0.300574
63 63 1
64 63 -0.351943
65 63 -0.0191057
66 63 -0.00881749
67 63 -0.00371818
71 63 -0.0346682
72 63 -0.104671
73 63 -0.306795
64 64 1
65 64 -0.355565
66 64 -0.0199303
67 64 -0.00911668
68 64 -0.0037701
71 64 -0.0153565
72 64 -0.042261
73 64 -0.108638
74 64 -0.308681
65 65 1
66 65 -0.356853
67 65 -0.0201186
68 65 -0.00906993
69 65 -0.00357787
71 65 -0.00757767
72 65 -0.0194822
73 65 -0.0446236
74 65 -0.109998
75 65 -0.309361
66 66 1
67 66 -0.357086
68 66 -0.0198679
69 66 -0.00855315
70 66 -0.00280748
71 66 -0.00363731
72 66 -0.00979119
73 66 -0.0208364
74 66 -0.0454507
75 66 -0.110474
76 66 -0.309578
67 67 1
68 67 -0.356432
69 67 -0.0188082
70 67 -0.00675287
72 67 -0.00466679
73 67 -0.0104812
74 67 -0.0212628
75 67 -0.0456686
76 67 -0.110526
77 67 -0.309522
68 68 1
69 68 -0.353987
70 68 -0.0152342
72 68 -0.00219151
73 68 -0.00495875
74 68 -0.0106325
75 68 -0.0212512
76 68 -0.0454836
77 68 -0.110176
78 68 -0.309108
69 69 1
70 69 -0.345291
73 69 -0.00227937
74 69 -0.00492227
75 69 -0.0103829
76 69 -0.0207267
77 69 -0.0446129
78 69 -0.108928
79 69 -0.307716
70 70 1
74 70 -0.00209195
75 70 -0.00444057
76 70 -0.00928166
77 70 -0.0188072
78 70 -0.0415352
79 70 -0.104332
80 70 -0.302156
71 71 1
72 71 -0.298621
73 71 -0.0111985
74 71 -0.00502583
75 71 -0.0024002
81 71 -0.270425
72 72 1
73 72 -0.341367
74 72 -0.0170061
75 72 -0.00795595
76 72 -0.00354124
81 72 -0.089769
82 72 -0.300612
73 73 1
74 73 -0.352305
75 73 -0.0193819
76 73 -0.00904804
77 73 -0.00386033
81 73 -0.0347201
82 73 -0.10476
83 73 -0.306883
74 74 1
75 74 -0.35608
76 74 -0.020256
77 74 -0.00936599
78 74 -0.00391045
81 74 -0.0154297
82 74 -0.0423924
83 74 -0.1088
84 74 -0.308822
75 75 1
76 75 -0.357449
77 75 -0.0204509
78 75 -0.00930047
79 75 -0.00368856
81 75 -0.0076642
82 75 -0.0196411
83 75 -0.0448313
84 75 -0.110222
85 75 -0.309543
76 76 1
77 76 -0.357684
78 76 -0.020164
79 76 -0.00873281
80 76 -0.0028752
81 76 -0.00369979
82 76 -0.00994102
83 76 -0.0210503
84 76 -0.0457028
85 76 -0.110728
86 76 -0.309773
77 77 1
78 77 -0.356956
79 77 -0.0190264
80 77 -0.00685287
82 77 -0.00476315
83 77 -0.0106625
84 77 -0.0214996
85 77 -0.0459306
86 77 -0.110776
87 77 -0.309705
78 78 1
79 78 -0.35437
80 78 -0.0153455
82 78 -0.0022464
83 78 -0.0050669
84 78 -0.0108168
85 78 -0.0214767
86 78 -0.0457209
87 78 -0.110391
88 78 -0.309256
79 79 1
80 79 -0.345494
83 79 -0.00233591
84 79 -0.00502269
85 79 -0.0105399
86 79 -0.0209093
87 79 -0.0447931
88 79 -0.109079
89 79 -0.307812
80 80 1
84 80 -0.00213779
85 80 -0.00451479
86 80 -0.00938741
87 80 -0.0189196
88 80 -0.0416359
89 80 -0.104407
90 80 -0.302195
81 81 1
82 81 -0.298646
83 81 -0.0112275
84 81 -0.00505828
85 81 -0.00243026
91 81 -0.270429
82 82 1
83 82 -0.34146
84 82 -0.0170903
85 82 -0.00803907
86 82 -0.0036006
91 82 -0.0897821
92 82 -0.30063
83 83 1
84 83 -0.35249
85 83 -0.0195208
86 83 -0.00916532
87 83 -0.00393208
91 83 -0.0347453
92 83 -0.104804
93 83 -0.306928
84 84 1
85 84 -0.356349
86 84 -0.0204273
87 84 -0.00949584
88 84 -0.00398205
91 84 -0.015465
92 84 -0.0424583
93 84 -0.108883
94 84 -0.308896
85 85 1
86 85 -0.357766
87 85 -0.0206275
88 85 -0.00942153
89 85 -0.00374655
91 85 -0.00770431
92 85 -0.0197195
93 85 -0.0449379
94 85 -0.110339
95 85 -0.309638
86 86 1
87 86 -0.358002
88 86 -0.0203196
89 86 -0.00882574
90 86 -0.00290894
91 86 -0.0037301
92 86 -0.010016
93 86 -0.021161
94 86 -0.045836
95 86 -0.110863
96 86 -0.309877
87 87 1
88 87 -0.357231
89 87 -0.0191382
90 87 -0.00690248
92 87 -0.00481217
93 87 -0.0107564
94 87 -0.0216245
95 87 -0.0460702
96 87 -0.11091
97 87 -0.309802
88 88 1
89 88 -0.354566
90 88 -0.0154004
92 88 -0.00227454
93 88 -0.00512311
94 88 -0.0109133
95 88 -0.021596
96 88 -0.0458461
97 88 -0.110504
98 88 -0.309333
89 89 1
90 89 -0.345594
93 89 -0.00236534
94 89 -0.00507525
95 89 -0.0106224
96 89 -0.0210045
97 89 -0.0448861
98 89 -0.109157
99 89 -0.30786
90 90 1
94 90 -0.00216166
95 90 -0.00455339
96 90 -0.00944164
97 90 -0.0189766
98 90 -0.0416864
99 90 -0.104444
100 90 -0.302215
91 91 1
92 91 -0.298658
93 91 -0.0112416
94 91 -0.00507384
95 91 -0.00244437
92 92 1
93 92 -0.341507
94 92 -0.0171324
95 92 -0.00808022
96 92 -0.00363048
93 93 1
94 93 -0.352585
95 93 -0.019592
96 93 -0.00922587
97 93 -0.00396932
94 94 1
95 94 -0.35649
96 94 -0.0205173
97 94 -0.00956406
98 94 -0.00401954
95 95 1
96 95 -0.357934
97 95 -0.020721
98 95 -0.00948535
99 95 -0.00377697
96 96 1
97 96 -0.358172
98 96 -0.0204015
99 96 -0.00887422
100 96 -0.00292626
97 97 1
98 97 -0.357376
99 97 -0.0191962
100 97 -0.0069278
98 98 1
99 98 -0.354667
100 98 -0.0154283
99 99 1
100 99 -0.345645
100 100 1
