1 1 1
2 1 -0.25
21 1 -0.25
2 2 1
3 2 -0.266667
21 2 -0.0666667
22 2 -0.266667
3 3 1
4 3 -0.267857
21 3 -0.0178571
22 3 -0.0714286
23 3 -0.267857
4 4 1
5 4 -0.267943
21 4 -0.00478469
22 4 -0.0191388
23 4 -0.0717703
24 4 -0.267943
5 5 1
6 5 -0.267949
21 5 -0.00128205
22 5 -0.00512821
23 5 -0.0192308
24 5 -0.0717949
25 5 -0.267949
6 6 1
7 6 -0.267949
22 6 -0.0013741
23 6 -0.00515287
24 6 -0.0192374
25 6 -0.0717966
26 6 -0.267949
7 7 1
8 7 -0.267949
23 7 -0.00138071
24 7 -0.00515464
25 7 -0.0192378
26 7 -0.0717968
27 7 -0.267949
8 8 1
9 8 -0.267949
24 8 -0.00138118
25 8 -0.00515477
26 8 -0.0192379
27 8 -0.0717968
28 8 -0.267949
9 9 1
10 9 -0.267949
25 9 -0.00138122
26 9 -0.00515478
27 9 -0.0192379
28 9 -0.0717968
29 9 -0.267949
10 10 1
11 10 -0.267949
26 10 -0.00138122
27 10 -0.00515478
28 10 -0.0192379
29 10 -0.0717968
30 10 -0.267949
11 11 1
12 11 -0.267949
27 11 -0.00138122
28 11 -0.00515478
29 11 -0.0192379
30 11 -0.0717968
31 11 -0.267949
12 12 1
13 12 -0.267949
28 12 -0.00138122
29 12 -0.00515478
30 12 -0.0192379
31 12 -0.0717968
32 12 -0.267949
13 13 1
14 13 -0.267949
29 13 -0.00138122
30 13 -0.00515478
31 13 -0.0192379
32 13 -0.0717968
33 13 -0.267949
14 14 1
15 14 -0.267949
30 14 -0.00138122
31 14 -0.00515478
32 14 -0.0192379
33 14 -0.0717968
34 14 -0.267949
15 15 1
16 15 -0.267949
31 15 -0.00138122
32 15 -0.00515478
33 15 -0.0192379
34 15 -0.0717968
35 15 -0.267949
16 16 1
17 16 -0.267949
32 16 -0.00138122
33 16 -0.00515478
34 16 -0.0192379
35 16 -0.0717968
36 16 -0.267949
17 17 1
18 17 -0.267949
33 17 -0.00138122
34 17 -0.00515478
35 17 -0.0192379
36 17 -0.0717968
37 17 -0.267949
18 18 1
19 18 -0.267949
34 18 -0.00138122
35 18 -0.00515478
36 18 -0.0192379
37 18 -0.0717968
38 18 -0.267949
19 19 1
20 19 -0.267949
35 19 -0.00138122
36 19 -0.00515478
37 19 -0.0192379
38 19 -0.0717968
39 19 -0.267949
20 20 1
36 20 -0.00138122
37 20 -0.00515478
38 20 -0.0192379
39 20 -0.0717968
40 20 -0.267949
21 21 1
22 21 -0.287187
23 21 -0.00515287
24 21 -0.0013741
41 21 -0.267949
22 22 1
23 22 -0.317906
24 22 -0.00648581
25 22 -0.00161421
41 22 -0.0843424
42 22 -0.293685
23 23 1
24 23 -0.322037
25 23 -0.0066696
26 23 -0.00164018
41 23 -0.0286442
42 23 -0.0944123
43 23 -0.296982
24 24 1
25 24 -0.322612
26 24 -0.00669138
27 24 -0.0016433
41 24 -0.0102016
42 24 -0.0323808
43 24 -0.0957881
44 24 -0.297444
25 25 1
26 25 -0.322689
27 25 -0.00669409
28 25 -0.00164369
41 25 -0.00362117
42 25 -0.0115597
43 25 -0.0328933
44 25 -0.0959796
45 25 -0.297508
26 26 1
27 26 -0.3227
28 26 -0.00669443
29 26 -0.00164374
41 26 -0.00128389
42 26 -0.00410216
43 26 -0.0117437
44 26 -0.0329633
45 26 -0.0960053
46 26 -0.297516
27 27 1
28 27 -0.322701
29 27 -0.00669448
30 27 -0.00164374
42 27 -0.00145438
43 27 -0.00416734
44 27 -0.0117687
45 27 -0.0329726
46 27 -0.0960086
47 27 -0.297517
28 28 1
29 28 -0.322701
30 28 -0.00669448
31 28 -0.00164374
43 28 -0.00147749
44 28 -0.00417621
45 28 -0.011772
46 28 -0.0329738
47 28 -0.0960091
48 28 -0.297517
29 29 1
30 29 -0.322701
31 29 -0.00669448
32 29 -0.00164375
44 29 -0.00148063
45 29 -0.00417738
46 29 -0.0117724
47 29 -0.032974
48 29 -0.0960091
49 29 -0.297517
30 30 1
31 30 -0.322701
32 30 -0.00669448
33 30 -0.00164375
45 30 -0.00148105
46 30 -0.00417754
47 30 -0.0117725
48 30 -0.032974
49 30 -0.0960091
50 30 -0.297517
31 31 1
32 31 -0.322701
33 31 -0.00669448
34 31 -0.00164375
46 31 -0.00148111
47 31 -0.00417756
48 31 -0.0117725
49 31 -0.032974
50 31 -0.0960091
51 31 -0.297517
32 32 1
33 32 -0.322701
34 32 -0.00669448
35 32 -0.00164375
47 32 -0.00148111
48 32 -0.00417756
49 32 -0.0117725
50 32 -0.032974
51 32 -0.0960091
52 32 -0.297517
33 33 1
34 33 -0.322701
35 33 -0.00669448
36 33 -0.00164375
48 33 -0.00148111
49 33 -0.00417756
50 33 -0.0117725
51 33 -0.032974
52 33 -0.0960091
53 33 -0.297517
34 34 1
35 34 -0.322701
36 34 -0.00669448
37 34 -0.00164375
49 34 -0.00148111
50 34 -0.00417756
51 34 -0.0117725
52 34 -0.032974
53 34 -0.0960091
54 34 -0.297517
35 35 1
36 35 -0.322701
37 35 -0.00669448
38 35 -0.00164375
50 35 -0.00148111
51 35 -0.00417756
52 35 -0.0117725
53 35 -0.032974
54 35 -0.0960091
55 35 -0.297517
36 36 1
37 36 -0.322701
38 36 -0.00669448
39 36 -0.00164375
51 36 -0.00148111
52 36 -0.00417756
53 36 -0.0117725
54 36 -0.032974
55 36 -0.0960091
56 36 -0.297517
37 37 1
38 37 -0.322692
39 37 -0.00666496
40 37 -0.00153363
52 37 -0.00148111
53 37 -0.00417755
54 37 -0.0117725
55 37 -0.0329739
56 37 -0.0960089
57 37 -0.297517
38 38 1
39 38 -0.322562
40 38 -0.00621827
53 38 -0.00148102
54 38 -0.0041773
55 38 -0.0117718
56 38 -0.0329719
57 38 -0.096003
58 38 -0.297506
39 39 1
40 39 -0.320724
54 39 -0.00147937
55 39 -0.00417264
56 39 -0.0117586
57 39 -0.0329335
58 39 -0.0959169
59 39 -0.29736
40 40 1
55 40 -0.00145202
56 40 -0.00409528
57 40 -0.0115362
58 40 -0.0323898
59 40 -0.0947211
60 40 -0.295335
41 41 1
42 41 -0.295497
43 41 -0.00874049
44 41 -0.00310746
45 41 -0.00108929
61 41 -0.26993
42 42 1
43 42 -0.333217
44 42 -0.0119518
45 42 -0.00425143
46 42 -0.00136512
61 42 -0.0882402
62 42 -0.298616
43 43 1
44 43 -0.340218
45 43 -0.0127378
46 43 -0.00448301
47 43 -0.00140907
61 43 -0.0325268
62 43 -0.101101
63 43 -0.303408
44 44 1
45 44 -0.341685
46 44 -0.0128946
47 44 -0.00452319
48 44 -0.00141657
61 44 -0.0131224
62 44 -0.038144
63 44 -0.103555
64 44 -0.304377
45 45 1
46 45 -0.341993
47 45 -0.0129235
48 45 -0.00453052
49 45 -0.00141794
61 45 -0.00561714
62 45 -0.0156298
63 45 -0.039287
64 45 -0.104072
65 45 -0.304585
46 46 1
47 46 -0.342055
48 46 -0.0129288
49 46 -0.00453187
50 46 -0.00141819
61 46 -0.00235993
62 46 -0.00670922
63 46 -0.0161398
64 46 -0.039525
65 46 -0.104181
66 46 -0.304627
47 47 1
48 47 -0.342066
49 47 -0.0129298
50 47 -0.00453212
51 47 -0.00141823
62 47 -0.00281272
63 47 -0.0069267
64 47 -0.0162432
65 47 -0.0395734
66 47 -0.104202
67 47 -0.304636
48 48 1
49 48 -0.342069
50 48 -0.0129299
51 48 -0.00453216
52 48 -0.00141824
62 48 -0.00117379
63 48 -0.00290292
64 48 -0.00697043
65 48 -0.0162639
66 48 -0.0395828
67 48 -0.104206
68 48 -0.304637
49 49 1
50 49 -0.342069
51 49 -0.01293
52 49 -0.00453217
53 49 -0.00141824
63 49 -0.00121142
64 49 -0.00292111
65 49 -0.00697916
66 49 -0.0162679
67 49 -0.0395846
68 49 -0.104207
69 49 -0.304637
50 50 1
51 50 -0.342069
52 50 -0.01293
53 50 -0.00453217
54 50 -0.00141824
64 50 -0.00121902
65 50 -0.00292475
66 50 -0.00698085
67 50 -0.0162687
68 50 -0.0395849
69 50 -0.104207
70 50 -0.304637
51 51 1
52 51 -0.342069
53 51 -0.01293
54 51 -0.00453217
55 51 -0.00141824
65 51 -0.00122054
66 51 -0.00292546
67 51 -0.00698117
68 51 -0.0162688
69 51 -0.0395849
70 51 -0.104207
71 51 -0.304637
52 52 1
53 52 -0.342069
54 52 -0.01293
55 52 -0.00453217
56 52 -0.00141824
66 52 -0.00122084
67 52 -0.00292559
68 52 -0.00698123
69 52 -0.0162688
70 52 -0.039585
71 52 -0.104207
72 52 -0.304637
53 53 1
54 53 -0.342069
55 53 -0.01293
56 53 -0.00453217
57 53 -0.00141823
67 53 -0.00122089
68 53 -0.00292561
69 53 -0.00698124
70 53 -0.0162689
71 53 -0.039585
72 53 -0.104207
73 53 -0.304637
54 54 1
55 54 -0.342069
56 54 -0.0129299
57 54 -0.00453203
58 54 -0.00141793
68 54 -0.0012209
69 54 -0.00292562
70 54 -0.00698124
71 54 -0.0162689
72 54 -0.039585
73 54 -0.104207
74 54 -0.304637
55 55 1
56 55 -0.342069
57 55 -0.012929
58 55 -0.00452969
59 55 -0.00141301
69 55 -0.0012209
70 55 -0.00292562
71 55 -0.00698124
72 55 -0.0162689
73 55 -0.0395849
74 55 -0.104207
75 55 -0.304637
56 56 1
57 56 -0.342058
58 56 -0.0129045
59 56 -0.00446556
60 56 -0.00124757
70 56 -0.0012209
71 56 -0.0029256
72 56 -0.00698121
73 56 -0.0162688
74 56 -0.0395848
75 56 -0.104207
76 56 -0.304636
57 57 1
58 57 -0.341972
59 57 -0.0127052
60 57 -0.00394097
71 57 -0.00122082
72 57 -0.00292542
73 57 -0.00698076
74 57 -0.0162677
75 57 -0.0395821
76 57 -0.1042
77 57 -0.304627
58 58 1
59 58 -0.341338
60 58 -0.0112279
72 58 -0.00122002
73 58 -0.00292352
74 58 -0.0069762
75 58 -0.0162567
76 58 -0.0395552
77 58 -0.104149
78 58 -0.304554
59 59 1
60 59 -0.336715
73 59 -0.00121306
74 59 -0.00290684
75 59 -0.00693551
76 59 -0.0161577
77 59 -0.0393523
78 59 -0.103779
79 59 -0.304035
60 60 1
74 60 -0.00115542
75 60 -0.00276745
76 60 -0.00658854
77 60 -0.0154183
78 60 -0.0378717
79 60 -0.101077
80 60 -0.300184
61 61 1
62 61 -0.297599
63 61 -0.0102278
64 61 -0.00414828
65 61 -0.00173636
81 61 -0.270283
62 62 1
63 62 -0.338242
64 62 -0.0147257
65 62 -0.00607758
66 62 -0.0023465
81 62 -0.0892549
82 62 -0.299917
63 63 1
64 63 -0.347127
65 63 -0.0161328
66 63 -0.00659784
67 63 -0.0024675
68 63 -0.00101341
81 63 -0.0338756
82 63 -0.103331
83 63 -0.305493
64 64 1
65 64 -0.349471
66 64 -0.0165046
67 64 -0.0067132
68 64 -0.00284767
69 64 -0.00102438
81 64 -0.0144302
82 64 -0.04055
83 64 -0.106525
84 64 -0.306875
65 65 1
66 65 -0.35011
67 65 -0.0165928
68 65 -0.00688037
69 65 -0.00285895
70 65 -0.00102693
81 65 -0.00668808
82 65 -0.0177327
83 65 -0.0422304
84 65 -0.107377
85 65 -0.307256
66 66 1
67 66 -0.350274
68 66 -0.0166754
69 66 -0.00688912
70 66 -0.00286161
71 66 -0.00102752
81 66 -0.00302038
82 66 -0.00828789
83 66 -0.018579
84 66 -0.0426791
85 66 -0.107609
86 66 -0.307358
67 67 1
68 67 -0.350342
69 67 -0.0166813
70 67 -0.00689114
71 67 -0.00286222
72 67 -0.00102765
81 67 -0.00135021
82 67 -0.00372684
83 67 -0.00868405
84 67 -0.0187965
85 67 -0.042796
86 67 -0.107668
87 67 -0.307383
68 68 1
69 68 -0.350363
70 68 -0.0166836
71 68 -0.00689192
72 68 -0.00286246
73 68 -0.00102771
82 68 -0.00178706
83 68 -0.00425846
84 68 -0.00891182
85 68 -0.0189036
86 68 -0.0428485
87 68 -0.107694
88 68 -0.307397
69 69 1
70 69 -0.350368
71 69 -0.0166841
72 69 -0.0068921
73 69 -0.00286251
74 69 -0.00102772
83 69 -0.001995
84 69 -0.00435206
85 69 -0.00895741
86 69 -0.0189265
87 69 -0.0428604
88 69 -0.107702
89 69 -0.3074
70 70 1
71 70 -0.350369
72 70 -0.0166843
73 70 -0.00689214
74 70 -0.00286252
75 70 -0.00102772
84 70 -0.00203551
85 70 -0.00437237
86 70 -0.0089678
87 70 -0.018932
88 70 -0.0428639
89 70 -0.107703
90 70 -0.307401
71 71 1
72 71 -0.350369
73 71 -0.0166843
74 71 -0.00689214
75 71 -0.00286252
76 71 -0.0010277
85 71 -0.00204476
86 71 -0.00437717
87 71 -0.00897035
88 71 -0.0189337
89 71 -0.0428646
90 71 -0.107704
91 71 -0.307401
72 72 1
73 72 -0.350369
74 72 -0.0166843
75 72 -0.0068921
76 72 -0.00286242
77 72 -0.00102753
86 72 -0.002047
87 72 -0.00437837
88 72 -0.00897114
89 72 -0.018934
90 72 -0.0428648
91 72 -0.107704
92 72 -0.307401
73 73 1
74 73 -0.350369
75 73 -0.0166841
76 73 -0.00689165
77 73 -0.0028615
78 73 -0.00102598
87 73 -0.00204756
88 73 -0.00437874
89 73 -0.00897131
90 73 -0.0189341
91 73 -0.0428648
92 73 -0.107704
93 73 -0.307401
74 74 1
75 74 -0.350368
76 74 -0.0166822
77 74 -0.00688769
78 74 -0.00285378
79 74 -0.00101316
88 74 -0.00204773
89 74 -0.00437882
90 74 -0.00897134
91 74 -0.0189341
92 74 -0.0428648
93 74 -0.107704
94 74 -0.307401
75 75 1
76 75 -0.350359
77 75 -0.0166642
78 75 -0.00684934
79 75 -0.0027734
89 75 -0.00204775
90 75 -0.0043788
91 75 -0.00897128
92 75 -0.018934
93 75 -0.0428645
94 75 -0.107703
95 75 -0.3074
76 76 1
77 76 -0.350304
78 76 -0.0165642
79 76 -0.00663725
80 76 -0.00202527
90 76 -0.00204763
91 76 -0.00437854
92 76 -0.0089707
93 76 -0.0189327
94 76 -0.0428618
95 76 -0.107698
96 76 -0.307392
77 77 1
78 77 -0.350029
79 77 -0.0160687
80 77 -0.00544824
91 77 -0.00204678
92 77 -0.0043767
93 77 -0.00896676
94 77 -0.0189242
95 77 -0.0428439
96 77 -0.107667
97 77 -0.307354
78 78 1
79 78 -0.348716
80 78 -0.0135724
92 78 -0.00204178
93 78 -0.00436577
94 78 -0.00894323
95 78 -0.0188741
96 78 -0.042752
97 78 -0.107518
98 78 -0.307169
79 79 1
80 79 -0.342052
93 79 -0.00201394
94 79 -0.00430396
95 79 -0.00881024
96 79 -0.0186218
97 79 -0.0423057
98 79 -0.106803
99 79 -0.306275
80 80 1
94 80 -0.00175447
95 80 -0.00366055
96 80 -0.00802505
97 80 -0.0173183
98 80 -0.0400506
99 80 -0.103118
100 80 -0.301468
81 81 1
82 81 -0.298254
83 81 -0.0108217
84 81 -0.00466926
85 81 -0.00214505
101 81 -0.270377
82 82 1
83 82 -0.340118
84 82 -0.0160171
85 82 -0.00709703
86 82 -0.00295615
87 82 -0.00130739
101 82 -0.0895801
102 82 -0.300348
83 83 1
84 83 -0.350069
85 83 -0.0178843
86 83 -0.00786744
87 83 -0.00365567
88 83 -0.0015185
101 83 -0.0343871
102 83 -0.104181
103 83 -0.306307
84 84 1
85 84 -0.353075
86 84 -0.018472
87 84 -0.00828369
88 84 -0.00383592
89 84 -0.00155989
101 84 -0.0150119
102 84 -0.0415999
103 84 -0.107807
104 84 -0.30796
85 85 1
86 85 -0.35404
87 85 -0.0187372
88 85 -0.00841074
89 85 -0.00387554
90 85 -0.00156984
101 85 -0.00724357
102 85 -0.0187791
103 85 -0.0436469
104 85 -0.108921
105 85 -0.308491
86 86 1
87 86 -0.354385
88 86 -0.0188225
89 86 -0.00844075
90 86 -0.00388558
91 86 -0.00157244
101 86 -0.00338861
102 86 -0.00916075
103 86 -0.0198856
104 86 -0.044285
105 86 -0.109278
106 86 -0.308661
87 87 1
88 87 -0.354511
89 87 -0.0188454
90 87 -0.00844925
91 87 -0.0038885
92 87 -0.0015732
101 87 -0.0017087
102 87 -0.00473219
103 87 -0.00989093
104 87 -0.0202971
105 87 -0.0445194
106 87 -0.109408
107 87 -0.308726
88 88 1
89 88 -0.354553
90 88 -0.0188523
91 88 -0.00845192
92 88 -0.00388943
93 88 -0.00157345
102 88 -0.00232774
103 88 -0.00513197
104 88 -0.0101311
105 88 -0.0204381
106 88 -0.0446007
107 88 -0.109455
108 88 -0.30875
89 89 1
90 89 -0.354565
91 89 -0.0188543
92 89 -0.00845268
93 89 -0.0038897
94 89 -0.00157351
102 89 -0.00112976
103 89 -0.00251182
104 89 -0.00525266
105 89 -0.0102049
106 89 -0.0204818
107 89 -0.0446272
108 89 -0.109471
109 89 -0.308757
90 90 1
91 90 -0.354568
92 90 -0.0188548
93 90 -0.00845287
94 90 -0.00388975
95 90 -0.0015735
103 90 -0.00121681
104 90 -0.0025682
105 90 -0.00528928
106 90 -0.0102273
107 90 -0.0204957
108 90 -0.0446355
109 90 -0.109475
110 90 -0.308759
91 91 1
92 91 -0.354569
93 91 -0.0188549
94 91 -0.00845286
95 91 -0.00388963
96 91 -0.00157329
104 91 -0.00124386
105 91 -0.00258559
106 91 -0.00530039
107 91 -0.0102343
108 91 -0.0205
109 91 -0.0446378
110 91 -0.109476
111 91 -0.308759
92 92 1
93 92 -0.354569
94 92 -0.0188547
95 92 -0.00845238
96 92 -0.00388875
97 92 -0.00157201
105 92 -0.0012523
106 92 -0.00259093
107 92 -0.0053039
108 92 -0.0102365
109 92 -0.0205012
110 92 -0.0446385
111 92 -0.109477
112 92 -0.30876
93 93 1
94 93 -0.354568
95 93 -0.0188531
96 93 -0.00844941
97 93 -0.00388368
98 93 -0.00156481
106 93 -0.0012549
107 93 -0.00259263
108 93 -0.00530499
109 93 -0.0102371
110 93 -0.0205015
111 93 -0.0446386
112 93 -0.109477
113 93 -0.308759
94 94 1
95 94 -0.354561
96 94 -0.0188428
97 94 -0.00843089
98 94 -0.0038515
99 94 -0.00151418
107 94 -0.00125572
108 94 -0.00259314
109 94 -0.00530526
110 94 -0.0102372
111 94 -0.0205014
112 94 -0.0446383
113 94 -0.109476
114 94 -0.308758
95 95 1
96 95 -0.354524
97 95 -0.0187843
98 95 -0.00832123
99 95 -0.00364363
100 95 -0.0011302
108 95 -0.00125591
109 95 -0.00259316
110 95 -0.00530508
111 95 -0.0102367
112 95 -0.0205004
113 95 -0.0446362
114 95 -0.109472
115 95 -0.308753
96 96 1
97 96 -0.354383
98 96 -0.0185684
99 96 -0.00791675
100 96 -0.00287823
109 96 -0.00125565
110 96 -0.00259252
111 96 -0.0053037
112 96 -0.0102339
113 96 -0.0204947
114 96 -0.0446249
115 96 -0.109452
116 96 -0.30873
97 97 1
98 97 -0.353868
99 97 -0.0177718
100 97 -0.00638618
110 97 -0.00125413
111 97 -0.00258937
112 97 -0.0052971
113 97 -0.0102205
114 97 -0.0204678
115 97 -0.0445752
116 97 -0.109379
117 97 -0.308646
98 98 1
99 98 -0.351963
100 98 -0.0146697
111 98 -0.00124743
112 98 -0.00257554
113 98 -0.00526772
114 98 -0.0101606
115 98 -0.0203538
116 98 -0.044393
117 98 -0.109112
118 98 -0.308342
99 99 1
100 99 -0.344139
112 99 -0.00121895
113 99 -0.002516
114 99 -0.0051382
115 99 -0.00990662
116 99 -0.0199323
117 99 -0.043718
118 99 -0.108116
119 99 -0.30718
100 100 1
113 100 -0.00109756
114 100 -0.00225839
115 100 -0.00457103
116 100 -0.00893202
117 100 -0.0182829
118 100 -0.0409991
119 100 -0.103903
120 100 -0.301921
101 101 1
102 101 -0.298497
103 101 -0.0110706
104 101 -0.00491279
105 101 -0.00234977
106 101 -0.00108006
121 101 -0.270409
102 102 1
103 102 -0.340911
104 102 -0.016641
105 102 -0.0076602
106 102 -0.00373881
107 102 -0.00171917
121 102 -0.0897038
122 102 -0.300518
103 103 1
104 103 -0.351445
105 103 -0.0188118
106 103 -0.00877817
107 103 -0.00432532
108 103 -0.00190085
121 103 -0.0346015
122 103 -0.104546
123 103 -0.306665
104 104 1
105 104 -0.354894
106 104 -0.0196451
107 104 -0.00922724
108 104 -0.00451178
109 104 -0.00195673
121 104 -0.0152804
122 104 -0.0420933
123 104 -0.108415
124 104 -0.308483
105 105 1
106 105 -0.356161
107 105 -0.0199766
108 105 -0.00937927
109 105 -0.00457146
110 105 -0.00197441
121 105 -0.00752358
122 105 -0.0193202
123 105 -0.0443711
124 105 -0.109707
125 105 -0.309125
106 106 1
107 106 -0.356651
108 106 -0.020093
109 106 -0.00942942
110 106 -0.00459081
111 106 -0.0019801
121 106 -0.00396856
122 106 -0.00979827
123 106 -0.0206673
124 106 -0.0451815
125 106 -0.110185
126 106 -0.309368
107 107 1
108 107 -0.356837
109 107 -0.0201331
110 107 -0.00944638
111 107 -0.00459733
112 107 -0.00198202
121 107 -0.00201757
122 107 -0.00525999
123 107 -0.0106027
124 107 -0.0211684
125 107 -0.0454916
126 107 -0.11037
127 107 -0.309463
108 108 1
109 108 -0.356903
110 108 -0.0201466
111 108 -0.00945207
112 108 -0.00459951
113 108 -0.00198265
121 108 -0.001006
122 108 -0.00264666
123 108 -0.00569504
124 108 -0.0108893
125 108 -0.0213527
126 108 -0.0456074
127 108 -0.11044
128 108 -0.309498
109 109 1
110 109 -0.356925
111 109 -0.020151
112 109 -0.0094539
113 109 -0.00460017
114 109 -0.00198278
122 109 -0.00131406
123 109 -0.00285706
124 109 -0.00584685
125 109 -0.0109915
126 109 -0.021419
127 109 -0.0456494
128 109 -0.110465
129 109 -0.30951
110 110 1
111 110 -0.356932
112 110 -0.0201523
113 110 -0.00945436
114 110 -0.00460018
115 110 -0.00198254
123 110 -0.00141733
124 110 -0.0029307
125 110 -0.0059004
126 110 -0.0110276
127 110 -0.0214425
128 110 -0.045664
129 110 -0.110473
130 110 -0.309514
111 111 1
112 111 -0.356934
113 111 -0.0201525
114 111 -0.00945397
115 111 -0.00459926
116 111 -0.00198119
124 111 -0.00145366
125 111 -0.00295684
126 111 -0.00591923
127 111 -0.0110404
128 111 -0.0214506
129 111 -0.0456688
130 111 -0.110476
131 111 -0.309516
112 112 1
113 112 -0.356934
114 112 -0.0201511
115 112 -0.00945132
116 112 -0.00459498
117 112 -0.00197532
125 112 -0.00146662
126 112 -0.00296609
127 112 -0.00592584
128 112 -0.0110447
129 112 -0.0214532
130 112 -0.0456702
131 112 -0.110477
132 112 -0.309516
113 113 1
114 113 -0.35693
115 113 -0.0201441
116 113 -0.00943981
117 113 -0.00457682
118 113 -0.00195066
126 113 -0.0014712
127 113 -0.00296932
128 113 -0.00592804
129 113 -0.011046
130 113 -0.0214539
131 113 -0.0456704
132 113 -0.110477
133 113 -0.309515
114 114 1
115 114 -0.356909
116 114 -0.0201143
117 114 -0.00938995
118 114 -0.00449574
119 114 -0.00183089
127 114 -0.00147277
128 114 -0.00297031
129 114 -0.00592854
130 114 -0.011046
131 114 -0.0214533
132 114 -0.045669
133 114 -0.110474
134 114 -0.309512
115 115 1
116 115 -0.356832
117 115 -0.0200093
118 115 -0.00921453
119 115 -0.00420638
120 115 -0.00141473
128 115 -0.00147305
129 115 -0.00297015
130 115 -0.00592768
131 115 -0.011044
132 115 -0.0214495
133 115 -0.0456621
134 115 -0.110463
135 115 -0.309499
116 116 1
117 116 -0.356591
118 116 -0.0196804
119 116 -0.00865699
120 116 -0.00326882
129 116 -0.00147219
130 116 -0.00296816
131 116 -0.00592343
132 116 -0.0110359
133 116 -0.0214344
134 116 -0.0456357
135 116 -0.110424
136 116 -0.309456
117 117 1
118 117 -0.355854
119 117 -0.0186563
120 117 -0.00684879
130 117 -0.00146846
131 117 -0.00296051
132 117 -0.00590747
133 117 -0.0110056
134 117 -0.02138
135 117 -0.0455488
136 117 -0.110302
137 117 -0.309325
118 118 1
119 118 -0.353529
120 118 -0.0151768
131 118 -0.00145527
132 118 -0.00293357
133 118 -0.00585072
134 118 -0.0108996
135 118 -0.0212037
136 118 -0.0452802
137 118 -0.109931
138 118 -0.308923
119 119 1
120 119 -0.345056
132 119 -0.00140996
133 119 -0.00284
134 119 -0.00565102
135 119 -0.0105529
136 119 -0.020648
137 119 -0.044435
138 119 -0.108743
139 119 -0.307593
120 120 1
133 120 -0.0012544
134 120 -0.00251812
135 120 -0.00497559
136 120 -0.00939513
137 120 -0.0187599
138 120 -0.0414385
139 120 -0.104245
140 120 -0.302109
121 121 1
122 121 -0.298608
123 121 -0.0111967
124 121 -0.00505787
125 121 -0.00251575
126 121 -0.00130787
141 121 -0.270424
122 122 1
123 122 -0.341287
124 122 -0.0169667
125 122 -0.00799295
126 122 -0.00408791
127 122 -0.00192328
141 122 -0.0897602
142 122 -0.300595
123 123 1
124 123 -0.352143
125 123 -0.0193282
126 123 -0.00927626
127 123 -0.00470634
128 123 -0.00212451
129 123 -0.00103188
141 123 -0.034706
142 123 -0.104721
143 123 -0.30684
124 124 1
125 124 -0.355876
126 124 -0.0203079
127 124 -0.00978169
128 124 -0.00492383
129 124 -0.00256007
130 124 -0.00106507
141 124 -0.0154237
142 124 -0.0423453
143 124 -0.108726
144 124 -0.308754
125 125 1
126 125 -0.357353
127 125 -0.0207028
128 125 -0.00996892
129 125 -0.00515313
130 125 -0.00259952
131 125 -0.00107707
141 125 -0.00769547
142 125 -0.0196198
143 125 -0.0447647
144 125 -0.110134
145 125 -0.309474
126 126 1
127 126 -0.357959
128 126 -0.0208544
129 126 -0.0101098
130 126 -0.00518919
131 126 -0.00261406
132 126 -0.00108147
141 126 -0.00417516
142 126 -0.0101277
143 126 -0.0211008
144 126 -0.0456852
145 126 -0.110697
146 126 -0.309769
127 127 1
128 127 -0.358202
129 127 -0.0209489
130 127 -0.0101396
131 127 -0.0052026
132 127 -0.00261942
133 127 -0.00108307
141 127 -0.00214902
142 127 -0.00554294
143 127 -0.0110101
144 127 -0.0216743
145 127 -0.0460562
146 127 -0.110928
147 127 -0.309891
128 128 1
129 128 -0.358316
130 128 -0.0209722
131 128 -0.0101506
132 128 -0.00520745
133 128 -0.0026213
134 128 -0.00108356
141 128 -0.00108456
142 128 -0.00282703
143 128 -0.00602752
144 128 -0.0113439
145 128 -0.0218995
146 128 -0.0462045
147 128 -0.111021
148 128 -0.309939
129 129 1
130 129 -0.358361
131 129 -0.0209817
132 129 -0.0101549
133 129 -0.00520921
134 129 -0.00262179
135 129 -0.00108347
142 129 -0.0015509
143 129 -0.00343441
144 129 -0.00634329
145 129 -0.0115297
146 129 -0.0220151
147 129 -0.046277
148 129 -0.111065
149 129 -0.309963
130 130 1
131 130 -0.358376
132 130 -0.0209848
133 130 -0.010156
134 130 -0.00520917
135 130 -0.00262102
136 130 -0.00108236
143 130 -0.00181126
144 130 -0.00358513
145 130 -0.00643893
146 130 -0.0115922
147 130 -0.0220559
148 130 -0.0463031
149 130 -0.111082
150 130 -0.309971
131 131 1
132 131 -0.358381
133 131 -0.0209849
134 131 -0.0101548
135 131 -0.0052067
136 131 -0.00261736
137 131 -0.00107821
144 131 -0.0018842
145 131 -0.00363491
146 131 -0.00647297
147 131 -0.0116151
148 131 -0.0220709
149 131 -0.0463131
150 131 -0.111087
151 131 -0.309974
132 132 1
133 132 -0.35838
134 132 -0.0209813
135 132 -0.0101485
136 132 -0.00519716
137 132 -0.0026043
138 132 -0.00106384
145 132 -0.00190941
146 132 -0.00365313
147 132 -0.00648559
148 132 -0.0116235
149 132 -0.0220766
150 132 -0.0463163
151 132 -0.111089
152 132 -0.309974
133 133 1
134 133 -0.358369
135 133 -0.0209668
136 133 -0.010126
137 133 -0.00516408
138 133 -0.00255937
139 133 -0.00101449
146 133 -0.00191876
147 133 -0.00365988
148 133 -0.00649013
149 133 -0.0116265
150 133 -0.022078
151 133 -0.0463165
152 133 -0.111088
153 133 -0.309973
134 134 1
135 134 -0.35833
136 134 -0.0209158
137 134 -0.010047
138 134 -0.00504434
139 134 -0.00238451
147 134 -0.00192211
148 134 -0.00366206
149 134 -0.00649126
150 134 -0.0116263
151 134 -0.0220764
152 134 -0.0463132
153 134 -0.111082
154 134 -0.309966
135 135 1
136 135 -0.35821
137 135 -0.0207647
138 135 -0.00981166
139 135 -0.00467858
140 135 -0.00154216
148 135 -0.00192273
149 135 -0.00366167
150 135 -0.00648935
151 135 -0.0116222
152 135 -0.0220686
153 135 -0.0462999
154 135 -0.111062
155 135 -0.309944
136 136 1
137 136 -0.357875
138 136 -0.0203437
139 136 -0.00913872
140 136 -0.00346367
149 136 -0.00192088
150 136 -0.00365739
151 136 -0.00648105
152 136 -0.011607
153 136 -0.0220423
154 136 -0.0462569
155 136 -0.111002
156 136 -0.309881
137 137 1
138 137 -0.356964
139 137 -0.0191617
140 137 -0.00708098
150 137 -0.00191363
151 137 -0.00364285
152 137 -0.00645414
153 137 -0.0115592
154 137 -0.0219611
155 137 -0.0461339
156 137 -0.110837
157 137 -0.309709
138 138 1
139 138 -0.354361
140 138 -0.0154235
151 138 -0.00189099
152 138 -0.00359775
153 138 -0.00637112
154 138 -0.0114136
155 138 -0.0217307
156 138 -0.0457955
157 138 -0.110386
158 138 -0.309237
139 139 1
140 139 -0.345505
152 139 -0.00182138
153 139 -0.00345785
154 139 -0.0061139
155 139 -0.0109911
156 139 -0.0210767
157 139 -0.0448335
158 139 -0.109074
159 139 -0.307804
140 140 1
153 140 -0.00149291
154 140 -0.00272091
155 140 -0.00521558
156 140 -0.00965222
157 140 -0.0190117
158 140 -0.0416601
159 140 -0.104411
160 140 -0.302198
141 141 1
142 141 -0.298661
143 141 -0.0112586
144 141 -0.00512954
145 141 -0.00259167
146 141 -0.00138084
161 141 -0.27043
142 142 1
143 142 -0.341478
144 142 -0.0171388
145 142 -0.00817195
146 142 -0.0042595
147 142 -0.00204044
148 142 -0.00101697
161 142 -0.0897876
162 142 -0.300633
143 143 1
144 143 -0.35252
145 143 -0.0196199
146 143 -0.00956025
147 143 -0.00495032
148 143 -0.00266533
149 143 -0.00125335
161 143 -0.0347584
162 143 -0.10481
163 143 -0.306931
144 144 1
145 144 -0.356434
146 144 -0.0206991
147 144 -0.0101359
148 144 -0.00537669
149 144 -0.00288798
150 144 -0.00131605
161 144 -0.0154975
162 144 -0.0424795
163 144 -0.108895
164 144 -0.308905
145 145 1
146 145 -0.358057
147 145 -0.0211582
148 145 -0.0104438
149 145 -0.00555209
150 145 -0.00295599
151 145 -0.00133756
161 145 -0.00778409
162 145 -0.0197844
163 145 -0.0449866
164 145 -0.110379
165 145 -0.309676
146 146 1
147 146 -0.358762
148 146 -0.0213894
149 146 -0.0105778
150 146 -0.00561135
151 146 -0.00298087
152 146 -0.00134568
161 146 -0.00427017
162 146 -0.0103066
163 146 -0.021351
164 146 -0.0459816
165 146 -0.111001
166 146 -0.31001
147 147 1
148 147 -0.359086
149 147 -0.0214911
150 147 -0.0106257
151 147 -0.00563373
152 147 -0.00299043
153 147 -0.00134878
161 147 -0.00221825
162 147 -0.00570805
163 147 -0.0112604
164 147 -0.0219869
165 147 -0.0464041
166 147 -0.111272
167 147 -0.310156
148 148 1
149 148 -0.359236
150 148 -0.02153
151 148 -0.0106446
152 148 -0.00564255
153 148 -0.00299407
154 148 -0.0013498
161 148 -0.0012411
162 148 -0.00330495
163 148 -0.00638688
164 148 -0.011704
165 148 -0.0222826
166 148 -0.0466007
167 148 -0.111397
168 148 -0.310225
149 149 1
150 149 -0.3593
151 149 -0.0215456
152 149 -0.010652
153 149 -0.00564571
154 149 -0.00299495
155 149 -0.00134954
162 149 -0.00178525
163 149 -0.0037177
164 149 -0.00667436
165 149 -0.0119008
166 149 -0.0224163
167 149 -0.0466898
168 149 -0.111455
169 149 -0.310257
150 150 1
151 150 -0.359324
152 150 -0.0215509
153 150 -0.0106539
154 150 -0.00564546
155 150 -0.00299328
156 150 -0.00134726
163 150 -0.00199013
164 150 -0.0038774
165 150 -0.00678973
166 150 -0.0119818
167 150 -0.0224719
168 150 -0.0467276
169 150 -0.11148
170 150 -0.310269
151 151 1
152 151 -0.359332
153 151 -0.0215509
154 151 -0.0106513
155 151 -0.00564062
156 151 -0.0029864
157 151 -0.00133972
163 151 -0.00105066
164 151 -0.0020707
165 151 -0.0039411
166 151 -0.00683653
167 151 -0.0120148
168 151 -0.0224948
169 151 -0.0467429
170 151 -0.111489
171 151 -0.310274
152 152 1
153 152 -0.35933
154 152 -0.021544
155 152 -0.01064
156 152 -0.00562419
157 152 -0.00296475
158 152 -0.00131655
164 152 -0.00109249
165 152 -0.00210334
166 152 -0.003967
167 152 -0.0068555
168 152 -0.0120282
169 152 -0.0225039
170 152 -0.0467483
171 152 -0.111492
172 152 -0.310274
153 153 1
154 153 -0.35931
155 153 -0.0215191
156 153 -0.0106032
157 153 -0.00557171
158 153 -0.00289389
159 153 -0.00123291
165 153 -0.00110959
166 153 -0.00211668
167 153 -0.00397738
168 153 -0.00686292
169 153 -0.012033
170 153 -0.0225062
171 153 -0.0467484
172 153 -0.11149
173 153 -0.310271
154 154 1
155 154 -0.359247
156 154 -0.0214416
157 154 -0.0104871
158 154 -0.00539786
159 154 -0.00263155
166 154 -0.00111648
167 154 -0.00212179
168 154 -0.00398092
169 154 -0.0068646
170 154 -0.0120325
171 154 -0.0225031
172 154 -0.0467421
173 154 -0.111479
174 154 -0.31026
155 155 1
156 155 -0.359079
157 155 -0.0212429
158 155 -0.010188
159 155 -0.00494057
160 155 -0.00161801
167 155 -0.00111869
168 155 -0.00212272
169 155 -0.00398006
170 155 -0.00686112
171 155 -0.0120251
172 155 -0.0224898
173 155 -0.0467202
174 155 -0.111448
175 155 -0.310227
156 156 1
157 156 -0.358659
158 156 -0.0207433
159 156 -0.00941413
160 156 -0.00357441
168 156 -0.00111778
169 156 -0.00211962
170 156 -0.00397292
171 156 -0.0068476
172 156 -0.0120013
173 156 -0.0224497
174 156 -0.0466578
175 156 -0.111366
176 156 -0.310143
157 157 1
158 157 -0.357615
159 157 -0.019445
160 157 -0.00720794
169 157 -0.00111228
170 157 -0.00210856
171 157 -0.00395089
172 157 -0.00680791
173 157 -0.0119328
174 157 -0.0223388
175 157 -0.0465
176 157 -0.111162
177 157 -0.309938
158 158 1
159 158 -0.354824
160 158 -0.015554
170 158 -0.00109582
171 158 -0.00207685
172 158 -0.00388813
173 158 -0.00669501
174 158 -0.0117435
175 158 -0.0220581
176 158 -0.0461046
177 158 -0.110652
178 158 -0.309416
159 159 1
160 159 -0.345741
171 159 -0.00104861
172 159 -0.00198539
173 159 -0.00370429
174 159 -0.00637115
175 159 -0.0112493
176 159 -0.0213261
177 159 -0.0450593
178 159 -0.109257
179 159 -0.307918
160 160 1
173 160 -0.00159457
174 160 -0.00283582
175 160 -0.00535663
176 160 -0.0097996
177 160 -0.0191515
178 160 -0.0417795
179 160 -0.104498
180 160 -0.302243
161 161 1
162 161 -0.298689
163 161 -0.0112913
164 161 -0.00516785
165 161 -0.00263242
166 161 -0.00142043
181 161 -0.270434
162 162 1
163 162 -0.341584
164 162 -0.0172382
165 162 -0.00828063
166 162 -0.00437412
167 162 -0.00215373
168 162 -0.00118646
181 162 -0.0898021
182 162 -0.300654
163 163 1
164 163 -0.352738
165 163 -0.019798
166 163 -0.009746
167 163 -0.00514045
168 163 -0.00289984
169 163 -0.00140937
181 163 -0.0347868
182 163 -0.10486
183 163 -0.306982
164 164 1
165 164 -0.35677
166 164 -0.0209484
167 164 -0.010385
168 164 -0.00564781
169 164 -0.00311407
170 164 -0.00147885
181 164 -0.0155388
182 164 -0.0425569
183 164 -0.108993
184 164 -0.308993
165 165 1
166 165 -0.358497
167 165 -0.0214638
168 165 -0.010754
169 165 -0.00582921
170 165 -0.00319427
171 165 -0.00150689
181 165 -0.00783502
182 165 -0.019883
183 165 -0.0451204
184 165 -0.110527
185 165 -0.309799
166 166 1
167 166 -0.359283
168 166 -0.021744
169 166 -0.0109013
170 166 -0.00590222
171 166 -0.00322744
172 166 -0.00151849
181 166 -0.0043272
182 166 -0.0104205
183 166 -0.0215092
184 166 -0.0461674
185 166 -0.111192
186 166 -0.310162
167 167 1
168 167 -0.35967
169 167 -0.0218617
170 167 -0.0109625
171 167 -0.00593278
172 167 -0.00324121
173 167 -0.00152317
181 167 -0.00226646
182 167 -0.00583055
183 167 -0.0114342
184 167 -0.0221953
185 167 -0.0466318
186 167 -0.111496
187 167 -0.310329
168 168 1
169 168 -0.359855
170 168 -0.0219133
171 168 -0.0109891
172 168 -0.00594574
173 168 -0.00324671
174 168 -0.00152465
181 168 -0.00129417
182 168 -0.0034559
183 168 -0.0065865
184 168 -0.011934
185 168 -0.0225346
186 168 -0.0468625
187 168 -0.111647
188 168 -0.310415
169 169 1
170 169 -0.359936
171 169 -0.021935
172 169 -0.0109998
173 169 -0.00595024
174 169 -0.00324765
175 169 -0.00152372
182 169 -0.00188376
183 169 -0.00389739
184 169 -0.00689665
185 169 -0.0121531
186 169 -0.0226887
187 169 -0.0469688
188 169 -0.111718
189 169 -0.310454
170 170 1
171 170 -0.35997
172 170 -0.0219427
173 170 -0.0110021
174 170 -0.00594908
175 170 -0.00324403
176 170 -0.00151897
182 170 -0.00100621
183 170 -0.00210612
184 170 -0.00407319
185 170 -0.00702855
186 170 -0.0122493
187 170 -0.0227572
188 170 -0.0470171
189 170 -0.11175
190 170 -0.310471
171 171 1
172 171 -0.35998
173 171 -0.0219417
174 171 -0.0109969
175 171 -0.00594003
176 171 -0.0032314
177 171 -0.0015049
183 171 -0.00112154
184 171 -0.00219653
185 171 -0.00414827
186 171 -0.00708611
187 171 -0.0122916
188 171 -0.0227877
189 171 -0.0470376
190 171 -0.111762
191 171 -0.310477
172 172 1
173 172 -0.359973
174 172 -0.0219263
175 172 -0.0109725
176 172 -0.00590337
177 172 -0.00317735
178 172 -0.0014259
184 172 -0.00116908
185 172 -0.00223546
186 172 -0.00418094
187 172 -0.00711106
188 172 -0.0123098
189 172 -0.0228
190 172 -0.047045
191 172 -0.111766
192 172 -0.310478
173 173 1
174 173 -0.359941
175 173 -0.0218877
176 173 -0.0109168
177 173 -0.00582457
178 173 -0.0030684
179 173 -0.00132125
185 173 -0.0011896
186 173 -0.00225234
187 173 -0.00419476
188 173 -0.00712122
189 173 -0.0123162
190 173 -0.0228027
191 173 -0.0470443
192 173 -0.111762
193 173 -0.310472
174 174 1
175 174 -0.359852
176 174 -0.0217845
177 174 -0.0107668
178 174 -0.00560498
179 174 -0.00275788
186 174 -0.00119826
187 174 -0.00225901
188 174 -0.00419939
189 174 -0.00712299
190 174 -0.0123145
191 174 -0.0227967
192 174 -0.0470325
193 174 -0.111745
194 174 -0.310454
175 175 1
176 175 -0.359639
177 175 -0.0215442
178 175 -0.0104154
179 175 -0.005088
180 175 -0.00166276
187 175 -0.00120096
188 175 -0.00225985
189 175 -0.00419727
190 175 -0.00711658
191 175 -0.0123017
192 175 -0.022774
193 175 -0.0470003
194 175 -0.111702
195 175 -0.310411
176 176 1
177 176 -0.359149
178 176 -0.0209837
179 176 -0.00957279
180 176 -0.00363871
188 176 -0.00119921
189 176 -0.00225459
190 176 -0.00418539
191 176 -0.0070946
192 176 -0.0122632
193 176 -0.0227184
194 176 -0.0469192
195 176 -0.1116
196 176 -0.31031
177 177 1
178 177 -0.358005
179 177 -0.0196074
180 177 -0.00728011
189 177 -0.00119075
190 177 -0.00223755
191 177 -0.00415098
192 177 -0.00703229
193 177 -0.0121725
194 177 -0.0225809
195 177 -0.0467314
196 177 -0.111364
197 177 -0.310078
178 178 1
179 178 -0.355089
180 178 -0.0156267
190 178 -0.00116657
191 178 -0.00218983
192 178 -0.00405232
193 178 -0.00688779
194 178 -0.0119465
195 178 -0.0222596
196 178 -0.0462923
197 178 -0.11081
198 178 -0.309521
179 179 1
180 179 -0.345872
191 179 -0.00110809
192 179 -0.00207537
193 179 -0.00383644
194 179 -0.00651981
195 179 -0.0114023
196 179 -0.0214732
197 179 -0.0451906
198 179 -0.109361
199 179 -0.307982
180 180 1
193 180 -0.00165042
194 180 -0.0029029
195 180 -0.00544004
196 180 -0.00988582
197 180 -0.0192317
198 180 -0.0418466
199 180 -0.104546
200 180 -0.302268
181 181 1
182 181 -0.298704
183 181 -0.0113096
184 181 -0.00518966
185 181 -0.0026559
186 181 -0.00144328
201 181 -0.270435
182 182 1
183 182 -0.341647
184 182 -0.0172999
185 182 -0.00835124
186 182 -0.00445242
187 182 -0.00223463
188 182 -0.0012887
201 182 -0.0898102
202 182 -0.300666
183 183 1
184 183 -0.352868
185 183 -0.0199078
186 183 -0.00986273
187 183 -0.00525937
188 183 -0.00302549
189 183 -0.00148145
201 183 -0.0348033
202 183 -0.10489
203 183 -0.307013
184 184 1
185 184 -0.356977
186 184 -0.0211059
187 184 -0.0105437
188 184 -0.00580751
189 184 -0.00324007
190 184 -0.00155791
201 184 -0.0155632
202 184 -0.042604
203 184 -0.109053
204 184 -0.309046
185 185 1
186 185 -0.358776
187 185 -0.0216616
188 185 -0.0109488
189 185 -0.00599962
190 185 -0.00333037
191 185 -0.00159067
201 185 -0.00786593
202 185 -0.0199449
203 185 -0.0452028
204 185 -0.110619
205 185 -0.309876
186 186 1
187 186 -0.359622
188 186 -0.0219743
189 186 -0.0111105
190 186 -0.00608386
191 186 -0.00337009
192 186 -0.00160506
201 186 -0.00436268
202 186 -0.0104942
203 186 -0.0216085
204 186 -0.0462848
205 186 -0.111314
206 186 -0.31026
187 187 1
188 187 -0.360056
189 187 -0.0221074
190 187 -0.0111829
191 187 -0.00612131
192 187 -0.00338751
193 187 -0.00161112
201 187 -0.00229769
202 187 -0.0059118
203 187 -0.0115442
204 187 -0.0223287
205 187 -0.0467794
206 187 -0.111643
207 187 -0.310444
188 188 1
189 188 -0.360269
190 188 -0.0221698
191 188 -0.0112161
192 188 -0.00613792
193 188 -0.00339463
194 188 -0.00161293
201 188 -0.00132669
202 188 -0.00354872
203 188 -0.00670505
204 188 -0.0120773
205 188 -0.0226969
206 188 -0.0470342
207 188 -0.111812
208 188 -0.310542
189 189 1
190 189 -0.360367
191 189 -0.022197
192 189 -0.0112296
193 189 -0.00614352
194 189 -0.00339541
195 189 -0.00161119
202 189 -0.00194202
203 189 -0.00399869
204 189 -0.0070319
205 189 -0.0123143
206 189 -0.0228675
207 189 -0.0471548
208 189 -0.111895
209 189 -0.310588
190 190 1
191 190 -0.360408
192 190 -0.0222065
193 190 -0.0112321
194 190 -0.00614102
195 190 -0.00338946
196 190 -0.00160382
202 190 -0.00104193
203 190 -0.00217219
204 190 -0.00418694
205 190 -0.00717707
206 190 -0.012423
207 190 -0.022947
208 190 -0.047212
209 190 -0.111933
210 190 -0.310608
191 191 1
192 191 -0.360421
193 191 -0.022204
194 191 -0.0112235
195 191 -0.006127
196 191 -0.00337054
197 191 -0.00158338
203 191 -0.00116257
204 191 -0.00226994
205 191 -0.0042709
206 191 -0.00724336
207 191 -0.0124731
208 191 -0.0229839
209 191 -0.0472372
210 191 -0.111948
211 191 -0.310616
192 192 1
193 192 -0.360408
194 192 -0.0221814
195 192 -0.0111891
196 192 -0.00607727
197 192 -0.00330024
198 192 -0.00148762
204 192 -0.00121429
205 192 -0.00231377
206 192 -0.00430907
207 192 -0.00727339
208 192 -0.0124955
209 192 -0.0229991
210 192 -0.0472462
211 192 -0.111952
212 192 -0.310616
193 193 1
194 193 -0.360364
195 193 -0.02213
196 193 -0.0111173
197 193 -0.0059788
198 193 -0.00316964
199 193 -0.00136893
205 193 -0.00123745
206 193 -0.00233351
207 193 -0.00432579
208 193 -0.00728585
209 193 -0.0125031
210 193 -0.0230019
211 193 -0.0472442
212 193 -0.111946
213 193 -0.310608
194 194 1
195 194 -0.36025
196 194 -0.0220052
197 194 -0.0109415
198 194 -0.0057294
199 194 -0.00283007
206 194 -0.00124751
207 194 -0.00234142
208 194 -0.00433122
209 194 -0.00728744
210 194 -0.0124999
211 194 -0.0229927
212 194 -0.0472273
213 194 -0.111923
214 194 -0.310584
195 195 1
196 195 -0.360001
197 195 -0.0217331
198 195 -0.0105539
199 195 -0.00517469
200 195 -0.0016893
207 195 -0.00125054
208 195 -0.00234205
209 195 -0.00432772
210 195 -0.00727801
211 195 -0.0124819
212 195 -0.0229621
213 195 -0.0471856
214 195 -0.111869
215 195 -0.310532
196 196 1
197 196 -0.359457
198 196 -0.0211299
199 196 -0.00966669
200 196 -0.00367665
208 196 -0.00124802
209 196 -0.0023348
210 196 -0.00431147
211 196 -0.00724862
212 196 -0.0124322
213 196 -0.0228931
214 196 -0.0470888
215 196 -0.11175
216 196 -0.310416
197 197 1
198 197 -0.358242
199 197 -0.0197031
200 197 -0.00732221
209 197 -0.00123728
210 197 -0.00231313
211 197 -0.00426775
212 197 -0.0071717
213 197 -0.0123241
214 197 -0.0227348
215 197 -0.0468777
216 197 -0.111491
217 197 -0.310165
198 198 1
199 198 -0.355245
200 198 -0.0156685
210 198 -0.00120865
211 198 -0.00225666
212 198 -0.0041519
213 198 -0.00700611
214 198 -0.0120724
215 198 -0.0223844
216 198 -0.0464075
217 198 -0.110906
218 198 -0.309584
199 199 1
200 199 -0.345947
211 199 -0.00114339
212 199 -0.00212945
213 199 -0.00391503
214 199 -0.00660944
215 199 -0.0114948
216 199 -0.0215618
217 199 -0.0452688
218 199 -0.109423
219 199 -0.30802
200 200 1
213 200 -0.00168386
214 200 -0.00294341
215 200 -0.00549026
216 200 -0.00993728
217 200 -0.019279
218 200 -0.0418856
219 200 -0.104574
220 200 -0.302282
201 201 1
202 201 -0.298713
203 201 -0.0113206
204 201 -0.00520288
205 201 -0.00267039
206 201 -0.00145763
221 201 -0.270437
202 202 1
203 202 -0.341684
204 202 -0.0173361
205 202 -0.00839204
206 202 -0.00449579
207 202 -0.0022735
208 202 -0.00132499
221 202 -0.089815
222 202 -0.300673
203 203 1
204 203 -0.352948
205 203 -0.0199749
206 203 -0.00993368
207 203 -0.00532891
208 203 -0.00309105
209 203 -0.00152234
221 203 -0.034813
222 203 -0.104908
223 203 -0.307031
204 204 1
205 204 -0.357105
206 204 -0.0212045
207 204 -0.0106418
208 204 -0.00590145
209 204 -0.00331514
210 204 -0.00160404
221 204 -0.0155778
222 204 -0.0426321
223 204 -0.109089
224 204 -0.309079
205 205 1
206 205 -0.358953
207 205 -0.0217876
208 205 -0.0110702
209 205 -0.00610571
210 205 -0.00341326
211 205 -0.00164045
221 205 -0.00788462
222 205 -0.019982
223 205 -0.0452535
224 205 -0.110676
225 205 -0.309925
206 206 1
207 206 -0.359842
208 206 -0.0221225
209 206 -0.011245
210 206 -0.0061988
211 206 -0.00345814
212 206 -0.00165706
221 206 -0.00438411
222 206 -0.0105379
223 206 -0.0216699
224 206 -0.0463588
225 206 -0.111392
226 206 -0.310323
207 207 1
208 207 -0.360309
209 207 -0.0222689
210 207 -0.0113264
211 207 -0.00624186
212 207 -0.00347856
213 207 -0.00166425
221 207 -0.00231575
222 207 -0.00595771
223 207 -0.0116115
224 207 -0.0224128
225 207 -0.0468741
226 207 -0.111738
227 207 -0.310519
208 208 1
209 208 -0.360545
210 208 -0.02234
211 208 -0.011365
212 208 -0.00626148
213 208 -0.00348699
214 208 -0.00166628
221 208 -0.00134344
222 208 -0.00359491
223 208 -0.00677431
224 208 -0.012166
225 208 -0.0228003
226 208 -0.0471458
227 208 -0.111921
228 208 -0.310626
209 209 1
210 209 -0.360655
211 209 -0.0223718
212 209 -0.011381
213 209 -0.00626788
214 209 -0.00348748
215 209 -0.00166375
222 209 -0.00197368
223 209 -0.00405895
224 209 -0.0071157
225 209 -0.0124172
226 209 -0.0229841
227 209 -0.0472777
228 209 -0.112013
229 209 -0.310677
210 210 1
211 210 -0.360704
212 210 -0.0223827
213 210 -0.0113832
214 210 -0.006264
215 210 -0.00347939
216 210 -0.00165421
222 210 -0.00106224
223 210 -0.0022122
224 210 -0.00425717
225 210 -0.0072712
226 210 -0.0125357
227 210 -0.0230723
228 210 -0.0473421
229 210 -0.112056
230 210 -0.3107
211 211 1
212 211 -0.360717
213 211 -0.0223785
214 211 -0.0113715
215 211 -0.0062457
216 211 -0.00345554
217 211 -0.00162943
223 211 -0.00118778
224 211 -0.00231565
225 211 -0.004348
226 211 -0.00734438
227 211 -0.012592
228 211 -0.0231144
229 211 -0.0473712
230 211 -0.112074
231 211 -0.310709
212 212 1
213 212 -0.3607
214 212 -0.0223502
215 212 -0.0113296
216 212 -0.00618698
217 212 -0.00337546
218 212 -0.00152508
224 212 -0.0012427
225 212 -0.00236325
226 212 -0.00439051
227 212 -0.00737851
228 212 -0.0126179
229 212 -0.0231319
230 212 -0.0473815
231 212 -0.112078
232 212 -0.310709
213 213 1
214 213 -0.360645
215 213 -0.0222884
216 213 -0.0112456
217 213 -0.00607498
218 213 -0.00323148
219 213 -0.00139738
225 213 -0.00126788
226 213 -0.00238523
227 213 -0.00440955
228 213 -0.0073928
229 213 -0.0126265
230 213 -0.0231347
231 213 -0.0473782
232 213 -0.112069
233 213 -0.310698
214 214 1
215 214 -0.360513
216 214 -0.0221472
217 214 -0.0110514
218 214 -0.00580609
219 214 -0.00287362
226 214 -0.00127901
227 214 -0.00239411
228 214 -0.00441555
229 214 -0.00739411
230 214 -0.0126218
231 214 -0.0231226
232 214 -0.047357
233 214 -0.112042
234 214 -0.31067
215 215 1
216 215 -0.360234
217 215 -0.0218522
218 215 -0.0106395
219 215 -0.00522728
220 215 -0.00170533
227 215 -0.00128228
228 215 -0.0023945
229 215 -0.00441081
230 215 -0.00738207
231 215 -0.0125994
232 215 -0.0230857
233 215 -0.0473076
234 215 -0.111979
235 215 -0.31061
216 216 1
217 216 -0.359651
218 216 -0.02122
219 216 -0.00972357
220 216 -0.00369944
228 216 -0.00127913
229 216 -0.00238566
230 216 -0.00439109
231 216 -0.00734695
232 216 -0.0125415
233 216 -0.0230064
234 216 -0.0471986
235 216 -0.111847
236 216 -0.310484
217 217 1
218 217 -0.358389
219 217 -0.0197607
220 217 -0.00734732
229 217 -0.00126675
230 217 -0.00236065
231 217 -0.00434081
232 217 -0.00726006
233 217 -0.0124207
234 217 -0.0228328
235 217 -0.0469706
236 217 -0.111571
237 217 -0.31022
218 218 1
219 218 -0.35534
220 218 -0.0156932
230 218 -0.00123516
231 218 -0.0022985
232 218 -0.00421427
233 218 -0.00708032
234 218 -0.0121514
235 218 -0.0224624
236 218 -0.046479
237 218 -0.110965
238 218 -0.309623
219 219 1
220 219 -0.345991
231 219 -0.00116547
232 219 -0.00216317
233 219 -0.00396367
234 219 -0.00666487
235 219 -0.0115519
236 219 -0.021616
237 219 -0.0453161
238 219 -0.109459
239 219 -0.308042
220 220 1
233 220 -0.00170458
234 220 -0.00296843
235 220 -0.00552103
236 220 -0.00996854
237 220 -0.0193074
238 220 -0.0419088
239 220 -0.10459
240 220 -0.30229
221 221 1
222 221 -0.298718
223 221 -0.0113271
224 221 -0.00521083
225 221 -0.00267908
226 221 -0.00146613
241 221 -0.270437
222 222 1
223 222 -0.341706
224 222 -0.0173576
225 222 -0.00841619
226 222 -0.00452088
227 222 -0.00229483
228 222 -0.00134353
241 222 -0.0898178
242 222 -0.300677
223 223 1
224 223 -0.352996
225 223 -0.0200159
226 223 -0.00997678
227 223 -0.0053703
228 223 -0.00312877
229 223 -0.00154684
241 223 -0.0348189
242 223 -0.104918
243 223 -0.307042
224 224 1
225 224 -0.357185
226 224 -0.0212661
227 224 -0.0107026
228 224 -0.00595868
229 224 -0.00336145
230 224 -0.00163265
241 224 -0.0155866
242 224 -0.042649
243 224 -0.109111
244 224 -0.309099
225 225 1
226 225 -0.359065
227 225 -0.0218677
228 225 -0.0111466
229 225 -0.00617281
230 225 -0.0034656
231 225 -0.00167184
241 225 -0.00789592
242 225 -0.0200044
243 225 -0.0452847
244 225 -0.110711
245 225 -0.309955
226 226 1
227 226 -0.359983
228 226 -0.0222179
229 226 -0.0113318
230 226 -0.00627276
231 226 -0.00351448
232 226 -0.00169019
241 226 -0.00439701
242 226 -0.0105642
243 226 -0.0217079
244 226 -0.0464052
245 226 -0.111441
246 226 -0.310364
227 227 1
228 227 -0.360474
229 227 -0.0223748
230 227 -0.0114202
231 227 -0.0063202
232 227 -0.00353727
233 227 -0.00169827
241 227 -0.00232654
242 227 -0.00598499
243 227 -0.011653
244 227 -0.0224658
245 227 -0.0469346
246 227 -0.111799
247 227 -0.310567
228 228 1
229 228 -0.360727
230 228 -0.0224527
231 228 -0.0114631
232 228 -0.0063422
233 228 -0.0035467
234 228 -0.00170043
241 228 -0.00135325
242 228 -0.00362168
243 228 -0.00681642
244 228 -0.0122216
245 228 -0.0228665
246 228 -0.0472181
247 228 -0.111992
248 228 -0.310681
229 229 1
230 229 -0.360848
231 229 -0.0224882
232 229 -0.011481
233 229 -0.0063492
234 229 -0.0035469
235 229 -0.00169724
242 229 -0.00199267
243 229 -0.00409608
244 229 -0.00716851
245 229 -0.0124832
246 229 -0.0230599
247 229 -0.0473585
248 229 -0.112091
249 229 -0.310736
230 230 1
231 230 -0.360902
232 230 -0.0225002
233 230 -0.011483
234 230 -0.00634411
235 230 -0.00353706
236 230 -0.00168604
242 230 -0.00107471
243 230 -0.00223722
244 230 -0.00430166
245 230 -0.00733171
246 230 -0.0126092
247 230 -0.0231548
248 230 -0.0474285
249 230 -0.112138
250 230 -0.310762
231 231 1
232 231 -0.360916
233 231 -0.0224945
234 231 -0.0114687
235 231 -0.00632245
236 231 -0.00350956
237 231 -0.00165829
243 231 -0.00120373
244 231 -0.00234486
245 231 -0.00439763
246 231 -0.00741014
247 231 -0.0126703
248 231 -0.023201
249 231 -0.0474607
250 231 -0.112158
251 231 -0.310772
232 232 1
233 232 -0.360896
234 232 -0.0224616
235 232 -0.0114212
236 232 -0.00625735
237 232 -0.00342299
238 232 -0.00154855
244 232 -0.00126099
245 232 -0.00239527
246 232 -0.00444347
247 232 -0.00744746
248 232 -0.0126988
249 232 -0.0232205
250 232 -0.047472
251 232 -0.112162
252 232 -0.310771
233 233 1
234 233 -0.360831
235 233 -0.022392
236 233 -0.0113283
237 233 -0.00613603
238 233 -0.00327024
239 233 -0.00141502
245 233 -0.00128766
246 233 -0.00241895
247 233 -0.0044643
248 233 -0.00746316
249 233 -0.0127081
250 233 -0.023223
251 233 -0.0474677
252 233 -0.112152
253 233 -0.310759
234 234 1
235 234 -0.360684
236 234 -0.0222388
237 234 -0.0111213
238 234 -0.00585419
239 234 -0.00290062
246 234 -0.00129959
247 234 -0.00242856
248 234 -0.0044707
249 234 -0.00746421
250 234 -0.0127023
251 234 -0.0232087
252 234 -0.0474431
253 234 -0.11212
254 234 -0.310727
235 235 1
236 235 -0.360385
237 235 -0.0219277
238 235 -0.0106932
239 235 -0.00525982
240 235 -0.00171517
247 235 -0.00130303
248 235 -0.00242876
249 235 -0.00446497
250 235 -0.00745008
251 235 -0.0126765
252 235 -0.023167
253 235 -0.0473877
254 235 -0.112051
255 235 -0.310661
236 236 1
237 236 -0.359775
238 236 -0.0212762
239 236 -0.00975863
240 236 -0.00371337
248 236 -0.00129942
249 236 -0.00241871
250 236 -0.00444262
251 236 -0.0074107
252 236 -0.0126125
253 236 -0.0230801
254 236 -0.0472698
255 236 -0.11191
256 236 -0.310528
237 237 1
238 237 -0.35848
239 237 -0.0197959
240 237 -0.00736256
249 237 -0.00128586
250 237 -0.0023913
251 237 -0.00438772
252 237 -0.00731684
253 237 -0.0124828
254 237 -0.0228957
255 237 -0.0470298
256 237 -0.111621
257 237 -0.310254
238 238 1
239 238 -0.355397
240 238 -0.0157081
250 238 -0.00125224
251 238 -0.00232529
252 238 -0.00425403
253 238 -0.0071275
254 238 -0.0122014
255 238 -0.0225116
256 238 -0.0465238
257 238 -0.111002
258 238 -0.309646
239 239 1
240 239 -0.346018
251 239 -0.00117958
252 239 -0.0021846
253 239 -0.00399436
254 239 -0.00669968
255 239 -0.0115875
256 239 -0.0216496
257 239 -0.0453453
258 239 -0.109482
259 239 -0.308055
240 240 1
253 240 -0.00171765
254 240 -0.00298411
255 240 -0.00554016
256 240 -0.00998783
257 240 -0.0193248
258 240 -0.0419229
259 240 -0.1046
260 240 -0.302295
241 241 1
242 241 -0.298722
243 241 -0.0113311
244 241 -0.00521563
245 241 -0.00268434
246 241 -0.00147123
261 241 -0.270438
242 242 1
243 242 -0.341719
244 242 -0.0173706
245 242 -0.00843081
246 242 -0.00453597
247 242 -0.0023075
248 242 -0.00135441
261 242 -0.0898195
262 242 -0.30068
243 243 1
244 243 -0.353025
245 243 -0.0200412
246 243 -0.0100033
247 243 -0.00539565
248 243 -0.00315172
249 243 -0.00156202
261 243 -0.0348224
262 243 -0.104924
263 243 -0.307049
244 244 1
245 244 -0.357235
246 244 -0.0213046
247 244 -0.0107407
248 244 -0.00599444
249 244 -0.00339065
250 244 -0.00165083
261 244 -0.015592
262 244 -0.0426594
263 244 -0.109124
264 244 -0.309112
245 245 1
246 245 -0.359137
247 245 -0.0219186
248 245 -0.0111953
249 245 -0.00621577
250 245 -0.00349923
251 245 -0.00169209
261 245 -0.00790281
262 245 -0.0200181
263 245 -0.0453041
264 245 -0.110734
265 245 -0.309974
246 246 1
247 246 -0.360074
248 246 -0.0222796
249 246 -0.0113882
250 246 -0.00632082
251 246 -0.00355113
252 246 -0.00171176
261 246 -0.0044049
262 246 -0.0105804
263 246 -0.0217315
264 246 -0.0464345
265 246 -0.111472
266 246 -0.310389
247 247 1
248 247 -0.360582
249 247 -0.0224441
250 247 -0.0114818
251 247 -0.0063716
252 247 -0.00357572
253 247 -0.00172052
261 247 -0.00233316
262 247 -0.00600174
263 247 -0.0116788
264 247 -0.0224992
265 247 -0.0469733
266 247 -0.111839
267 247 -0.310599
248 248 1
249 248 -0.360847
250 248 -0.0225272
251 248 -0.011528
252 248 -0.00639541
253 248 -0.00358592
254 248 -0.00172278
261 248 -0.00135927
262 248 -0.00363809
263 248 -0.0068427
264 248 -0.0122568
265 248 -0.0229089
266 248 -0.047265
267 248 -0.112039
268 248 -0.310717
249 249 1
250 249 -0.360976
251 249 -0.0225656
252 249 -0.0115473
253 249 -0.00640285
254 249 -0.00358587
255 249 -0.00171907
262 249 -0.00200452
263 249 -0.00411945
264 249 -0.00720218
265 249 -0.0125258
266 249 -0.0231093
267 249 -0.0474116
268 249 -0.112142
269 249 -0.310776
250 250 1
251 250 -0.361034
252 250 -0.0225784
253 250 -0.0115491
254 250 -0.0063968
255 250 -0.00357468
256 250 -0.00170665
262 250 -0.00108259
263 250 -0.00225316
264 250 -0.00433023
265 250 -0.00737092
266 250 -0.0126572
267 250 -0.0232092
268 250 -0.0474858
269 250 -0.112192
270 250 -0.310803
251 251 1
252 251 -0.361049
253 251 -0.0225716
254 251 -0.0115328
255 251 -0.00637262
256 251 -0.00354453
257 251 -0.00167682
263 251 -0.00121398
264 251 -0.00236375
265 251 -0.00442993
266 251 -0.00745324
267 251 -0.0127219
268 251 -0.0232585
269 251 -0.0475204
270 251 -0.112214
271 251 -0.310814
252 252 1
253 252 -0.361026
254 252 -0.0225353
255 252 -0.0114811
256 252 -0.00630297
257 252 -0.00345351
258 252 -0.00156352
264 252 -0.00127289
265 252 -0.00241621
266 252 -0.00447823
267 252 -0.00749295
268 252 -0.0127525
269 252 -0.0232794
270 252 -0.0475324
271 252 -0.112219
272 252 -0.310813
253 253 1
254 253 -0.360955
255 253 -0.0224597
256 253 -0.0113819
257 253 -0.00617521
258 253 -0.00329491
259 253 -0.00142616
265 253 -0.00130064
266 253 -0.00244114
267 253 -0.0045004
268 253 -0.00750972
269 253 -0.0127623
270 253 -0.0232818
271 253 -0.0475273
272 253 -0.112206
273 253 -0.310799
254 254 1
255 254 -0.360797
256 254 -0.022298
257 254 -0.0111661
258 254 -0.00588473
259 254 -0.00291763
266 254 -0.00131315
267 254 -0.00245129
268 254 -0.00450711
269 254 -0.00751054
270 254 -0.0127556
271 254 -0.0232658
272 254 -0.0475001
273 254 -0.112172
274 254 -0.310765
255 255 1
256 255 -0.360482
257 255 -0.0219759
258 255 -0.0107271
259 255 -0.00528024
260 255 -0.0017213
267 255 -0.00131672
268 255 -0.00245133
269 255 -0.00450062
270 255 -0.00749484
271 255 -0.0127273
272 255 -0.0232205
273 255 -0.0474403
274 255 -0.112098
275 255 -0.310695
256 256 1
257 256 -0.359853
258 256 -0.0213115
259 256 -0.00978052
260 256 -0.003722
268 256 -0.00131277
269 256 -0.0024404
270 256 -0.00447634
271 256 -0.00745236
272 256 -0.0126588
273 256 -0.023128
274 256 -0.047316
275 256 -0.11195
276 256 -0.310556
257 257 1
258 257 -0.358537
259 257 -0.0198178
260 257 -0.00737196
269 257 -0.00129837
270 257 -0.0024113
271 257 -0.00441818
272 257 -0.00735363
273 257 -0.0125229
274 257 -0.0229361
275 257 -0.0470677
276 257 -0.111654
277 257 -0.310275
258 258 1
259 258 -0.355433
260 258 -0.0157173
270 258 -0.00126335
271 258 -0.00234264
272 258 -0.00427964
273 258 -0.00715777
274 258 -0.0122334
275 258 -0.0225428
276 258 -0.0465521
277 258 -0.111025
278 258 -0.309661
259 259 1
260 259 -0.346035
271 259 -0.0011887
272 259 -0.00219836
273 259 -0.00401393
274 259 -0.00672179
275 259 -0.01161
276 259 -0.0216708
277 259 -0.0453635
278 259 -0.109496
279 259 -0.308064
260 260 1
273 260 -0.00172598
274 260 -0.00299405
275 260 -0.00555218
276 260 -0.00999987
277 260 -0.0193356
278 260 -0.0419316
279 260 -0.104606
280 260 -0.302298
261 261 1
262 261 -0.298723
263 261 -0.0113335
264 261 -0.00521857
265 261 -0.00268757
266 261 -0.00147437
281 261 -0.270438
262 262 1
263 262 -0.341727
264 262 -0.0173786
265 262 -0.00843981
266 262 -0.00454527
267 262 -0.00231531
268 262 -0.00136113
281 262 -0.0898205
282 262 -0.300681
263 263 1
264 263 -0.353044
265 263 -0.0200569
266 263 -0.0100199
267 263 -0.00541149
268 263 -0.00316609
269 263 -0.00157162
281 263 -0.0348245
282 263 -0.104928
283 263 -0.307053
264 264 1
265 264 -0.357266
266 264 -0.021329
267 264 -0.0107649
268 264 -0.00601713
269 264 -0.00340929
270 264 -0.00166254
281 264 -0.0155953
282 264 -0.0426657
283 264 -0.109133
284 264 -0.30912
265 265 1
266 265 -0.359182
267 265 -0.0219512
268 265 -0.0112266
269 265 -0.00624348
270 265 -0.00352104
271 265 -0.0017053
281 265 -0.00790707
282 265 -0.0200266
283 265 -0.0453162
284 265 -0.110748
285 265 -0.309987
266 266 1
267 266 -0.360133
268 266 -0.0223196
269 266 -0.0114248
270 266 -0.00635221
271 266 -0.00357514
272 266 -0.00172594
281 266 -0.0044098
282 266 -0.0105905
283 266 -0.0217464
284 266 -0.0464531
285 266 -0.111492
286 266 -0.310406
267 267 1
268 267 -0.360652
269 267 -0.0224896
270 267 -0.0115223
271 267 -0.00640545
272 267 -0.00360108
273 267 -0.0017352
281 267 -0.0023373
282 267 -0.00601222
283 267 -0.0116952
284 267 -0.0225206
285 267 -0.0469981
286 267 -0.111864
287 267 -0.310619
268 268 1
269 268 -0.360926
270 268 -0.0225764
271 268 -0.0115709
272 268 -0.00643064
273 268 -0.00361185
274 268 -0.00173752
281 268 -0.00136306
282 268 -0.00364841
283 268 -0.00685935
284 268 -0.0122793
285 268 -0.0229363
286 268 -0.0472954
287 268 -0.112069
288 268 -0.310741
269 269 1
270 269 -0.36106
271 269 -0.022617
272 269 -0.0115913
273 269 -0.00643839
274 269 -0.0036116
275 269 -0.00173343
282 269 -0.00201204
283 269 -0.00413436
284 269 -0.00722384
285 269 -0.0125534
286 269 -0.0231416
287 269 -0.0474464
288 269 -0.112176
289 269 -0.310802
270 270 1
271 270 -0.361122
272 270 -0.0226305
273 270 -0.0115929
274 270 -0.00643163
275 270 -0.00359941
276 270 -0.00172013
282 270 -0.00108765
283 270 -0.00226341
284 270 -0.00434872
285 270 -0.00739646
286 270 -0.0126886
287 270 -0.023245
288 270 -0.0475237
289 270 -0.112229
290 270 -0.310831
271 271 1
272 271 -0.361137
273 271 -0.0226227
274 271 -0.0115751
275 271 -0.00640559
276 271 -0.00356738
277 271 -0.00168885
283 271 -0.00122062
284 271 -0.00237605
285 271 -0.00445106
286 271 -0.00748156
287 271 -0.0127561
288 271 -0.0232966
289 271 -0.04756
290 271 -0.112252
291 271 -0.310842
272 272 1
273 272 -0.361112
274 272 -0.0225839
275 272 -0.0115205
276 272 -0.00633272
277 272 -0.00347329
278 272 -0.00157317
284 272 -0.00128067
285 272 -0.00242996
286 272 -0.00450114
287 272 -0.00752303
288 272 -0.0127881
289 272 -0.0233185
290 272 -0.0475726
291 272 -0.112256
292 272 -0.310841
273 273 1
274 273 -0.361036
275 273 -0.0225042
276 273 -0.0114168
277 273 -0.00620054
278 273 -0.00331075
279 273 -0.00143327
285 273 -0.00130918
286 273 -0.00245579
287 273 -0.0045243
288 273 -0.00754059
289 273 -0.0127983
290 273 -0.0233209
291 273 -0.0475669
292 273 -0.112243
293 273 -0.310826
274 274 1
275 274 -0.360871
276 274 -0.0223365
277 274 -0.0111949
278 274 -0.00590428
279 274 -0.00292846
286 274 -0.00132211
287 274 -0.00246633
288 274 -0.00453122
289 274 -0.00754125
290 274 -0.0127909
291 274 -0.0233036
292 274 -0.0475379
293 274 -0.112206
294 274 -0.310789
275 275 1
276 275 -0.360545
277 275 -0.0220069
278 275 -0.0107487
279 275 -0.00529319
280 275 -0.00172516
287 275 -0.00132577
288 275 -0.00246626
289 275 -0.00452417
290 275 -0.0075244
291 275 -0.0127607
292 275 -0.0232557
293 275 -0.0474749
294 275 -0.112129
295 275 -0.310717
276 276 1
277 276 -0.359904
278 276 -0.021334
279 276 -0.00979434
280 276 -0.00372741
288 276 -0.00132158
289 276 -0.0024547
290 276 -0.00449852
291 276 -0.00747971
292 276 -0.0126892
293 276 -0.0231593
294 276 -0.047346
295 276 -0.111976
296 276 -0.310574
277 277 1
278 277 -0.358574
279 277 -0.0198316
280 277 -0.00737783
289 277 -0.00130661
290 277 -0.00242441
291 277 -0.00443808
292 277 -0.00737759
293 277 -0.0125489
294 277 -0.0229623
295 277 -0.0470922
296 277 -0.111674
297 277 -0.310289
278 278 1
279 278 -0.355455
280 278 -0.015723
290 278 -0.00127062
291 278 -0.00235394
292 278 -0.00429624
293 278 -0.00717731
294 278 -0.0122539
295 278 -0.0225628
296 278 -0.0465701
297 278 -0.11104
298 278 -0.30967
279 279 1
280 279 -0.346045
291 279 -0.00119463
292 279 -0.00220725
293 279 -0.00402651
294 279 -0.00673593
295 279 -0.0116244
296 279 -0.0216841
297 279 -0.045375
298 279 -0.109505
299 279 -0.308069
280 280 1
293 280 -0.00173133
294 280 -0.00300039
295 280 -0.00555981
296 280 -0.0100075
297 280 -0.0193424
298 280 -0.041937
299 280 -0.104609
300 280 -0.3023
281 281 1
282 281 -0.298725
283 281 -0.0113349
284 281 -0.00522039
285 281 -0.00268957
286 281 -0.00147632
301 281 -0.270438
282 282 1
283 282 -0.341732
284 282 -0.0173836
285 282 -0.00844542
286 282 -0.0045511
287 282 -0.00232022
288 282 -0.00136537
301 282 -0.0898211
302 282 -0.300682
283 283 1
284 283 -0.353055
285 283 -0.0200668
286 283 -0.0100303
287 283 -0.00542152
288 283 -0.00317522
289 283 -0.00157776
301 283 -0.0348258
302 283 -0.104931
303 283 -0.307055
284 284 1
285 284 -0.357286
286 284 -0.0213445
287 284 -0.0107802
288 284 -0.00603166
289 284 -0.00342131
290 284 -0.00167013
301 284 -0.0155973
302 284 -0.0426697
303 284 -0.109138
304 284 -0.309125
285 285 1
286 285 -0.359211
287 285 -0.0219722
288 285 -0.0112468
289 285 -0.00626146
290 285 -0.00353526
291 285 -0.00171394
301 285 -0.00790973
302 285 -0.020032
303 285 -0.0453238
304 285 -0.110757
305 285 -0.309994
286 286 1
287 286 -0.360171
288 286 -0.0223456
289 286 -0.0114487
290 286 -0.00637279
291 286 -0.00359093
292 286 -0.00173529
301 286 -0.00441287
302 286 -0.0105968
303 286 -0.0217558
304 286 -0.0464648
305 286 -0.111505
306 286 -0.310416
287 287 1
288 287 -0.360697
289 287 -0.0225195
290 287 -0.011549
291 287 -0.0064278
292 287 -0.00361785
293 287 -0.00174492
301 287 -0.00233992
302 287 -0.00601885
303 287 -0.0117055
304 287 -0.0225342
305 287 -0.0470141
306 287 -0.111881
307 287 -0.310633
288 288 1
289 288 -0.360977
290 288 -0.022609
291 288 -0.0115993
292 288 -0.00645398
293 288 -0.00362903
294 288 -0.00174729
301 288 -0.00136547
302 288 -0.00365497
303 288 -0.00686999
304 288 -0.0122938
305 288 -0.022954
306 288 -0.0473152
307 288 -0.112089
308 288 -0.310756
289 289 1
290 289 -0.361117
291 289 -0.0226512
292 289 -0.0116206
293 289 -0.00646197
294 289 -0.00362864
295 289 -0.00174292
302 289 -0.00201686
303 289 -0.00414396
304 289 -0.00723784
305 289 -0.0125713
306 289 -0.0231626
307 289 -0.0474692
308 289 -0.112199
309 289 -0.310819
290 290 1
291 290 -0.36118
292 290 -0.0226651
293 290 -0.0116221
294 290 -0.00645468
295 290 -0.00361574
296 290 -0.00172899
302 290 -0.00109091
303 290 -0.00227005
304 290 -0.00436073
305 290 -0.00741314
306 290 -0.0127093
307 290 -0.0232685
308 290 -0.0475487
309 290 -0.112253
310 290 -0.310849
291 291 1
292 291 -0.361196
293 291 -0.0226567
294 291 -0.0116032
295 291 -0.00642731
296 291 -0.00358237
297 291 -0.00169671
303 291 -0.00122495
304 291 -0.00238409
305 291 -0.00446491
306 291 -0.00750021
307 291 -0.0127786
308 291 -0.0233218
309 291 -0.0475864
310 291 -0.112277
311 291 -0.310861
292 292 1
293 292 -0.361169
294 292 -0.0226161
295 292 -0.0115464
296 292 -0.00635221
297 292 -0.00348618
298 292 -0.00157942
304 292 -0.00128578
305 292 -0.00243901
306 292 -0.00451626
307 292 -0.00754294
308 292 -0.0128117
309 292 -0.0233446
310 292 -0.0475994
311 292 -0.112281
312 292 -0.310859
293 293 1
294 293 -0.36109
295 293 -0.0225334
296 293 -0.0114396
297 293 -0.00621699
298 293 -0.00332098
299 293 -0.00143785
305 293 -0.00131482
306 293 -0.00246548
307 293 -0.00454012
308 293 -0.00756108
309 293 -0.0128223
310 293 -0.0233469
311 293 -0.0475932
312 293 -0.112267
313 293 -0.310844
294 294 1
295 294 -0.360919
296 294 -0.0223616
297 294 -0.0112136
298 294 -0.00591687
299 294 -0.00293539
306 294 -0.00132804
307 294 -0.0024763
308 294 -0.00454721
309 294 -0.00756161
310 294 -0.0128143
311 294 -0.0233286
312 294 -0.0475628
313 294 -0.112229
314 294 -0.310806
295 295 1
296 295 -0.360587
297 295 -0.0220269
298 295 -0.0107626
299 295 -0.00530145
300 295 -0.00172761
307 295 -0.00133176
308 295 -0.00247615
309 295 -0.00453976
310 295 -0.00754395
311 295 -0.0127828
312 295 -0.0232789
313 295 -0.0474976
314 295 -0.112149
315 295 -0.310731
296 296 1
297 296 -0.359936
298 296 -0.0213484
299 296 -0.00980312
300 296 -0.00373084
308 296 -0.00132741
309 296 -0.00246414
310 296 -0.00451314
311 296 -0.0074977
312 296 -0.0127091
313 296 -0.0231798
314 296 -0.0473657
315 296 -0.111993
316 296 -0.310586
297 297 1
298 297 -0.358597
299 297 -0.0198403
300 297 -0.00738153
309 297 -0.00131203
310 297 -0.00243303
311 297 -0.00445112
312 297 -0.00739325
313 297 -0.0125659
314 297 -0.0229792
315 297 -0.047108
316 297 -0.111688
317 297 -0.310298
298 298 1
299 298 -0.355469
300 298 -0.0157265
310 298 -0.00127539
311 298 -0.00236132
312 298 -0.00430705
313 298 -0.00718998
314 298 -0.0122672
315 298 -0.0225757
316 298 -0.0465817
317 298 -0.111049
318 298 -0.309676
299 299 1
300 299 -0.346051
311 299 -0.0011985
312 299 -0.00221303
313 299 -0.00403465
314 299 -0.00674503
315 299 -0.0116336
316 299 -0.0216927
317 299 -0.0453823
318 299 -0.10951
319 299 -0.308072
300 300 1
313 300 -0.00173479
314 300 -0.00300447
315 300 -0.00556469
316 300 -0.0100123
317 300 -0.0193467
318 300 -0.0419404
319 300 -0.104612
320 300 -0.302301
301 301 1
302 301 -0.298725
303 301 -0.0113359
304 301 -0.00522152
305 301 -0.00269083
306 301 -0.00147755
321 301 -0.270438
302 302 1
303 302 -0.341735
304 302 -0.0173867
305 302 -0.00844896
306 302 -0.00455478
307 302 -0.00232334
308 302 -0.00136807
321 302 -0.0898215
322 302 -0.300683
303 303 1
304 303 -0.353062
305 303 -0.0200731
306 303 -0.0100369
307 303 -0.00542792
308 303 -0.00318107
309 303 -0.00158172
321 303 -0.0348267
322 303 -0.104932
323 303 -0.307057
304 304 1
305 304 -0.357299
306 304 -0.0213543
307 304 -0.0107901
308 304 -0.00604102
309 304 -0.00342909
310 304 -0.00167507
321 304 -0.0155986
322 304 -0.0426722
323 304 -0.109141
324 304 -0.309128
305 305 1
306 305 -0.359229
307 305 -0.0219857
308 305 -0.0112598
309 305 -0.00627316
310 305 -0.00354456
311 305 -0.00171962
321 305 -0.00791141
322 305 -0.0200353
323 305 -0.0453286
324 305 -0.110762
325 305 -0.309999
306 306 1
307 306 -0.360195
308 306 -0.0223625
309 306 -0.0114644
310 306 -0.00638629
311 306 -0.00360133
312 306 -0.00174146
321 306 -0.00441481
322 306 -0.0106008
323 306 -0.0217618
324 306 -0.0464724
325 306 -0.111513
326 306 -0.310423
307 307 1
308 307 -0.360727
309 307 -0.022539
310 307 -0.0115665
311 307 -0.00644256
312 307 -0.00362894
313 307 -0.00175135
321 307 -0.00234158
322 307 -0.00602308
323 307 -0.0117122
324 307 -0.022543
325 307 -0.0470244
326 307 -0.111891
327 307 -0.310641
308 308 1
309 308 -0.361012
310 308 -0.0226305
311 308 -0.0116182
312 308 -0.00646945
313 308 -0.00364042
314 308 -0.00175376
321 308 -0.00136701
322 308 -0.00365917
323 308 -0.00687684
324 308 -0.0123031
325 308 -0.0229655
326 308 -0.0473281
327 308 -0.112102
328 308 -0.310767
309 309 1
310 309 -0.361154
311 309 -0.0226738
312 309 -0.01164
313 309 -0.00647762
314 309 -0.00363993
315 309 -0.00174919
322 309 -0.00201997
323 309 -0.00415016
324 309 -0.00724692
325 309 -0.012583
326 309 -0.0231764
327 309 -0.0474842
328 309 -0.112213
329 309 -0.31083
310 310 1
311 310 -0.361219
312 310 -0.0226881
313 310 -0.0116414
314 310 -0.00646995
315 310 -0.00362652
316 310 -0.00173483
322 310 -0.00109303
323 310 -0.00227437
324 310 -0.00436857
325 310 -0.00742406
326 310 -0.0127228
327 310 -0.0232841
328 310 -0.0475652
329 310 -0.112269
330 310 -0.310861
311 311 1
312 311 -0.361235
313 311 -0.0226792
314 311 -0.0116217
315 311 -0.00644165
316 311 -0.00359222
317 311 -0.00170185
323 311 -0.00122778
324 311 -0.00238935
325 311 -0.00447401
326 311 -0.0075125
327 311 -0.0127935
328 311 -0.0233386
329 311 -0.0476038
330 311 -0.112293
331 311 -0.310873
312 312 1
313 312 -0.361207
314 312 -0.0226373
315 312 -0.0115635
316 312 -0.00636499
317 312 -0.0034946
318 312 -0.00158349
324 312 -0.00128913
325 312 -0.00244497
326 312 -0.00452625
327 312 -0.00755612
328 312 -0.0128274
329 312 -0.0233619
330 312 -0.0476171
331 312 -0.112298
332 312 -0.310871
313 313 1
314 313 -0.361126
315 313 -0.0225526
316 313 -0.0114545
317 313 -0.00622772
318 313 -0.00332762
319 313 -0.00144081
325 313 -0.00131854
326 313 -0.00247189
327 313 -0.00455061
328 313 -0.00757466
329 313 -0.0128381
330 313 -0.0233641
331 313 -0.0476106
332 313 -0.112283
333 313 -0.310855
314 314 1
315 314 -0.360951
316 314 -0.0223779
317 314 -0.0112258
318 314 -0.00592502
319 314 -0.00293987
326 314 -0.00133196
327 314 -0.0024829
328 314 -0.0045578
329 314 -0.00757512
330 314 -0.0128298
331 314 -0.0233452
332 314 -0.0475794
333 314 -0.112244
334 314 -0.310816
315 315 1
316 315 -0.360613
317 315 -0.0220399
318 315 -0.0107715
319 315 -0.00530676
320 315 -0.00172917
327 315 -0.00133573
328 315 -0.0024827
329 315 -0.00455008
330 315 -0.00755687
331 315 -0.0127974
332 315 -0.0232942
333 315 -0.0475126
334 315 -0.112162
335 315 -0.31074
316 316 1
317 316 -0.359957
318 316 -0.0213576
319 316 -0.00980875
320 316 -0.00373302
328 316 -0.00133127
329 316 -0.00247038
330 316 -0.00452278
331 316 -0.00750955
332 316 -0.0127222
333 316 -0.0231933
334 316 -0.0473785
335 316 -0.112004
336 316 -0.310594
317 317 1
318 317 -0.358612
319 317 -0.0198459
320 317 -0.00738388
329 317 -0.00131561
330 317 -0.0024387
331 317 -0.00445968
332 317 -0.00740351
333 317 -0.0125769
334 317 -0.0229903
335 317 -0.0471182
336 317 -0.111696
337 317 -0.310304
318 318 1
319 318 -0.355478
320 318 -0.0157288
330 318 -0.00127853
331 318 -0.00236616
332 318 -0.0043141
333 318 -0.00719822
334 318 -0.0122758
335 318 -0.022584
336 318 -0.0465891
337 318 -0.111055
338 318 -0.30968
319 319 1
320 319 -0.346055
331 319 -0.00120103
332 319 -0.0022168
333 319 -0.00403992
334 319 -0.00675091
335 319 -0.0116395
336 319 -0.0216981
337 319 -0.0453869
338 319 -0.109514
339 319 -0.308074
320 320 1
333 320 -0.00173703
334 320 -0.00300711
335 320 -0.00556782
336 320 -0.0100154
337 320 -0.0193494
338 320 -0.0419426
339 320 -0.104613
340 320 -0.302302
321 321 1
322 321 -0.298726
323 321 -0.0113364
324 321 -0.00522224
325 321 -0.00269162
326 321 -0.00147833
341 321 -0.270438
322 322 1
323 322 -0.341737
324 322 -0.0173887
325 322 -0.00845121
326 322 -0.00455712
327 322 -0.00232533
328 322 -0.00136981
341 322 -0.0898218
342 322 -0.300683
323 323 1
324 323 -0.353067
325 323 -0.020077
326 323 -0.0100412
327 323 -0.00543202
328 323 -0.00318484
329 323 -0.00158429
341 323 -0.0348272
342 323 -0.104933
343 323 -0.307058
324 324 1
325 324 -0.357307
326 324 -0.0213607
327 324 -0.0107965
328 324 -0.00604708
329 324 -0.00343415
330 324 -0.0016783
341 324 -0.0155994
342 324 -0.0426737
343 324 -0.109143
344 324 -0.30913
325 325 1
326 325 -0.359241
327 325 -0.0219945
328 325 -0.0112683
329 325 -0.0062808
330 325 -0.00355065
331 325 -0.00172336
341 325 -0.00791247
342 325 -0.0200375
343 325 -0.0453317
344 325 -0.110766
345 325 -0.310002
326 326 1
327 326 -0.360211
328 326 -0.0223735
329 326 -0.0114746
330 326 -0.00639516
331 326 -0.00360818
332 326 -0.00174554
341 326 -0.00441605
342 326 -0.0106034
343 326 -0.0217656
344 326 -0.0464772
345 326 -0.111518
346 326 -0.310428
327 327 1
328 327 -0.360747
329 327 -0.0225519
330 327 -0.0115781
331 327 -0.00645231
332 327 -0.00363628
333 327 -0.00175561
341 327 -0.00234265
342 327 -0.0060258
343 327 -0.0117164
344 327 -0.0225486
345 327 -0.047031
346 327 -0.111898
347 327 -0.310647
328 328 1
329 328 -0.361034
330 328 -0.0226447
331 328 -0.0116306
332 328 -0.0064797
333 328 -0.00364797
334 328 -0.00175805
341 328 -0.001368
342 328 -0.00366188
343 328 -0.00688126
344 328 -0.0123092
345 328 -0.0229729
346 328 -0.0473365
347 328 -0.11211
348 328 -0.310773
329 329 1
330 329 -0.361178
331 329 -0.0226888
332 329 -0.0116528
333 329 -0.006488
334 329 -0.00364742
335 329 -0.00175334
342 329 -0.00202198
343 329 -0.00415418
344 329 -0.00725283
345 329 -0.0125907
346 329 -0.0231855
347 329 -0.0474941
348 329 -0.112223
349 329 -0.310838
330 330 1
331 330 -0.361245
332 330 -0.0227033
333 330 -0.0116542
334 330 -0.00648007
335 330 -0.00363365
336 330 -0.00173868
342 330 -0.00109441
343 330 -0.00227718
344 330 -0.00437369
345 330 -0.00743121
346 330 -0.0127317
347 330 -0.0232943
348 330 -0.0475761
349 330 -0.112279
350 330 -0.310869
331 331 1
332 331 -0.361261
333 331 -0.0226942
334 331 -0.011634
335 331 -0.00645112
336 331 -0.00359871
337 331 -0.00170523
343 331 -0.00122963
344 331 -0.0023928
345 331 -0.00447999
346 331 -0.00752059
347 331 -0.0128033
348 331 -0.0233496
349 331 -0.0476154
350 331 -0.112304
351 331 -0.310881
332 332 1
333 332 -0.361233
334 332 -0.0226514
335 332 -0.0115747
336 332 -0.0063734
337 332 -0.00350012
338 332 -0.00158615
344 332 -0.00129134
345 332 -0.00244889
346 332 -0.00453284
347 332 -0.00756484
348 332 -0.0128377
349 332 -0.0233733
350 332 -0.0476289
351 332 -0.112309
352 332 -0.31088
333 333 1
334 333 -0.361149
335 333 -0.0225652
336 333 -0.0114643
337 333 -0.00623473
338 333 -0.00333195
339 333 -0.00144272
345 333 -0.00132099
346 333 -0.00247612
347 333 -0.00455755
348 333 -0.00758366
349 333 -0.0128487
350 333 -0.0233756
351 333 -0.0476222
352 333 -0.112294
353 333 -0.310863
334 334 1
335 334 -0.360972
336 334 -0.0223886
337 334 -0.0112337
338 334 -0.00593031
339 334 -0.00294276
346 334 -0.00133456
347 334 -0.00248727
348 334 -0.00456483
349 334 -0.00758406
350 334 -0.0128401
351 334 -0.0233562
352 334 -0.0475903
353 334 -0.112254
354 334 -0.310824
335 335 1
336 335 -0.360631
337 335 -0.0220483
338 335 -0.0107773
339 335 -0.00531019
340 335 -0.00173018
347 335 -0.00133836
348 335 -0.00248704
349 335 -0.00455691
350 335 -0.00756542
351 335 -0.0128071
352 335 -0.0233043
353 335 -0.0475224
354 335 -0.112171
355 335 -0.310746
336 336 1
337 336 -0.359971
338 336 -0.0213636
339 336 -0.00981238
340 336 -0.00373442
348 336 -0.00133382
349 336 -0.00247451
350 336 -0.00452915
351 336 -0.00751735
352 336 -0.0127308
353 336 -0.0232021
354 336 -0.0473869
355 336 -0.112011
356 336 -0.310599
337 337 1
338 337 -0.358621
339 337 -0.0198495
340 337 -0.00738539
349 337 -0.00131797
350 337 -0.00244244
351 337 -0.00446531
352 337 -0.00741023
353 337 -0.0125842
354 337 -0.0229975
355 337 -0.0471249
356 337 -0.111702
357 337 -0.310308
338 338 1
339 338 -0.355484
340 338 -0.0157302
350 338 -0.00128059
351 338 -0.00236933
352 338 -0.00431872
353 338 -0.0072036
354 338 -0.0122814
355 338 -0.0225894
356 338 -0.0465939
357 338 -0.111059
358 338 -0.309683
339 339 1
340 339 -0.346058
351 339 -0.00120269
352 339 -0.00221925
353 339 -0.00404336
354 339 -0.00675473
355 339 -0.0116433
356 339 -0.0217017
357 339 -0.0453899
358 339 -0.109516
359 339 -0.308075
340 340 1
353 340 -0.00173849
354 340 -0.00300881
355 340 -0.00556984
356 340 -0.0100174
357 340 -0.0193512
358 340 -0.041944
359 340 -0.104614
360 340 -0.302302
341 341 1
342 341 -0.298726
343 341 -0.0113368
344 341 -0.00522269
345 341 -0.00269213
346 341 -0.00147883
361 341 -0.270438
342 342 1
343 342 -0.341738
344 342 -0.01739
345 342 -0.00845264
346 342 -0.00455863
347 342 -0.00232662
348 342 -0.00137093
361 342 -0.0898219
362 342 -0.300683
343 343 1
344 343 -0.35307
345 343 -0.0200796
346 343 -0.0100439
347 343 -0.00543468
348 343 -0.00318728
349 343 -0.00158595
361 343 -0.0348275
362 343 -0.104934
363 343 -0.307059
344 344 1
345 344 -0.357312
346 344 -0.0213648
347 344 -0.0108006
348 344 -0.00605102
349 344 -0.00343744
350 344 -0.00168041
361 344 -0.0155999
362 344 -0.0426747
363 344 -0.109145
364 344 -0.309131
345 345 1
346 345 -0.359249
347 345 -0.0220002
348 345 -0.0112739
349 345 -0.00628579
350 345 -0.00355464
351 345 -0.00172581
361 345 -0.00791315
362 345 -0.0200389
363 345 -0.0453337
364 345 -0.110768
365 345 -0.310004
346 346 1
347 346 -0.360221
348 346 -0.0223807
349 346 -0.0114813
350 346 -0.006401
351 346 -0.0036127
352 346 -0.00174823
361 346 -0.00441685
362 346 -0.0106051
363 346 -0.0217681
364 346 -0.0464804
365 346 -0.111522
366 346 -0.310431
347 347 1
348 347 -0.36076
349 347 -0.0225604
350 347 -0.0115857
351 347 -0.00645875
352 347 -0.00364113
353 347 -0.00175844
361 347 -0.00234334
362 347 -0.00602755
363 347 -0.0117192
364 347 -0.0225523
365 347 -0.0470354
366 347 -0.111903
367 347 -0.31065
348 348 1
349 348 -0.361049
350 348 -0.0226541
351 348 -0.0116389
352 348 -0.00648649
353 348 -0.00365298
354 348 -0.00176089
361 348 -0.00136865
362 348 -0.00366364
363 348 -0.00688413
364 348 -0.0123131
365 348 -0.0229778
366 348 -0.047342
367 348 -0.112116
368 348 -0.310778
349 349 1
350 349 -0.361195
351 349 -0.0226988
352 349 -0.0116614
353 349 -0.00649487
354 349 -0.00365237
355 349 -0.00175609
362 349 -0.00202329
363 349 -0.0041568
364 349 -0.00725669
365 349 -0.0125956
366 349 -0.0231914
367 349 -0.0475005
368 349 -0.112229
369 349 -0.310843
350 350 1
351 350 -0.361262
352 350 -0.0227134
353 350 -0.0116627
354 350 -0.00648676
355 350 -0.00363837
356 350 -0.00174122
362 350 -0.00109531
363 350 -0.00227902
364 350 -0.00437704
365 350 -0.0074359
366 350 -0.0127376
367 350 -0.0233011
368 350 -0.0475834
369 350 -0.112286
370 350 -0.310874
351 351 1
352 351 -0.361279
353 351 -0.0227041
354 351 -0.0116421
355 351 -0.00645737
356 351 -0.00360298
357 351 -0.00170745
363 351 -0.00123084
364 351 -0.00239507
365 351 -0.00448393
366 351 -0.00752593
367 351 -0.0128098
368 351 -0.0233569
369 351 -0.0476231
370 351 -0.112311
371 351 -0.310887
352 352 1
353 352 -0.361249
354 352 -0.0226606
355 352 -0.0115821
356 352 -0.00637892
357 352 -0.00350374
358 352 -0.00158788
364 352 -0.00129279
365 352 -0.00245148
366 352 -0.00453719
367 352 -0.0075706
368 352 -0.0128446
369 352 -0.0233809
370 352 -0.0476367
371 352 -0.112316
372 352 -0.310885
353 353 1
354 353 -0.361165
355 353 -0.0225735
356 353 -0.0114708
357 353 -0.00623931
358 353 -0.00333477
359 353 -0.00144397
365 353 -0.00132261
366 353 -0.00247892
367 353 -0.00456214
368 353 -0.00758962
369 353 -0.0128556
370 353 -0.0233831
371 353 -0.0476299
372 353 -0.112301
373 353 -0.310868
354 354 1
355 354 -0.360986
356 354 -0.0223957
357 354 -0.0112389
358 354 -0.00593376
359 354 -0.00294465
366 354 -0.00133627
367 354 -0.00249017
368 354 -0.00456947
369 354 -0.00758999
370 354 -0.0128469
371 354 -0.0233634
372 354 -0.0475975
373 354 -0.11226
374 354 -0.310828
355 355 1
356 355 -0.360643
357 355 -0.0220538
358 355 -0.0107811
359 355 -0.00531242
360 355 -0.00173083
367 355 -0.00134009
368 355 -0.00248991
369 355 -0.00456143
370 355 -0.00757107
371 355 -0.0128134
372 355 -0.0233109
373 355 -0.0475289
374 355 -0.112176
375 355 -0.31075
356 356 1
357 356 -0.35998
358 356 -0.0213674
359 356 -0.00981472
360 356 -0.00373533
368 356 -0.0013355
369 356 -0.00247723
370 356 -0.00453335
371 356 -0.0075225
372 356 -0.0127365
373 356 -0.0232079
374 356 -0.0473924
375 356 -0.112016
376 356 -0.310602
357 357 1
358 357 -0.358628
359 357 -0.0198518
360 357 -0.00738636
369 357 -0.00131953
370 357 -0.0024449
371 357 -0.00446901
372 357 -0.00741465
373 357 -0.0125889
374 357 -0.0230022
375 357 -0.0471292
376 357 -0.111705
377 357 -0.31031
358 358 1
359 358 -0.355488
360 358 -0.0157312
370 358 -0.00128195
371 358 -0.00237142
372 358 -0.00432174
373 358 -0.00720712
374 358 -0.0122851
375 358 -0.0225929
376 358 -0.046597
377 358 -0.111061
378 358 -0.309684
359 359 1
360 359 -0.34606
371 359 -0.00120377
372 359 -0.00222086
373 359 -0.0040456
374 359 -0.00675721
375 359 -0.0116458
376 359 -0.0217039
377 359 -0.0453918
378 359 -0.109517
379 359 -0.308076
360 360 1
373 360 -0.00173944
374 360 -0.00300992
375 360 -0.00557115
376 360 -0.0100187
377 360 -0.0193523
378 360 -0.0419449
379 360 -0.104615
380 360 -0.302303
361 361 1
362 361 -0.298726
363 361 -0.011337
364 361 -0.00522298
365 361 -0.00269245
366 361 -0.00147915
381 361 -0.270438
362 362 1
363 362 -0.341739
364 362 -0.0173908
365 362 -0.00845356
366 362 -0.0045596
367 362 -0.00232745
368 362 -0.00137166
381 362 -0.089822
382 362 -0.300683
363 363 1
364 363 -0.353072
365 363 -0.0200812
366 363 -0.0100457
367 363 -0.00543639
368 363 -0.00318887
369 363 -0.00158704
381 363 -0.0348277
382 363 -0.104934
383 363 -0.307059
364 364 1
365 364 -0.357315
366 364 -0.0213674
367 364 -0.0108033
368 364 -0.00605358
369 364 -0.00343959
370 364 -0.00168179
381 364 -0.0156002
382 364 -0.0426754
383 364 -0.109146
384 364 -0.309132
365 365 1
366 365 -0.359254
367 365 -0.0220039
368 365 -0.0112775
369 365 -0.00628905
370 365 -0.00355726
371 365 -0.00172743
381 365 -0.00791359
382 365 -0.0200397
383 365 -0.0453349
384 365 -0.11077
385 365 -0.310006
366 366 1
367 366 -0.360228
368 366 -0.0223855
369 366 -0.0114857
370 366 -0.00640483
371 366 -0.00361567
372 366 -0.00175001
381 366 -0.00441736
382 366 -0.0106061
383 366 -0.0217696
384 366 -0.0464824
385 366 -0.111524
386 366 -0.310432
367 367 1
368 367 -0.360768
369 367 -0.0225659
370 367 -0.0115908
371 367 -0.006463
372 367 -0.00364434
373 367 -0.0017603
381 367 -0.00234378
382 367 -0.00602868
383 367 -0.011721
384 367 -0.0225547
385 367 -0.0470382
386 367 -0.111906
387 367 -0.310653
368 368 1
369 368 -0.361059
370 368 -0.0226603
371 368 -0.0116443
372 368 -0.00649098
373 368 -0.00365629
374 368 -0.00176277
381 368 -0.00136906
382 368 -0.00366478
383 368 -0.00688599
384 368 -0.0123157
385 368 -0.022981
386 368 -0.0473456
387 368 -0.11212
388 368 -0.31078
369 369 1
370 369 -0.361205
371 369 -0.0227053
372 369 -0.011667
373 369 -0.00649942
374 369 -0.00365565
375 369 -0.0017579
382 369 -0.00202415
383 369 -0.00415851
384 369 -0.00725921
385 369 -0.0125989
386 369 -0.0231953
387 369 -0.0475048
388 369 -0.112234
389 369 -0.310846
370 370 1
371 370 -0.361273
372 370 -0.0227201
373 370 -0.0116683
374 370 -0.00649119
375 370 -0.00364148
376 370 -0.00174289
382 370 -0.0010959
383 370 -0.00228022
384 370 -0.00437923
385 370 -0.00743898
386 370 -0.0127414
387 370 -0.0233055
388 370 -0.0475881
389 370 -0.112291
390 370 -0.310878
371 371 1
372 371 -0.36129
373 371 -0.0227106
374 371 -0.0116475
375 371 -0.00646149
376 371 -0.0036058
377 371 -0.00170891
383 371 -0.00123164
384 371 -0.00239656
385 371 -0.00448652
386 371 -0.00752944
387 371 -0.0128141
388 371 -0.0233618
389 371 -0.0476281
390 371 -0.112316
391 371 -0.310891
372 372 1
373 372 -0.36126
374 372 -0.0226668
375 372 -0.011587
376 372 -0.00638256
377 372 -0.00350611
378 372 -0.00158902
384 372 -0.00129374
385 372 -0.00245318
386 372 -0.00454006
387 372 -0.0075744
388 372 -0.0128491
389 372 -0.0233859
390 372 -0.0476419
391 372 -0.112321
392 372 -0.310889
373 373 1
374 373 -0.361175
375 373 -0.022579
376 373 -0.011475
377 373 -0.00624232
378 373 -0.00333662
379 373 -0.00144479
385 373 -0.00132368
386 373 -0.00248077
387 373 -0.00456518
388 373 -0.00759357
389 373 -0.0128602
390 373 -0.0233882
391 373 -0.0476349
392 373 -0.112306
393 373 -0.310872
374 374 1
375 374 -0.360995
376 374 -0.0224003
377 374 -0.0112423
378 374 -0.00593601
379 374 -0.00294587
386 374 -0.0013374
387 374 -0.00249208
388 374 -0.00457255
389 374 -0.00759391
390 374 -0.0128514
391 374 -0.0233682
392 374 -0.0476023
393 374 -0.112265
394 374 -0.310831
375 375 1
376 375 -0.36065
377 375 -0.0220574
378 375 -0.0107836
379 375 -0.00531386
380 375 -0.00173125
387 375 -0.00134124
388 375 -0.0024918
389 375 -0.00456442
390 375 -0.00757481
391 375 -0.0128176
392 375 -0.0233153
393 375 -0.0475332
394 375 -0.11218
395 375 -0.310753
376 376 1
377 376 -0.359986
378 376 -0.0213699
379 376 -0.00981624
380 376 -0.00373591
388 376 -0.00133661
389 376 -0.00247903
390 376 -0.00453612
391 376 -0.00752589
392 376 -0.0127402
393 376 -0.0232117
394 376 -0.047396
395 376 -0.112019
396 376 -0.310604
377 377 1
378 377 -0.358632
379 377 -0.0198533
380 377 -0.00738698
389 377 -0.00132056
390 377 -0.00244653
391 377 -0.00447145
392 377 -0.00741755
393 377 -0.0125921
394 377 -0.0230053
395 377 -0.0471321
396 377 -0.111708
397 377 -0.310312
378 378 1
379 378 -0.35549
380 378 -0.0157318
390 378 -0.00128284
391 378 -0.00237279
392 378 -0.00432372
393 378 -0.00720942
394 378 -0.0122875
395 378 -0.0225952
396 378 -0.046599
397 378 -0.111063
398 378 -0.309685
379 379 1
380 379 -0.346061
391 379 -0.00120449
392 379 -0.00222192
393 379 -0.00404706
394 379 -0.00675883
395 379 -0.0116474
396 379 -0.0217054
397 379 -0.0453931
398 379 -0.109518
399 379 -0.308077
380 380 1
393 380 -0.00174007
394 380 -0.00301065
395 380 -0.005572
396 380 -0.0100195
397 380 -0.019353
398 380 -0.0419455
399 380 -0.104615
400 380 -0.302303
381 381 1
382 381 -0.298726
383 381 -0.0113372
384 381 -0.00522317
385 381 -0.00269266
386 381 -0.00147936
382 382 1
383 382 -0.34174
384 382 -0.0173913
385 382 -0.00845415
386 382 -0.00456022
387 382 -0.00232798
388 382 -0.00137213
383 383 1
384 383 -0.353073
385 383 -0.0200823
386 383 -0.0100468
387 383 -0.00543751
388 383 -0.0031899
389 383 -0.00158775
384 384 1
385 384 -0.357317
386 384 -0.0213691
387 384 -0.010805
388 384 -0.00605525
389 384 -0.003441
390 384 -0.0016827
385 385 1
386 385 -0.359257
387 385 -0.0220063
388 385 -0.0112798
389 385 -0.00629119
390 385 -0.00355898
391 385 -0.00172849
386 386 1
387 386 -0.360233
388 386 -0.0223885
389 386 -0.0114886
390 386 -0.00640736
391 386 -0.00361764
392 386 -0.00175118
387 387 1
388 387 -0.360773
389 387 -0.0225696
390 387 -0.0115941
391 387 -0.0064658
392 387 -0.00364646
393 387 -0.00176154
388 388 1
389 388 -0.361065
390 388 -0.0226644
391 388 -0.0116479
392 388 -0.00649395
393 388 -0.00365848
394 388 -0.00176401
389 389 1
390 389 -0.361212
391 389 -0.0227097
392 389 -0.0116707
393 389 -0.00650244
394 389 -0.00365782
395 389 -0.00175911
390 390 1
391 390 -0.36128
392 390 -0.0227246
393 390 -0.011672
394 390 -0.00649412
395 390 -0.00364354
396 390 -0.001744
391 391 1
392 391 -0.361297
393 391 -0.022715
394 391 -0.0116511
395 391 -0.00646422
396 391 -0.00360766
397 391 -0.00170987
392 392 1
393 392 -0.361268
394 392 -0.0226708
395 392 -0.0115903
396 392 -0.00638495
397 392 -0.00350768
398 392 -0.00158977
393 393 1
394 393 -0.361182
395 393 -0.0225826
396 393 -0.0114777
397 393 -0.00624429
398 393 -0.00333783
399 393 -0.00144532
394 394 1
395 394 -0.361001
396 394 -0.0224033
397 394 -0.0112445
398 394 -0.00593748
399 394 -0.00294667
395 395 1
396 395 -0.360655
397 395 -0.0220597
398 395 -0.0107852
399 395 -0.0053148
400 395 -0.00173153
396 396 1
397 396 -0.35999
398 396 -0.0213716
399 396 -0.00981723
400 396 -0.00373629
397 397 1
398 397 -0.358634
399 397 -0.0198542
400 397 -0.00738739
398 398 1
399 398 -0.355492
400 398 -0.0157322
399 399 1
400 399 -0.346061
400 400 1
