1 1 1
2 1 -0.25
11 1 -0.25
2 2 1
3 2 -0.266667
11 2 -0.0666667
12 2 -0.266667
3 3 1
4 3 -0.267857
11 3 -0.0178571
12 3 -0.0714286
13 3 -0.267857
4 4 1
5 4 -0.267943
12 4 -0.0191388
13 4 -0.0717703
14 4 -0.267943
5 5 1
6 5 -0.267949
13 5 -0.0192308
14 5 -0.0717949
15 5 -0.267949
6 6 1
7 6 -0.267949
14 6 -0.0192374
15 6 -0.0717966
16 6 -0.267949
7 7 1
8 7 -0.267949
15 7 -0.0192378
16 7 -0.0717968
17 7 -0.267949
8 8 1
9 8 -0.267949
16 8 -0.0192379
17 8 -0.0717968
18 8 -0.267949
9 9 1
10 9 -0.267949
17 9 -0.0192379
18 9 -0.0717968
19 9 -0.267949
10 10 1
18 10 -0.0192379
19 10 -0.0717968
20 10 -0.267949
11 11 1
12 11 -0.287081
21 11 -0.267943
12 12 1
13 12 -0.316138
21 12 -0.0843035
22 12 -0.293657
13 13 1
14 13 -0.319448
21 13 -0.0269214
22 13 -0.0937762
23 13 -0.29663
14 14 1
15 14 -0.319815
21 14 -0.00860964
22 14 -0.0299903
23 14 -0.0948644
24 14 -0.296963
15 15 1
16 15 -0.319854
22 15 -0.00959249
23 15 -0.0303427
24 15 -0.0949848
25 15 -0.297
16 16 1
17 16 -0.319858
23 16 -0.00970537
24 16 -0.0303817
25 16 -0.0949978
26 16 -0.297003
17 17 1
18 17 -0.319859
24 17 -0.00971784
25 17 -0.0303859
26 17 -0.0949991
27 17 -0.297004
18 18 1
19 18 -0.319859
25 18 -0.00971919
26 18 -0.0303863
27 18 -0.0949993
28 18 -0.297004
19 19 1
20 19 -0.318197
26 19 -0.00971534
27 19 -0.0303739
28 19 -0.0949603
29 19 -0.296882
20 20 1
27 20 -0.00960029
28 20 -0.0300141
29 20 -0.0938356
30 20 -0.294898
21 21 1
22 21 -0.295178
23 21 -0.00800821
31 21 -0.269894
22 22 1
23 22 -0.332215
24 22 -0.00986653
31 22 -0.0880991
32 22 -0.298461
23 23 1
24 23 -0.338385
25 23 -0.0101366
31 23 -0.0321464
32 23 -0.100683
33 23 -0.303065
24 24 1
25 24 -0.339406
26 24 -0.010176
31 24 -0.011791
32 24 -0.0371559
33 24 -0.102819
34 24 -0.303851
25 25 1
26 25 -0.339566
27 25 -0.0101816
32 25 -0.0136398
33 25 -0.037993
34 25 -0.103172
35 25 -0.303977
26 26 1
27 26 -0.339589
28 26 -0.010182
33 26 -0.0139487
34 26 -0.0381291
35 26 -0.103226
36 26 -0.303996
27 27 1
28 27 -0.339585
29 27 -0.0101622
34 27 -0.0139989
35 27 -0.03815
36 27 -0.103234
37 27 -0.303998
28 28 1
29 28 -0.33918
30 28 -0.00912315
35 28 -0.0140046
36 28 -0.0381477
37 28 -0.103221
38 28 -0.303962
29 29 1
30 29 -0.335115
36 29 -0.0139685
37 29 -0.0380467
38 29 -0.102955
39 29 -0.303542
30 30 1
37 30 -0.0135245
38 30 -0.0368193
39 30 -0.100488
40 30 -0.299863
31 31 1
32 31 -0.297338
33 31 -0.00976594
41 31 -0.270253
32 32 1
33 32 -0.337462
34 32 -0.0125263
41 32 -0.0891355
42 32 -0.299778
33 33 1
34 33 -0.345356
35 33 -0.0130411
41 33 -0.0336046
42 33 -0.102994
43 33 -0.305202
34 34 1
35 34 -0.346966
36 34 -0.0131366
41 34 -0.0127896
42 34 -0.039539
43 34 -0.105795
44 34 -0.306336
35 35 1
36 35 -0.347278
37 35 -0.0131532
42 35 -0.0150779
43 35 -0.0407321
44 35 -0.106366
45 35 -0.306561
36 36 1
37 36 -0.347332
38 36 -0.0131488
43 36 -0.0155383
44 36 -0.0409714
45 36 -0.106476
46 36 -0.306603
37 37 1
38 37 -0.347285
39 37 -0.0130549
44 37 -0.01563
45 37 -0.0410156
46 37 -0.106493
47 37 -0.306604
38 38 1
39 38 -0.346367
40 38 -0.011285
45 38 -0.0156387
46 38 -0.0410007
47 38 -0.106442
48 38 -0.306497
39 39 1
40 39 -0.340357
46 39 -0.0155523
47 39 -0.0407676
48 39 -0.105897
49 39 -0.305735
40 40 1
47 40 -0.0148467
48 40 -0.038898
49 40 -0.102492
50 40 -0.30113
41 41 1
42 41 -0.297952
43 41 -0.0102789
51 41 -0.270343
42 42 1
43 42 -0.339207
44 42 -0.0134396
51 42 -0.0894417
52 42 -0.300189
43 43 1
44 43 -0.347938
45 43 -0.0141135
51 43 -0.0340678
52 43 -0.103785
53 43 -0.305963
44 44 1
45 44 -0.349926
46 44 -0.0142585
51 44 -0.0131356
52 44 -0.0403977
53 44 -0.106919
54 44 -0.307294
45 45 1
46 45 -0.350364
47 45 -0.0142866
52 45 -0.0156225
53 45 -0.0417914
54 45 -0.107635
55 45 -0.307593
46 46 1
47 46 -0.350444
48 46 -0.0142714
53 46 -0.0161715
54 46 -0.0421057
55 46 -0.107791
56 46 -0.307655
47 47 1
48 47 -0.350336
49 47 -0.0140969
54 47 -0.0162936
55 47 -0.0421698
56 47 -0.107815
57 47 -0.307653
48 48 1
49 48 -0.349053
50 48 -0.0119605
55 48 -0.016303
56 48 -0.042139
57 48 -0.107723
58 48 -0.307484
49 49 1
50 49 -0.342091
56 49 -0.0161765
57 49 -0.0418032
58 49 -0.10699
59 49 -0.306514
50 50 1
57 50 -0.0153306
58 50 -0.0396092
59 50 -0.103145
60 50 -0.301513
51 51 1
52 51 -0.298142
53 51 -0.0104466
61 51 -0.270369
52 52 1
53 52 -0.339812
54 52 -0.0137742
61 52 -0.0895393
62 52 -0.300324
53 53 1
54 53 -0.348912
55 53 -0.0145333
61 53 -0.034225
62 53 -0.104064
63 53 -0.30624
54 54 1
55 54 -0.351104
56 54 -0.0147114
61 54 -0.0132607
62 54 -0.0407164
63 54 -0.107349
64 54 -0.307668
55 55 1
56 55 -0.351623
57 55 -0.014748
62 55 -0.0158328
63 55 -0.0422092
64 55 -0.108144
65 55 -0.308011
56 56 1
57 56 -0.35172
58 56 -0.0147222
63 56 -0.0164269
64 56 -0.042568
65 56 -0.108331
66 56 -0.308089
57 57 1
58 57 -0.351563
59 57 -0.0144945
64 57 -0.016567
65 57 -0.042645
66 57 -0.108359
67 57 -0.308082
58 58 1
59 58 -0.350077
60 58 -0.0121947
65 58 -0.0165761
66 58 -0.0426018
67 58 -0.108237
68 58 -0.307874
59 59 1
60 59 -0.342699
66 59 -0.0164259
67 59 -0.0422061
68 59 -0.107404
69 59 -0.3068
60 60 1
67 60 -0.0155139
68 60 -0.0398665
69 60 -0.103372
70 60 -0.30164
61 61 1
62 61 -0.298205
63 61 -0.0105046
71 61 -0.270377
62 62 1
63 62 -0.340028
64 62 -0.0138998
71 62 -0.0895723
72 62 -0.300371
63 63 1
64 63 -0.349284
65 63 -0.0147
71 63 -0.0342806
72 63 -0.104165
73 63 -0.306343
64 64 1
65 64 -0.351576
66 64 -0.0148967
71 64 -0.0133071
72 64 -0.0408367
73 64 -0.107515
74 64 -0.307815
65 65 1
66 65 -0.35214
67 65 -0.0149384
72 65 -0.0159147
73 65 -0.042375
74 65 -0.108349
75 65 -0.308182
66 66 1
67 66 -0.352246
68 66 -0.0149054
73 66 -0.0165301
74 66 -0.042757
75 66 -0.108553
76 66 -0.308268
67 67 1
68 67 -0.35206
69 67 -0.0146492
74 67 -0.0166795
75 67 -0.0428412
76 67 -0.108583
77 67 -0.308258
68 68 1
69 68 -0.350474
70 68 -0.01228
75 68 -0.0166882
76 68 -0.0427905
77 68 -0.108444
78 68 -0.308029
69 69 1
70 69 -0.342921
76 69 -0.016526
77 69 -0.0423646
78 69 -0.107563
79 69 -0.306908
70 70 1
77 70 -0.0155848
78 70 -0.0399628
79 70 -0.103454
80 70 -0.301686
71 71 1
72 71 -0.298227
73 71 -0.0105255
81 71 -0.27038
72 72 1
73 72 -0.340107
74 72 -0.0139476
81 72 -0.0895839
82 72 -0.300388
73 73 1
74 73 -0.349428
75 73 -0.0147663
81 73 -0.0343009
82 73 -0.104203
83 73 -0.306382
74 74 1
75 74 -0.351765
76 74 -0.0149726
81 74 -0.0133246
82 74 -0.0408826
83 74 -0.107579
84 74 -0.307873
75 75 1
76 75 -0.352353
77 75 -0.0150169
82 75 -0.0159468
83 75 -0.0424409
84 75 -0.108432
85 75 -0.308251
76 76 1
77 76 -0.352463
78 76 -0.01498
83 76 -0.0165717
84 76 -0.0428341
85 76 -0.108645
86 76 -0.308341
77 77 1
78 77 -0.352261
79 77 -0.0147101
84 77 -0.0167256
85 77 -0.042922
86 77 -0.108675
87 77 -0.30833
78 78 1
79 78 -0.350629
80 78 -0.0123122
85 78 -0.0167342
86 78 -0.0428674
87 78 -0.108528
88 78 -0.30809
79 79 1
80 79 -0.343005
86 79 -0.0165663
87 79 -0.0424274
88 79 -0.107625
89 79 -0.306949
80 80 1
87 80 -0.0156126
88 80 -0.0399996
89 80 -0.103485
90 80 -0.301702
81 81 1
82 81 -0.298235
83 81 -0.0105332
91 81 -0.270381
82 82 1
83 82 -0.340137
84 82 -0.013966
91 82 -0.0895882
92 82 -0.300394
83 83 1
84 83 -0.349483
85 83 -0.0147928
91 83 -0.0343085
92 83 -0.104217
93 83 -0.306396
84 84 1
85 84 -0.351841
86 84 -0.0150036
91 84 -0.0133314
92 84 -0.0409004
93 84 -0.107605
94 84 -0.307896
85 85 1
86 85 -0.352439
87 85 -0.0150492
92 85 -0.0159595
93 85 -0.0424671
94 85 -0.108465
95 85 -0.308279
86 86 1
87 86 -0.352552
88 86 -0.0150103
93 86 -0.0165885
94 86 -0.0428656
95 86 -0.108682
96 86 -0.308372
87 87 1
88 87 -0.352342
89 87 -0.0147342
94 87 -0.0167445
95 87 -0.0429552
96 87 -0.108713
97 87 -0.308359
88 88 1
89 88 -0.350691
90 88 -0.0123245
95 88 -0.0167529
96 88 -0.0428986
97 88 -0.108562
98 88 -0.308115
89 89 1
90 89 -0.343037
96 89 -0.0165825
97 89 -0.0424524
98 89 -0.10765
99 89 -0.306965
90 90 1
97 90 -0.0156235
98 90 -0.0400139
99 90 -0.103497
100 90 -0.301709
91 91 1
92 91 -0.298238
93 91 -0.0105361
92 92 1
93 92 -0.340148
94 92 -0.0139731
93 93 1
94 93 -0.349505
95 93 -0.0148034
94 94 1
95 94 -0.351871
96 94 -0.0150162
95 95 1
96 95 -0.352475
97 95 -0.0150625
96 96 1
97 96 -0.352589
98 96 -0.0150226
97 97 1
98 97 -0.352375
99 97 -0.0147438
98 98 1
99 98 -0.350715
100 98 -0.0123293
99 99 1
100 99 -0.34305
100 100 1
