1 1 1
2 1 -0.25
11 1 -0.25
2 2 1
3 2 -0.266667
11 2 -0.0666667
12 2 -0.266667
3 3 1
4 3 -0.267857
11 3 -0.0178571
12 3 -0.0714286
13 3 -0.267857
4 4 1
5 4 -0.267943
12 4 -0.0191388
13 4 -0.0717703
14 4 -0.267943
5 5 1
6 5 -0.267949
13 5 -0.0192308
14 5 -0.0717949
15 5 -0.267949
6 6 1
7 6 -0.267949
14 6 -0.0192374
15 6 -0.0717966
16 6 -0.267949
7 7 1
8 7 -0.267949
15 7 -0.0192378
16 7 -0.0717968
17 7 -0.267949
8 8 1
9 8 -0.267949
16 8 -0.0192379
17 8 -0.0717968
18 8 -0.267949
9 9 1
10 9 -0.267949
17 9 -0.0192379
18 9 -0.0717968
19 9 -0.267949
10 10 1
18 10 -0.0192379
19 10 -0.0717968
20 10 -0.267949
11 11 1
12 11 -0.287081
21 11 -0.267943
12 12 1
13 12 -0.316138
21 12 -0.0843035
22 12 -0.293657
13 13 1
14 13 -0.319448
21 13 -0.0269214
22 13 -0.0937762
23 13 -0.29663
14 14 1
15 14 -0.319815
22 14 -0.0299903
23 14 -0.0948644
24 14 -0.296963
15 15 1
16 15 -0.319854
23 15 -0.0303427
24 15 -0.0949848
25 15 -0.297
16 16 1
17 16 -0.319858
24 16 -0.0303817
25 16 -0.0949978
26 16 -0.297003
17 17 1
18 17 -0.319859
25 17 -0.0303859
26 17 -0.0949991
27 17 -0.297004
18 18 1
19 18 -0.319859
26 18 -0.0303863
27 18 -0.0949993
28 18 -0.297004
19 19 1
20 19 -0.318197
27 19 -0.0303739
28 19 -0.0949603
29 19 -0.296882
20 20 1
28 20 -0.0300141
29 20 -0.0938356
30 20 -0.294898
21 21 1
22 21 -0.294924
31 21 -0.269876
22 22 1
23 22 -0.329225
31 22 -0.088001
32 22 -0.298385
23 23 1
24 23 -0.334038
31 23 -0.0293634
32 23 -0.0995628
33 23 -0.302415
24 24 1
25 24 -0.334699
32 24 -0.0333195
33 24 -0.101206
34 24 -0.302977
25 25 1
26 25 -0.334787
32 25 -0.0111548
33 25 -0.0338819
34 25 -0.101431
35 25 -0.303052
26 26 1
27 26 -0.334798
33 26 -0.0113436
34 26 -0.0339589
35 26 -0.101461
36 26 -0.303062
27 27 1
28 27 -0.334798
34 27 -0.0113694
35 27 -0.0339691
36 27 -0.101465
37 27 -0.303063
28 28 1
29 28 -0.33473
35 28 -0.0113726
36 28 -0.0339696
37 28 -0.101463
38 28 -0.303057
29 29 1
30 29 -0.331109
36 29 -0.0113574
37 29 -0.0339232
38 29 -0.101324
39 29 -0.302705
30 30 1
37 30 -0.0111
38 30 -0.0331542
39 30 -0.0990479
40 30 -0.299139
31 31 1
32 31 -0.296561
41 31 -0.270174
32 32 1
33 32 -0.332992
34 32 -0.0110963
41 32 -0.0888111
42 32 -0.29947
33 33 1
34 33 -0.34237
35 33 -0.0114552
41 33 -0.0300224
42 33 -0.101235
43 33 -0.304016
34 34 1
35 34 -0.344338
36 34 -0.0115389
41 34 -0.0113358
42 34 -0.0382242
43 34 -0.104608
44 34 -0.305542
35 35 1
36 35 -0.344656
37 35 -0.0115516
42 35 -0.014339
43 35 -0.0395524
44 35 -0.105294
45 35 -0.305787
36 36 1
37 36 -0.344706
38 36 -0.0115514
43 36 -0.0148419
44 36 -0.0398238
45 36 -0.105405
46 36 -0.305826
37 37 1
38 37 -0.344691
39 37 -0.0114987
44 37 -0.0149442
45 37 -0.039867
46 37 -0.105421
47 37 -0.30583
38 38 1
39 38 -0.344072
40 38 -0.0101376
45 38 -0.0149565
46 38 -0.0398629
47 38 -0.105396
48 38 -0.305771
39 39 1
40 39 -0.338874
46 39 -0.0148982
47 39 -0.0397014
48 39 -0.104999
49 39 -0.305167
40 40 1
47 40 -0.0143134
48 40 -0.0381246
49 40 -0.101941
50 40 -0.300822
41 41 1
42 41 -0.29735
51 41 -0.270263
42 42 1
43 42 -0.334765
44 42 -0.0129451
51 42 -0.0891815
52 42 -0.299921
43 43 1
44 43 -0.345846
45 43 -0.0136154
51 43 -0.030342
52 43 -0.102041
53 43 -0.304815
44 44 1
45 44 -0.348666
46 44 -0.0137989
51 44 -0.0117434
52 44 -0.0394935
53 44 -0.10611
54 44 -0.306812
45 45 1
46 45 -0.349228
47 45 -0.0138312
52 45 -0.0151881
53 45 -0.0412274
54 45 -0.107113
55 45 -0.307208
46 46 1
47 46 -0.34933
48 46 -0.0138245
53 46 -0.0158679
54 46 -0.0416566
55 46 -0.107313
56 46 -0.307286
47 47 1
48 47 -0.349263
49 47 -0.0136904
54 47 -0.016034
55 47 -0.0417384
56 47 -0.107346
57 47 -0.307291
48 48 1
49 48 -0.348154
50 48 -0.0117102
55 48 -0.0160542
56 48 -0.0417217
57 48 -0.107278
58 48 -0.307155
49 49 1
50 49 -0.341561
56 49 -0.0159486
57 49 -0.0414351
58 49 -0.106631
59 49 -0.306274
50 50 1
57 50 -0.0151602
58 50 -0.0393711
59 50 -0.102947
60 50 -0.301403
51 51 1
52 51 -0.297547
61 51 -0.270289
52 52 1
53 52 -0.335402
54 52 -0.01344
61 52 -0.0892857
62 52 -0.300072
53 53 1
54 53 -0.347139
55 53 -0.0142708
61 53 -0.0304518
62 53 -0.102343
63 53 -0.305135
54 54 1
55 54 -0.350379
56 54 -0.0145237
61 54 -0.0118761
62 54 -0.0399133
63 54 -0.106686
64 54 -0.30733
55 55 1
56 55 -0.351106
57 55 -0.0145738
62 55 -0.0154803
63 55 -0.0418326
64 55 -0.107853
65 55 -0.307817
56 56 1
57 56 -0.351249
58 56 -0.0145569
63 56 -0.0162453
64 56 -0.0423532
65 56 -0.108114
66 56 -0.307925
57 57 1
58 57 -0.351127
59 57 -0.0143535
64 57 -0.0164491
65 57 -0.0424631
66 57 -0.108159
67 57 -0.307928
58 58 1
59 58 -0.349729
60 58 -0.012116
65 58 -0.0164737
66 58 -0.0424342
67 58 -0.108056
68 58 -0.307739
59 59 1
60 59 -0.342504
66 59 -0.016337
67 59 -0.0420656
68 59 -0.107264
69 59 -0.306706
60 60 1
67 60 -0.0154509
68 60 -0.0397811
69 60 -0.1033
70 60 -0.301601
61 61 1
62 61 -0.297607
71 61 -0.270296
62 62 1
63 62 -0.335629
64 62 -0.0136068
71 62 -0.0893189
72 62 -0.300124
63 63 1
64 63 -0.347622
65 63 -0.0145107
71 63 -0.0304905
72 63 -0.102452
73 63 -0.305255
64 64 1
65 64 -0.351053
66 64 -0.0148018
71 64 -0.0119236
72 64 -0.040065
73 64 -0.106905
74 64 -0.307532
65 65 1
66 65 -0.351872
67 65 -0.0148634
72 65 -0.0155897
73 65 -0.0420647
74 65 -0.108147
75 65 -0.308066
66 66 1
67 66 -0.352039
68 66 -0.0148387
73 66 -0.0163932
74 66 -0.0426313
75 66 -0.108444
76 66 -0.308191
67 67 1
68 67 -0.35188
69 67 -0.0145953
74 67 -0.0166161
75 67 -0.0427574
76 67 -0.108496
77 67 -0.308192
68 68 1
69 68 -0.350337
70 68 -0.0122515
75 68 -0.0166429
76 68 -0.0427204
77 68 -0.10837
78 68 -0.307974
69 69 1
70 69 -0.342848
76 69 -0.0164897
77 69 -0.042309
78 69 -0.107508
79 69 -0.306871
70 70 1
77 70 -0.0155602
78 70 -0.0399303
79 70 -0.103427
80 70 -0.301671
71 71 1
72 71 -0.297627
81 71 -0.270298
72 72 1
73 72 -0.335711
74 72 -0.0136678
81 72 -0.0893302
82 72 -0.300141
73 73 1
74 73 -0.347806
75 73 -0.0146034
81 73 -0.0305045
82 73 -0.102492
83 73 -0.3053
74 74 1
75 74 -0.35132
76 74 -0.0149132
81 74 -0.0119413
82 74 -0.0401217
83 74 -0.106989
84 74 -0.307611
75 75 1
76 75 -0.352183
77 75 -0.0149811
82 75 -0.0156317
83 75 -0.0421553
84 75 -0.108265
85 75 -0.308166
76 76 1
77 76 -0.352363
78 76 -0.0149517
83 76 -0.016452
84 76 -0.0427434
85 76 -0.108578
86 76 -0.3083
77 77 1
78 77 -0.352184
79 77 -0.0146886
84 77 -0.0166838
85 77 -0.0428777
86 77 -0.108634
87 77 -0.308301
78 78 1
79 78 -0.350575
80 78 -0.0123013
85 78 -0.0167117
86 78 -0.0428364
87 78 -0.108497
88 78 -0.308068
79 79 1
80 79 -0.342977
86 79 -0.0165507
87 79 -0.0424047
88 79 -0.107603
89 79 -0.306935
80 80 1
87 80 -0.0156027
88 80 -0.0399869
89 80 -0.103475
90 80 -0.301697
81 81 1
82 81 -0.297634
91 81 -0.270299
82 82 1
83 82 -0.335741
84 82 -0.0136908
91 82 -0.0893343
92 82 -0.300148
83 83 1
84 83 -0.347876
85 83 -0.0146397
91 83 -0.0305097
92 83 -0.102507
93 83 -0.305316
84 84 1
85 84 -0.351425
86 84 -0.0149582
91 84 -0.011948
92 84 -0.0401432
93 84 -0.107021
94 84 -0.307642
85 85 1
86 85 -0.352309
87 85 -0.0150291
92 85 -0.0156481
93 85 -0.042191
94 85 -0.108311
95 85 -0.308206
86 86 1
87 86 -0.352496
88 86 -0.0149975
93 86 -0.0164755
94 86 -0.0427886
95 86 -0.108633
96 86 -0.308345
87 87 1
88 87 -0.352307
89 87 -0.0147253
94 87 -0.0167114
95 87 -0.0429268
96 87 -0.10869
97 87 -0.308345
88 88 1
89 88 -0.350668
90 88 -0.0123202
95 88 -0.0167396
96 88 -0.0428835
97 88 -0.108548
98 88 -0.308105
89 89 1
90 89 -0.343026
96 89 -0.0165752
97 89 -0.0424427
98 89 -0.107641
99 89 -0.306959
90 90 1
97 90 -0.0156194
98 90 -0.0400088
99 90 -0.103493
100 90 -0.301706
91 91 1
92 91 -0.297637
92 92 1
93 92 -0.335752
94 92 -0.0136996
93 93 1
94 93 -0.347903
95 93 -0.0146541
94 94 1
95 94 -0.351467
96 94 -0.0149764
95 95 1
96 95 -0.352361
97 95 -0.0150487
96 96 1
97 96 -0.35255
98 96 -0.015016
97 97 1
98 97 -0.352357
99 97 -0.0147399
98 98 1
99 98 -0.350705
100 98 -0.0123275
99 99 1
100 99 -0.343045
100 100 1
