1 1 1
2 1 -0.25
11 1 -0.25
2 2 1
3 2 -0.266667
11 2 -0.0666667
12 2 -0.266667
3 3 1
4 3 -0.267857
11 3 -0.0178571
12 3 -0.0714286
13 3 -0.267857
4 4 1
5 4 -0.267943
12 4 -0.0191388
13 4 -0.0717703
14 4 -0.267943
5 5 1
6 5 -0.267949
13 5 -0.0192308
14 5 -0.0717949
15 5 -0.267949
6 6 1
7 6 -0.267949
14 6 -0.0192374
15 6 -0.0717966
16 6 -0.267949
7 7 1
8 7 -0.267949
15 7 -0.0192378
16 7 -0.0717968
17 7 -0.267949
8 8 1
9 8 -0.267949
16 8 -0.0192379
17 8 -0.0717968
18 8 -0.267949
9 9 1
10 9 -0.267949
17 9 -0.0192379
18 9 -0.0717968
19 9 -0.267949
10 10 1
18 10 -0.0192379
19 10 -0.0717968
20 10 -0.267949
11 11 1
12 11 -0.287081
21 11 -0.267943
12 12 1
13 12 -0.316138
21 12 -0.0843035
22 12 -0.293657
13 13 1
14 13 -0.319448
21 13 -0.0269214
22 13 -0.0937762
23 13 -0.29663
14 14 1
15 14 -0.319815
21 14 -0.00860964
22 14 -0.0299903
23 14 -0.0948644
24 14 -0.296963
15 15 1
16 15 -0.319854
22 15 -0.00959249
23 15 -0.0303427
24 15 -0.0949848
25 15 -0.297
16 16 1
17 16 -0.319858
23 16 -0.00970537
24 16 -0.0303817
25 16 -0.0949978
26 16 -0.297003
17 17 1
18 17 -0.319859
24 17 -0.00971784
25 17 -0.0303859
26 17 -0.0949991
27 17 -0.297004
18 18 1
19 18 -0.319859
25 18 -0.00971919
26 18 -0.0303863
27 18 -0.0949993
28 18 -0.297004
19 19 1
20 19 -0.318197
26 19 -0.00971534
27 19 -0.0303739
28 19 -0.0949603
29 19 -0.296882
20 20 1
27 20 -0.00960029
28 20 -0.0300141
29 20 -0.0938356
30 20 -0.294898
21 21 1
22 21 -0.295178
23 21 -0.00800821
31 21 -0.269894
22 22 1
23 22 -0.332215
24 22 -0.00986653
31 22 -0.0880991
32 22 -0.298461
23 23 1
24 23 -0.338385
25 23 -0.0101366
31 23 -0.0321464
32 23 -0.100683
33 23 -0.303065
24 24 1
25 24 -0.339406
26 24 -0.010176
31 24 -0.011791
32 24 -0.0371559
33 24 -0.102819
34 24 -0.303851
25 25 1
26 25 -0.339566
27 25 -0.0101816
32 25 -0.0136398
33 25 -0.037993
34 25 -0.103172
35 25 -0.303977
26 26 1
27 26 -0.339589
28 26 -0.010182
33 26 -0.0139487
34 26 -0.0381291
35 26 -0.103226
36 26 -0.303996
27 27 1
28 27 -0.339585
29 27 -0.0101622
34 27 -0.0139989
35 27 -0.03815
36 27 -0.103234
37 27 -0.303998
28 28 1
29 28 -0.33918
30 28 -0.00912315
35 28 -0.0140046
36 28 -0.0381477
37 28 -0.103221
38 28 -0.303962
29 29 1
30 29 -0.335115
36 29 -0.0139685
37 29 -0.0380467
38 29 -0.102955
39 29 -0.303542
30 30 1
37 30 -0.0135245
38 30 -0.0368193
39 30 -0.100488
40 30 -0.299863
31 31 1
32 31 -0.297338
33 31 -0.00976594
41 31 -0.270253
32 32 1
33 32 -0.337462
34 32 -0.0125263
41 32 -0.0891355
42 32 -0.299778
33 33 1
34 33 -0.345356
35 33 -0.0130411
41 33 -0.0336046
42 33 -0.102994
43 33 -0.305202
34 34 1
35 34 -0.346966
36 34 -0.0131366
41 34 -0.0127896
42 34 -0.039539
43 34 -0.105795
44 34 -0.306336
35 35 1
36 35 -0.347278
37 35 -0.0131532
42 35 -0.0150779
43 35 -0.0407321
44 35 -0.106366
45 35 -0.306561
36 36 1
37 36 -0.347332
38 36 -0.0131488
43 36 -0.0155383
44 36 -0.0409714
45 36 -0.106476
46 36 -0.306603
37 37 1
38 37 -0.347285
39 37 -0.0130549
44 37 -0.01563
45 37 -0.0410156
46 37 -0.106493
47 37 -0.306604
38 38 1
39 38 -0.346367
40 38 -0.011285
45 38 -0.0156387
46 38 -0.0410007
47 38 -0.106442
48 38 -0.306497
39 39 1
40 39 -0.340357
46 39 -0.0155523
47 39 -0.0407676
48 39 -0.105897
49 39 -0.305735
40 40 1
47 40 -0.0148467
48 40 -0.038898
49 40 -0.102492
50 40 -0.30113
41 41 1
42 41 -0.297952
43 41 -0.0102789
51 41 -0.270343
42 42 1
43 42 -0.339207
44 42 -0.0134396
51 42 -0.0894417
52 42 -0.300189
43 43 1
44 43 -0.347938
45 43 -0.0141135
51 43 -0.0340678
52 43 -0.103785
53 43 -0.305963
44 44 1
45 44 -0.349926
46 44 -0.0142585
51 44 -0.0131356
52 44 -0.0403977
53 44 -0.106919
54 44 -0.307294
45 45 1
46 45 -0.350364
47 45 -0.0142866
52 45 -0.0156225
53 45 -0.0417914
54 45 -0.107635
55 45 -0.307593
46 46 1
47 46 -0.350444
48 46 -0.0142714
52 46 -0.00605137
53 46 -0.0161715
54 46 -0.0421057
55 46 -0.107791
56 46 -0.307655
47 47 1
48 47 -0.350336
49 47 -0.0140969
53 47 -0.00626433
54 47 -0.0162936
55 47 -0.0421698
56 47 -0.107815
57 47 -0.307653
48 48 1
49 48 -0.349053
50 48 -0.0119605
54 48 -0.00630568
55 48 -0.016303
56 48 -0.042139
57 48 -0.107723
58 48 -0.307484
49 49 1
50 49 -0.342091
55 49 -0.0062649
56 49 -0.0161765
57 49 -0.0418032
58 49 -0.10699
59 49 -0.306514
50 50 1
57 50 -0.0153306
58 50 -0.0396092
59 50 -0.103145
60 50 -0.301513
51 51 1
52 51 -0.298142
53 51 -0.0104466
61 51 -0.270369
52 52 1
53 52 -0.339919
54 52 -0.0140234
61 52 -0.0895425
62 52 -0.300335
53 53 1
54 53 -0.349139
55 53 -0.0147979
61 53 -0.0342386
62 53 -0.104108
63 53 -0.306273
54 54 1
55 54 -0.351371
56 54 -0.0149801
61 54 -0.0132974
62 54 -0.0408363
63 54 -0.10744
64 54 -0.307728
55 55 1
56 55 -0.351897
57 55 -0.0150143
62 55 -0.0159146
63 55 -0.0423529
64 55 -0.108249
65 55 -0.308076
56 56 1
57 56 -0.351878
58 56 -0.0147247
62 56 -0.00621405
63 56 -0.0165187
64 56 -0.0427166
65 56 -0.108434
66 56 -0.308142
57 57 1
58 57 -0.3516
59 57 -0.0144959
63 57 -0.00644796
64 57 -0.016655
65 57 -0.042778
66 57 -0.108418
67 57 -0.308112
58 58 1
59 58 -0.350083
60 58 -0.0121948
64 58 -0.00647992
65 58 -0.0166246
66 58 -0.0426242
67 58 -0.10825
68 58 -0.307878
59 59 1
60 59 -0.3427
65 59 -0.00641708
66 59 -0.0164347
67 59 -0.0422111
68 59 -0.107406
69 59 -0.306801
60 60 1
66 60 -0.0060467
67 60 -0.0155158
68 60 -0.0398672
69 60 -0.103372
70 60 -0.301641
61 61 1
62 61 -0.298212
63 61 -0.0105126
71 61 -0.270377
62 62 1
63 62 -0.340187
64 62 -0.0142054
71 62 -0.08958
72 62 -0.300391
63 63 1
64 63 -0.349617
65 63 -0.0150323
71 63 -0.0343046
72 63 -0.104233
73 63 -0.3064
64 64 1
65 64 -0.351973
66 64 -0.0152337
71 64 -0.0133571
72 64 -0.0409956
73 64 -0.107651
74 64 -0.307912
65 65 1
66 65 -0.352542
67 65 -0.0152621
72 65 -0.0160235
73 65 -0.0425709
74 65 -0.108509
75 65 -0.308288
66 66 1
67 66 -0.352594
68 66 -0.0151645
72 66 -0.0062758
73 66 -0.0166541
74 66 -0.0429612
75 66 -0.108712
76 66 -0.308366
67 67 1
68 67 -0.352239
69 67 -0.0146543
73 67 -0.00652125
74 67 -0.0168023
75 67 -0.0430322
76 67 -0.108715
77 67 -0.308328
68 68 1
69 68 -0.350516
70 68 -0.0122816
74 68 -0.00656417
75 68 -0.0167915
76 68 -0.0429321
77 68 -0.108511
78 68 -0.308062
69 69 1
70 69 -0.342928
75 69 -0.00649143
76 69 -0.0165781
77 69 -0.0423907
78 69 -0.107578
79 69 -0.306913
70 70 1
76 70 -0.00610463
77 70 -0.0155945
78 70 -0.0399683
79 70 -0.103457
80 70 -0.301686
71 71 1
72 71 -0.298238
73 71 -0.0105379
81 71 -0.270381
72 72 1
73 72 -0.340288
74 72 -0.0142725
81 72 -0.089594
82 72 -0.300412
73 73 1
74 73 -0.349806
75 73 -0.015124
81 73 -0.03433
82 73 -0.104281
83 73 -0.30645
74 74 1
75 74 -0.352221
76 74 -0.0153379
81 74 -0.0133801
82 74 -0.041057
83 74 -0.107736
84 74 -0.307988
75 75 1
76 75 -0.35282
77 75 -0.0153706
82 75 -0.0160666
83 75 -0.0426589
84 75 -0.108617
85 75 -0.308378
76 76 1
77 76 -0.352892
78 76 -0.0152849
82 76 -0.00630089
83 76 -0.0167101
84 76 -0.0430643
85 76 -0.108832
86 76 -0.308464
77 77 1
78 77 -0.352503
79 77 -0.0147236
83 77 -0.00655185
84 77 -0.0168647
85 77 -0.0431415
86 77 -0.10884
87 77 -0.308423
78 78 1
79 78 -0.350696
80 78 -0.0123158
84 78 -0.00659694
85 78 -0.0168552
86 78 -0.0430409
87 78 -0.10862
88 78 -0.308138
79 79 1
80 79 -0.343017
85 79 -0.0065206
86 79 -0.0166313
87 79 -0.0424661
88 79 -0.107649
89 79 -0.306958
80 80 1
86 80 -0.0061262
87 80 -0.0156271
88 80 -0.0400091
89 80 -0.10349
90 80 -0.301704
81 81 1
82 81 -0.298247
83 81 -0.0105477
91 81 -0.270382
82 82 1
83 82 -0.340328
84 82 -0.0142987
91 82 -0.0895993
92 82 -0.300419
83 83 1
84 83 -0.349881
85 83 -0.0151613
91 83 -0.0343398
92 83 -0.1043
93 83 -0.306469
84 84 1
85 84 -0.352324
86 84 -0.0153816
91 84 -0.0133891
92 84 -0.0410813
93 84 -0.10777
94 84 -0.308019
85 85 1
86 85 -0.352938
87 85 -0.0154162
92 85 -0.016084
93 85 -0.0426949
94 85 -0.108662
95 85 -0.308416
86 86 1
87 86 -0.353014
88 86 -0.0153283
92 86 -0.00631119
93 86 -0.0167333
94 86 -0.0431075
95 86 -0.108883
96 86 -0.308505
87 87 1
88 87 -0.352611
89 87 -0.0147527
93 87 -0.00656456
94 87 -0.0168908
95 87 -0.0431873
96 87 -0.108891
97 87 -0.308462
88 88 1
89 88 -0.35077
90 88 -0.0123296
94 88 -0.00661029
95 88 -0.016881
96 88 -0.0430836
97 88 -0.108664
98 88 -0.30817
89 89 1
90 89 -0.343054
95 89 -0.0065325
96 89 -0.0166526
97 89 -0.0424972
98 89 -0.107678
99 89 -0.306977
90 90 1
96 90 -0.00613482
97 90 -0.0156404
98 90 -0.0400257
99 90 -0.103503
100 90 -0.301711
91 91 1
92 91 -0.298251
93 91 -0.0105515
92 92 1
93 92 -0.340343
94 92 -0.0143091
93 93 1
94 93 -0.349911
95 93 -0.0151767
94 94 1
95 94 -0.352366
96 94 -0.0153998
95 95 1
96 95 -0.352988
97 95 -0.0154352
96 96 1
97 96 -0.353065
98 96 -0.0153455
97 97 1
98 97 -0.352654
99 97 -0.0147646
98 98 1
99 98 -0.350801
100 98 -0.0123352
99 99 1
100 99 -0.343068
100 100 1
