1 1 1
2 1 -0.25
11 1 -0.25
2 2 1
3 2 -0.266667
11 2 -0.0666667
12 2 -0.266667
3 3 1
4 3 -0.267857
11 3 -0.0178571
12 3 -0.0714286
13 3 -0.267857
4 4 1
5 4 -0.267943
12 4 -0.0191388
13 4 -0.0717703
14 4 -0.267943
5 5 1
6 5 -0.267949
12 5 -0.00512821
13 5 -0.0192308
14 5 -0.0717949
15 5 -0.267949
6 6 1
7 6 -0.267949
13 6 -0.00515287
14 6 -0.0192374
15 6 -0.0717966
16 6 -0.267949
7 7 1
8 7 -0.267949
14 7 -0.00515464
15 7 -0.0192378
16 7 -0.0717968
17 7 -0.267949
8 8 1
9 8 -0.267949
15 8 -0.00515477
16 8 -0.0192379
17 8 -0.0717968
18 8 -0.267949
9 9 1
10 9 -0.267949
16 9 -0.00515478
17 9 -0.0192379
18 9 -0.0717968
19 9 -0.267949
10 10 1
17 10 -0.00515478
18 10 -0.0192379
19 10 -0.0717968
20 10 -0.267949
11 11 1
12 11 -0.287081
21 11 -0.267943
12 12 1
13 12 -0.316255
14 12 -0.00602391
21 12 -0.0843059
22 12 -0.293666
13 13 1
14 13 -0.321515
15 13 -0.00611461
21 13 -0.0269341
22 13 -0.0938204
23 13 -0.29666
14 14 1
15 14 -0.322338
16 14 -0.00613143
21 14 -0.00919481
22 14 -0.0320286
23 14 -0.0956102
24 14 -0.297374
15 15 1
16 15 -0.322436
17 15 -0.00613332
22 15 -0.0109022
23 15 -0.0326464
24 15 -0.0958822
25 15 -0.297459
16 16 1
17 16 -0.322447
18 16 -0.00613354
23 16 -0.0111131
24 16 -0.0327408
25 16 -0.0959146
26 16 -0.297469
17 17 1
18 17 -0.322449
19 17 -0.00613357
24 17 -0.0111453
25 17 -0.032752
26 17 -0.0959184
27 17 -0.29747
18 18 1
19 18 -0.322329
20 18 -0.00572253
25 18 -0.0111488
26 18 -0.0327524
27 18 -0.095916
28 18 -0.297461
19 19 1
20 19 -0.320507
26 19 -0.0111399
27 19 -0.0327252
28 19 -0.095834
29 19 -0.297317
20 20 1
27 20 -0.0109622
28 20 -0.0321965
29 20 -0.0946445
30 20 -0.295296
21 21 1
22 21 -0.295217
23 21 -0.0080673
31 21 -0.269896
22 22 1
23 22 -0.332588
24 22 -0.0106101
31 22 -0.0881269
32 22 -0.298516
23 23 1
24 23 -0.33937
25 23 -0.010986
31 23 -0.0322192
32 23 -0.100851
33 23 -0.303232
24 24 1
25 24 -0.340672
26 24 -0.0110523
31 24 -0.0119213
32 24 -0.0375606
33 24 -0.10323
34 24 -0.304182
25 25 1
26 25 -0.340901
27 25 -0.0110623
32 25 -0.0139151
33 25 -0.0385311
34 25 -0.103685
35 25 -0.304353
26 26 1
27 26 -0.340938
28 26 -0.0110622
32 26 -0.00515952
33 26 -0.0142782
34 26 -0.0387137
35 26 -0.103764
36 26 -0.304382
27 27 1
28 27 -0.340927
29 27 -0.0110305
33 27 -0.00529431
34 27 -0.0143462
35 27 -0.0387447
36 27 -0.103776
37 27 -0.304385
28 28 1
29 28 -0.340398
30 28 -0.00979845
34 28 -0.00531834
35 28 -0.0143545
36 28 -0.0387406
37 28 -0.103755
38 28 -0.304332
29 29 1
30 29 -0.335926
35 29 -0.00530493
36 29 -0.0143085
37 29 -0.0386124
38 29 -0.103426
39 29 -0.30384
30 30 1
36 30 -0.0051206
37 30 -0.0138106
38 30 -0.037248
39 30 -0.100788
40 30 -0.300031
31 31 1
32 31 -0.297367
33 31 -0.00980082
41 31 -0.270256
32 32 1
33 32 -0.337708
34 32 -0.0128793
41 32 -0.0891551
42 32 -0.299816
33 33 1
34 33 -0.345896
35 33 -0.0134558
41 33 -0.0336526
42 33 -0.103106
43 33 -0.305311
34 34 1
35 34 -0.347662
36 34 -0.0135735
41 34 -0.0128605
42 34 -0.0397536
43 34 -0.106026
44 34 -0.306525
35 35 1
36 35 -0.348026
37 35 -0.0135943
42 35 -0.0152264
43 35 -0.0410198
44 35 -0.106656
45 35 -0.306781
36 36 1
37 36 -0.348087
38 36 -0.0135763
42 36 -0.00584017
43 36 -0.0157189
44 36 -0.0412899
45 36 -0.106785
46 36 -0.306831
37 37 1
38 37 -0.347942
39 37 -0.0132706
43 37 -0.00602911
44 37 -0.0158222
45 37 -0.0413406
46 37 -0.106801
47 37 -0.306823
38 38 1
39 38 -0.346858
40 38 -0.0114234
44 38 -0.00606306
45 38 -0.0158268
46 38 -0.0413077
47 38 -0.106709
48 38 -0.306686
39 39 1
40 39 -0.340642
45 39 -0.00602182
46 39 -0.0157024
47 39 -0.0409726
48 39 -0.106091
49 39 -0.305863
40 40 1
46 40 -0.00573058
47 40 -0.0149409
48 40 -0.0390275
49 40 -0.102598
50 40 -0.30119
41 41 1
42 41 -0.29797
43 41 -0.0103004
51 41 -0.270345
42 42 1
43 42 -0.339409
44 42 -0.0137599
45 42 -0.00518142
51 42 -0.0894558
52 42 -0.300217
43 43 1
44 43 -0.348361
45 43 -0.0162695
46 43 -0.00545296
51 43 -0.0341038
52 43 -0.103874
53 43 -0.306045
44 44 1
45 44 -0.351158
46 44 -0.0165463
47 44 -0.00551283
51 44 -0.0131948
52 44 -0.0405801
53 44 -0.107098
54 44 -0.307433
45 45 1
46 45 -0.351904
47 45 -0.0166131
48 45 -0.00551671
51 45 -0.00567465
52 45 -0.017569
53 45 -0.0426789
54 45 -0.108132
55 45 -0.30793
46 46 1
47 46 -0.352038
48 46 -0.0165728
49 46 -0.00543821
52 46 -0.00742761
53 46 -0.0184793
54 46 -0.0431621
55 46 -0.108399
56 46 -0.308036
47 47 1
48 47 -0.351793
49 47 -0.0161026
53 47 -0.00780595
54 47 -0.0186891
55 47 -0.0432763
56 47 -0.108436
57 47 -0.308024
48 48 1
49 48 -0.350316
50 48 -0.0120133
54 48 -0.00788139
55 48 -0.0187074
56 48 -0.0432227
57 48 -0.108288
58 48 -0.307817
49 49 1
50 49 -0.34246
55 49 -0.00781281
56 49 -0.0184986
57 49 -0.0427484
58 49 -0.107473
59 49 -0.306789
50 50 1
56 50 -0.00673578
57 50 -0.0156647
58 50 -0.039801
59 50 -0.103273
60 50 -0.301562
51 51 1
52 51 -0.298253
53 51 -0.0106764
61 51 -0.270378
52 52 1
53 52 -0.340244
54 52 -0.0143558
55 52 -0.00606274
61 52 -0.0895926
62 52 -0.300392
53 53 1
54 53 -0.349737
55 53 -0.0175099
56 53 -0.00650422
61 53 -0.0343653
62 53 -0.104254
63 53 -0.306408
54 54 1
55 54 -0.353121
56 54 -0.0179446
57 54 -0.00660904
61 54 -0.0133976
62 54 -0.041065
63 54 -0.1077
64 54 -0.307945
55 55 1
56 55 -0.354172
57 55 -0.0180606
58 55 -0.00661767
61 55 -0.00590505
62 55 -0.0182411
63 55 -0.0435152
64 55 -0.108972
65 55 -0.308598
56 56 1
57 56 -0.354355
58 56 -0.0179656
59 56 -0.00642378
62 56 -0.00788595
63 56 -0.0193657
64 56 -0.0441554
65 56 -0.109353
66 56 -0.308757
57 57 1
58 57 -0.353892
59 57 -0.0171292
63 57 -0.00836121
64 57 -0.0196538
65 57 -0.0443202
66 57 -0.109395
67 57 -0.308716
58 58 1
59 58 -0.351933
60 58 -0.0122751
64 58 -0.00846157
65 58 -0.0196725
66 58 -0.0442167
67 58 -0.109145
68 58 -0.308412
59 59 1
60 59 -0.343233
65 59 -0.00835068
66 59 -0.0193385
67 59 -0.0435234
68 59 -0.108115
69 59 -0.307204
60 60 1
66 60 -0.00704982
67 60 -0.015982
68 60 -0.0401484
69 60 -0.103556
70 60 -0.301708
61 61 1
62 61 -0.298355
63 61 -0.0107841
71 61 -0.270391
62 62 1
63 62 -0.340602
64 62 -0.0146129
65 62 -0.00632002
71 62 -0.0896453
72 62 -0.300465
63 63 1
64 63 -0.350397
65 63 -0.0180079
66 63 -0.00684544
71 63 -0.0344607
72 63 -0.104421
73 63 -0.306578
64 64 1
65 64 -0.354086
66 64 -0.0185407
67 64 -0.00698032
71 64 -0.0134828
72 64 -0.0412869
73 64 -0.107995
74 64 -0.308206
65 65 1
66 65 -0.355318
67 65 -0.0186863
68 65 -0.00698564
71 65 -0.00599338
72 65 -0.0185015
73 65 -0.0438942
74 65 -0.109392
75 65 -0.308943
66 66 1
67 66 -0.355526
68 66 -0.0185465
69 66 -0.00672622
72 66 -0.00806656
73 66 -0.0197306
74 66 -0.0446247
75 66 -0.109841
76 66 -0.309135
67 67 1
68 67 -0.354921
69 67 -0.0175382
73 67 -0.00858985
74 67 -0.0200645
75 67 -0.044819
76 67 -0.109883
77 67 -0.309073
68 68 1
69 68 -0.352675
70 68 -0.0123939
74 68 -0.00870287
75 68 -0.020079
76 68 -0.0446787
77 68 -0.109565
78 68 -0.308703
69 69 1
70 69 -0.343574
75 69 -0.00856763
76 69 -0.0196742
77 69 -0.0438676
78 69 -0.108409
79 69 -0.30739
70 70 1
76 70 -0.0071773
77 70 -0.0161237
78 70 -0.0403057
79 70 -0.103681
80 70 -0.301771
71 71 1
72 71 -0.298395
73 71 -0.0108257
81 71 -0.270396
72 72 1
73 72 -0.340756
74 72 -0.0147251
75 72 -0.00642093
81 72 -0.0896665
82 72 -0.300496
73 73 1
74 73 -0.350702
75 73 -0.018225
76 73 -0.00698695
81 73 -0.0345003
82 73 -0.104494
83 73 -0.306654
74 74 1
75 74 -0.354544
76 74 -0.0188107
77 74 -0.00713889
81 74 -0.0135202
82 74 -0.0413869
83 74 -0.108132
84 74 -0.308331
75 75 1
76 75 -0.355872
77 75 -0.0189723
78 75 -0.00714066
81 75 -0.0060317
82 75 -0.0186151
83 75 -0.0440682
84 75 -0.109593
85 75 -0.309111
76 76 1
77 76 -0.356093
78 76 -0.0188057
79 76 -0.00684842
82 76 -0.00814654
83 76 -0.0198951
84 76 -0.0448462
85 76 -0.110079
86 76 -0.309321
77 77 1
78 77 -0.355412
79 77 -0.0177172
83 77 -0.00869352
84 77 -0.0202535
85 77 -0.0450562
86 77 -0.110121
87 77 -0.309248
78 78 1
79 78 -0.353017
80 78 -0.0124481
84 78 -0.00881284
85 78 -0.0202647
86 78 -0.0448949
87 78 -0.109766
88 78 -0.308842
79 79 1
80 79 -0.343728
85 79 -0.00866515
86 79 -0.019824
87 79 -0.0440252
88 79 -0.108543
89 79 -0.307474
80 80 1
86 80 -0.0072344
87 80 -0.0161886
88 80 -0.0403775
89 80 -0.103736
90 80 -0.301798
81 81 1
82 81 -0.298411
83 81 -0.0108434
91 81 -0.270398
82 82 1
83 82 -0.340824
84 82 -0.0147754
85 82 -0.00646523
91 82 -0.0896755
92 82 -0.30051
83 83 1
84 83 -0.350842
85 83 -0.0183239
86 83 -0.00705101
91 83 -0.0345176
92 83 -0.104527
93 83 -0.306689
84 84 1
85 84 -0.354759
86 84 -0.0189368
87 84 -0.00721191
91 84 -0.0135371
92 84 -0.0414324
93 84 -0.108196
94 84 -0.308389
85 85 1
86 85 -0.356137
87 85 -0.0191067
88 85 -0.00721147
91 85 -0.00604908
92 85 -0.0186667
93 85 -0.0441489
94 85 -0.109689
95 85 -0.309192
86 86 1
87 86 -0.356365
88 86 -0.0189258
89 86 -0.00690316
92 86 -0.00818337
93 86 -0.0199715
94 86 -0.0449511
95 86 -0.110193
96 86 -0.30941
87 87 1
88 87 -0.355644
89 87 -0.0177991
90 87 -0.00500764
93 87 -0.00874195
94 87 -0.0203425
95 87 -0.0451691
96 87 -0.110235
97 87 -0.309332
88 88 1
89 88 -0.353176
90 88 -0.0142514
94 88 -0.00886439
95 88 -0.0203518
96 88 -0.0449969
97 88 -0.109861
98 88 -0.308907
89 89 1
90 89 -0.344512
95 89 -0.00871056
96 89 -0.0198934
97 89 -0.0440985
98 89 -0.108606
99 89 -0.307512
90 90 1
96 90 -0.00789594
97 90 -0.0179618
98 90 -0.0410462
99 90 -0.104035
100 90 -0.301978
91 91 1
92 91 -0.298418
93 91 -0.0108513
92 92 1
93 92 -0.340855
94 92 -0.0147984
95 92 -0.00648546
93 93 1
94 93 -0.350907
95 93 -0.0183698
96 93 -0.00708084
94 94 1
95 94 -0.354861
96 94 -0.0189963
97 94 -0.00724627
95 95 1
96 95 -0.356263
97 95 -0.0191703
98 95 -0.00724468
96 96 1
97 96 -0.356522
98 96 -0.0190138
99 96 -0.00699794
97 97 1
98 97 -0.355878
99 97 -0.0180529
100 97 -0.00555731
98 98 1
99 98 -0.353453
100 98 -0.0146574
99 99 1
100 99 -0.344845
100 100 1
