1 1 1
2 1 -0.25
21 1 -0.25
2 2 1
3 2 -0.266667
21 2 -0.0666667
22 2 -0.266667
3 3 1
4 3 -0.267857
21 3 -0.0178571
22 3 -0.0714286
23 3 -0.267857
4 4 1
5 4 -0.267943
22 4 -0.0191388
23 4 -0.0717703
24 4 -0.267943
5 5 1
6 5 -0.267949
23 5 -0.0192308
24 5 -0.0717949
25 5 -0.267949
6 6 1
7 6 -0.267949
24 6 -0.0192374
25 6 -0.0717966
26 6 -0.267949
7 7 1
8 7 -0.267949
25 7 -0.0192378
26 7 -0.0717968
27 7 -0.267949
8 8 1
9 8 -0.267949
26 8 -0.0192379
27 8 -0.0717968
28 8 -0.267949
9 9 1
10 9 -0.267949
27 9 -0.0192379
28 9 -0.0717968
29 9 -0.267949
10 10 1
11 10 -0.267949
28 10 -0.0192379
29 10 -0.0717968
30 10 -0.267949
11 11 1
12 11 -0.267949
29 11 -0.0192379
30 11 -0.0717968
31 11 -0.267949
12 12 1
13 12 -0.267949
30 12 -0.0192379
31 12 -0.0717968
32 12 -0.267949
13 13 1
14 13 -0.267949
31 13 -0.0192379
32 13 -0.0717968
33 13 -0.267949
14 14 1
15 14 -0.267949
32 14 -0.0192379
33 14 -0.0717968
34 14 -0.267949
15 15 1
16 15 -0.267949
33 15 -0.0192379
34 15 -0.0717968
35 15 -0.267949
16 16 1
17 16 -0.267949
34 16 -0.0192379
35 16 -0.0717968
36 16 -0.267949
17 17 1
18 17 -0.267949
35 17 -0.0192379
36 17 -0.0717968
37 17 -0.267949
18 18 1
19 18 -0.267949
36 18 -0.0192379
37 18 -0.0717968
38 18 -0.267949
19 19 1
20 19 -0.267949
37 19 -0.0192379
38 19 -0.0717968
39 19 -0.267949
20 20 1
38 20 -0.0192379
39 20 -0.0717968
40 20 -0.267949
21 21 1
22 21 -0.287081
41 21 -0.267943
22 22 1
23 22 -0.316138
41 22 -0.0843035
42 22 -0.293657
23 23 1
24 23 -0.319448
41 23 -0.0269214
42 23 -0.0937762
43 23 -0.29663
24 24 1
25 24 -0.319815
42 24 -0.0299903
43 24 -0.0948644
44 24 -0.296963
25 25 1
26 25 -0.319854
43 25 -0.0303427
44 25 -0.0949848
45 25 -0.297
26 26 1
27 26 -0.319858
44 26 -0.0303817
45 26 -0.0949978
46 26 -0.297003
27 27 1
28 27 -0.319859
45 27 -0.0303859
46 27 -0.0949991
47 27 -0.297004
28 28 1
29 28 -0.319859
46 28 -0.0303863
47 28 -0.0949993
48 28 -0.297004
29 29 1
30 29 -0.319859
47 29 -0.0303864
48 29 -0.0949993
49 29 -0.297004
30 30 1
31 30 -0.319859
48 30 -0.0303864
49 30 -0.0949993
50 30 -0.297004
31 31 1
32 31 -0.319859
49 31 -0.0303864
50 31 -0.0949993
51 31 -0.297004
32 32 1
33 32 -0.319859
50 32 -0.0303864
51 32 -0.0949993
52 32 -0.297004
33 33 1
34 33 -0.319859
51 33 -0.0303864
52 33 -0.0949993
53 33 -0.297004
34 34 1
35 34 -0.319859
52 34 -0.0303864
53 34 -0.0949993
54 34 -0.297004
35 35 1
36 35 -0.319859
53 35 -0.0303864
54 35 -0.0949993
55 35 -0.297004
36 36 1
37 36 -0.319859
54 36 -0.0303864
55 36 -0.0949993
56 36 -0.297004
37 37 1
38 37 -0.319859
55 37 -0.0303864
56 37 -0.0949993
57 37 -0.297004
38 38 1
39 38 -0.319859
56 38 -0.0303864
57 38 -0.0949993
58 38 -0.297004
39 39 1
40 39 -0.318197
57 39 -0.0303739
58 39 -0.0949604
59 39 -0.296882
40 40 1
58 40 -0.0300141
59 40 -0.0938356
60 40 -0.294898
41 41 1
42 41 -0.294924
61 41 -0.269876
42 42 1
43 42 -0.329225
61 42 -0.088001
62 42 -0.298385
43 43 1
44 43 -0.334038
61 43 -0.0293634
62 43 -0.0995628
63 43 -0.302415
44 44 1
45 44 -0.334699
62 44 -0.0333195
63 44 -0.101206
64 44 -0.302977
45 45 1
46 45 -0.334787
62 45 -0.0111548
63 45 -0.0338819
64 45 -0.101431
65 45 -0.303052
46 46 1
47 46 -0.334798
63 46 -0.0113436
64 46 -0.0339589
65 46 -0.101461
66 46 -0.303062
47 47 1
48 47 -0.334799
64 47 -0.0113694
65 47 -0.0339691
66 47 -0.101465
67 47 -0.303063
48 48 1
49 48 -0.3348
65 48 -0.0113728
66 48 -0.0339704
67 48 -0.101465
68 48 -0.303063
49 49 1
50 49 -0.3348
66 49 -0.0113733
67 49 -0.0339706
68 49 -0.101465
69 49 -0.303063
50 50 1
51 50 -0.3348
67 50 -0.0113733
68 50 -0.0339706
69 50 -0.101465
70 50 -0.303063
51 51 1
52 51 -0.3348
68 51 -0.0113733
69 51 -0.0339706
70 51 -0.101465
71 51 -0.303063
52 52 1
53 52 -0.3348
69 52 -0.0113733
70 52 -0.0339706
71 52 -0.101465
72 52 -0.303063
53 53 1
54 53 -0.3348
70 53 -0.0113733
71 53 -0.0339706
72 53 -0.101465
73 53 -0.303063
54 54 1
55 54 -0.3348
71 54 -0.0113733
72 54 -0.0339706
73 54 -0.101465
74 54 -0.303063
55 55 1
56 55 -0.3348
72 55 -0.0113733
73 55 -0.0339706
74 55 -0.101465
75 55 -0.303063
56 56 1
57 56 -0.3348
73 56 -0.0113733
74 56 -0.0339706
75 56 -0.101465
76 56 -0.303063
57 57 1
58 57 -0.334798
74 57 -0.0113733
75 57 -0.0339706
76 57 -0.101465
77 57 -0.303063
58 58 1
59 58 -0.33473
75 58 -0.0113731
76 58 -0.0339697
77 58 -0.101463
78 58 -0.303057
59 59 1
60 59 -0.331109
76 59 -0.0113575
77 59 -0.0339232
78 59 -0.101324
79 59 -0.302705
60 60 1
77 60 -0.0111
78 60 -0.0331542
79 60 -0.0990479
80 60 -0.299139
61 61 1
62 61 -0.296561
81 61 -0.270174
62 62 1
63 62 -0.332992
64 62 -0.0110963
81 62 -0.0888111
82 62 -0.29947
63 63 1
64 63 -0.34237
65 63 -0.0114552
81 63 -0.0300224
82 63 -0.101235
83 63 -0.304016
64 64 1
65 64 -0.344338
66 64 -0.0115389
81 64 -0.0113358
82 64 -0.0382242
83 64 -0.104608
84 64 -0.305542
65 65 1
66 65 -0.344656
67 65 -0.0115516
82 65 -0.014339
83 65 -0.0395524
84 65 -0.105294
85 65 -0.305787
66 66 1
67 66 -0.344707
68 66 -0.0115536
83 66 -0.0148419
84 66 -0.0398238
85 66 -0.105405
86 66 -0.305826
67 67 1
68 67 -0.344715
69 67 -0.0115538
84 67 -0.0149443
85 67 -0.0398674
86 67 -0.105422
87 67 -0.305832
68 68 1
69 68 -0.344716
70 68 -0.0115539
85 68 -0.0149607
86 68 -0.0398743
87 68 -0.105425
88 68 -0.305833
69 69 1
70 69 -0.344716
71 69 -0.0115539
86 69 -0.0149633
87 69 -0.0398753
88 69 -0.105426
89 69 -0.305833
70 70 1
71 70 -0.344716
72 70 -0.0115539
87 70 -0.0149637
88 70 -0.0398755
89 70 -0.105426
90 70 -0.305833
71 71 1
72 71 -0.344716
73 71 -0.0115539
88 71 -0.0149638
89 71 -0.0398755
90 71 -0.105426
91 71 -0.305833
72 72 1
73 72 -0.344716
74 72 -0.0115539
89 72 -0.0149638
90 72 -0.0398755
91 72 -0.105426
92 72 -0.305833
73 73 1
74 73 -0.344716
75 73 -0.0115539
90 73 -0.0149638
91 73 -0.0398755
92 73 -0.105426
93 73 -0.305833
74 74 1
75 74 -0.344716
76 74 -0.0115539
91 74 -0.0149638
92 74 -0.0398755
93 74 -0.105426
94 74 -0.305833
75 75 1
76 75 -0.344716
77 75 -0.0115539
92 75 -0.0149638
93 75 -0.0398755
94 75 -0.105426
95 75 -0.305833
76 76 1
77 76 -0.344715
78 76 -0.0115518
93 76 -0.0149638
94 76 -0.0398755
95 76 -0.105426
96 76 -0.305833
77 77 1
78 77 -0.344693
79 77 -0.0114988
94 77 -0.0149637
95 77 -0.0398751
96 77 -0.105425
97 77 -0.305831
78 78 1
79 78 -0.344072
80 78 -0.0101376
95 78 -0.0149596
96 78 -0.0398641
97 78 -0.105397
98 78 -0.305771
79 79 1
80 79 -0.338874
96 79 -0.0148987
97 79 -0.0397016
98 79 -0.104999
99 79 -0.305167
80 80 1
97 80 -0.0143135
98 80 -0.0381247
99 80 -0.101941
100 80 -0.300822
81 81 1
82 81 -0.29735
101 81 -0.270263
82 82 1
83 82 -0.334765
84 82 -0.0129451
101 82 -0.0891815
102 82 -0.299921
83 83 1
84 83 -0.345846
85 83 -0.0136154
101 83 -0.030342
102 83 -0.102041
103 83 -0.304815
84 84 1
85 84 -0.348666
86 84 -0.0137989
101 84 -0.0117434
102 84 -0.0394935
103 84 -0.10611
104 84 -0.306812
85 85 1
86 85 -0.349228
87 85 -0.0138319
102 85 -0.0151881
103 85 -0.0412274
104 85 -0.107113
105 85 -0.307208
86 86 1
87 86 -0.349337
88 86 -0.0138379
103 86 -0.0158679
104 86 -0.0416567
105 86 -0.107313
106 86 -0.307287
87 87 1
88 87 -0.349357
89 87 -0.0138389
104 87 -0.016035
105 87 -0.0417409
106 87 -0.107352
107 87 -0.307302
88 88 1
89 88 -0.349361
90 88 -0.0138391
105 88 -0.0160677
106 88 -0.0417569
107 88 -0.107359
108 88 -0.307304
89 89 1
90 89 -0.349361
91 89 -0.0138391
106 89 -0.0160739
107 89 -0.0417598
108 89 -0.10736
109 89 -0.307305
90 90 1
91 90 -0.349361
92 90 -0.0138391
107 90 -0.016075
108 90 -0.0417603
109 90 -0.10736
110 90 -0.307305
91 91 1
92 91 -0.349361
93 91 -0.0138391
108 91 -0.0160752
109 91 -0.0417604
110 91 -0.10736
111 91 -0.307305
92 92 1
93 92 -0.349361
94 92 -0.0138391
109 92 -0.0160752
110 92 -0.0417604
111 92 -0.10736
112 92 -0.307305
93 93 1
94 93 -0.349361
95 93 -0.0138391
110 93 -0.0160752
111 93 -0.0417604
112 93 -0.10736
113 93 -0.307305
94 94 1
95 94 -0.349361
96 94 -0.0138391
111 94 -0.0160752
112 94 -0.0417604
113 94 -0.10736
114 94 -0.307305
95 95 1
96 95 -0.349361
97 95 -0.0138384
112 95 -0.0160752
113 95 -0.0417604
114 95 -0.10736
115 95 -0.307305
96 96 1
97 96 -0.349355
98 96 -0.0138257
113 96 -0.0160752
114 96 -0.0417603
115 96 -0.10736
116 96 -0.307304
97 97 1
98 97 -0.349267
99 97 -0.0136906
114 97 -0.0160743
115 97 -0.041758
116 97 -0.107355
117 97 -0.307294
98 98 1
99 98 -0.348155
100 98 -0.0117102
115 98 -0.0160617
116 98 -0.0417252
117 98 -0.107279
118 98 -0.307156
99 99 1
100 99 -0.341561
116 99 -0.01595
117 99 -0.0414357
118 99 -0.106631
119 99 -0.306274
100 100 1
117 100 -0.0151605
118 100 -0.0393712
119 100 -0.102947
120 100 -0.301403
101 101 1
102 101 -0.297547
121 101 -0.270289
102 102 1
103 102 -0.335402
104 102 -0.01344
121 102 -0.0892857
122 102 -0.300072
103 103 1
104 103 -0.347139
105 103 -0.0142708
121 103 -0.0304518
122 103 -0.102343
123 103 -0.305135
104 104 1
105 104 -0.350379
106 104 -0.0145239
121 104 -0.0118761
122 104 -0.0399133
123 104 -0.106686
124 104 -0.30733
105 105 1
106 105 -0.351108
107 105 -0.0145764
122 105 -0.0154803
123 105 -0.0418327
124 105 -0.107853
125 105 -0.307817
106 106 1
107 106 -0.351268
108 106 -0.0145873
123 106 -0.0162455
124 106 -0.0423537
125 106 -0.108116
126 106 -0.307927
107 107 1
108 107 -0.351301
109 107 -0.0145894
124 107 -0.0164514
125 107 -0.0424692
126 107 -0.108173
127 107 -0.30795
108 108 1
109 108 -0.351308
110 108 -0.0145898
125 108 -0.016497
126 108 -0.0424942
127 108 -0.108185
128 108 -0.307955
109 109 1
110 109 -0.35131
111 109 -0.0145899
126 109 -0.0165068
127 109 -0.0424993
128 109 -0.108188
129 109 -0.307956
110 110 1
111 110 -0.35131
112 110 -0.0145899
127 110 -0.0165088
128 110 -0.0425003
129 110 -0.108188
130 110 -0.307956
111 111 1
112 111 -0.35131
113 111 -0.0145899
128 111 -0.0165092
129 111 -0.0425005
130 111 -0.108188
131 111 -0.307956
112 112 1
113 112 -0.35131
114 112 -0.0145899
129 112 -0.0165093
130 112 -0.0425006
131 112 -0.108188
132 112 -0.307956
113 113 1
114 113 -0.35131
115 113 -0.0145899
130 113 -0.0165093
131 113 -0.0425006
132 113 -0.108188
133 113 -0.307956
114 114 1
115 114 -0.35131
116 114 -0.0145897
131 114 -0.0165093
132 114 -0.0425006
133 114 -0.108188
134 114 -0.307956
115 115 1
116 115 -0.351308
117 115 -0.0145872
132 115 -0.0165093
133 115 -0.0425006
134 115 -0.108188
135 115 -0.307956
116 116 1
117 116 -0.351291
118 116 -0.0145595
133 116 -0.0165091
134 116 -0.0425001
135 116 -0.108187
136 116 -0.307954
117 117 1
118 117 -0.351135
119 117 -0.014354
134 117 -0.016507
135 117 -0.0424945
136 117 -0.108175
137 117 -0.307934
118 118 1
119 118 -0.349731
120 118 -0.0121161
135 118 -0.016486
136 118 -0.0424406
137 118 -0.108059
138 118 -0.30774
119 119 1
120 119 -0.342504
136 119 -0.0163395
137 119 -0.0420669
138 119 -0.107265
139 119 -0.306707
120 120 1
137 120 -0.0154514
138 120 -0.0397813
139 120 -0.1033
140 120 -0.301601
121 121 1
122 121 -0.297607
141 121 -0.270296
122 122 1
123 122 -0.335629
124 122 -0.0136068
141 122 -0.0893189
142 122 -0.300124
123 123 1
124 123 -0.347622
125 123 -0.0145108
141 123 -0.0304905
142 123 -0.102452
143 123 -0.305255
124 124 1
125 124 -0.351054
126 124 -0.0148023
141 124 -0.0119236
142 124 -0.040065
143 124 -0.106905
144 124 -0.307532
125 125 1
126 125 -0.351875
127 125 -0.0148687
142 125 -0.0155897
143 125 -0.0420648
144 125 -0.108148
145 125 -0.308066
126 126 1
127 126 -0.35207
128 126 -0.0148837
143 126 -0.0163936
144 126 -0.0426324
145 126 -0.108446
146 126 -0.308195
127 127 1
128 127 -0.352115
129 127 -0.014887
144 127 -0.0166199
145 127 -0.0427673
146 127 -0.108517
147 127 -0.308225
128 128 1
129 128 -0.352125
130 128 -0.0148877
145 128 -0.0166736
146 128 -0.0427989
147 128 -0.108533
148 128 -0.308232
129 129 1
130 129 -0.352127
131 129 -0.0148878
146 129 -0.0166861
147 129 -0.042806
148 129 -0.108537
149 129 -0.308233
130 130 1
131 130 -0.352127
132 130 -0.0148878
147 130 -0.016689
148 130 -0.0428076
149 130 -0.108537
150 130 -0.308233
131 131 1
132 131 -0.352128
133 131 -0.0148878
148 131 -0.0166896
149 131 -0.0428079
150 131 -0.108537
151 131 -0.308233
132 132 1
133 132 -0.352128
134 132 -0.0148878
149 132 -0.0166897
150 132 -0.0428079
151 132 -0.108537
152 132 -0.308233
133 133 1
134 133 -0.352128
135 133 -0.0148878
150 133 -0.0166897
151 133 -0.042808
152 133 -0.108537
153 133 -0.308233
134 134 1
135 134 -0.352127
136 134 -0.0148873
151 134 -0.0166897
152 134 -0.042808
153 134 -0.108537
154 134 -0.308233
135 135 1
136 135 -0.352124
137 135 -0.0148825
152 135 -0.0166897
153 135 -0.0428079
154 135 -0.108537
155 135 -0.308233
136 136 1
137 136 -0.352096
138 136 -0.0148428
153 136 -0.0166893
154 136 -0.0428068
155 136 -0.108535
156 136 -0.308229
137 137 1
138 137 -0.351893
139 137 -0.0145961
154 137 -0.0166859
155 137 -0.0427981
156 137 -0.108516
157 137 -0.308201
138 138 1
139 138 -0.35034
140 138 -0.0122517
155 138 -0.016659
156 138 -0.0427295
157 138 -0.108375
158 138 -0.307976
139 139 1
140 139 -0.342848
156 139 -0.0164933
157 139 -0.0423109
158 139 -0.107509
159 139 -0.306872
140 140 1
157 140 -0.015561
158 140 -0.0399307
159 140 -0.103427
160 140 -0.301671
141 141 1
142 141 -0.297627
161 141 -0.270298
142 142 1
143 142 -0.335711
144 142 -0.0136678
161 142 -0.0893302
162 142 -0.300141
143 143 1
144 143 -0.347806
145 143 -0.0146035
161 143 -0.0305045
162 143 -0.102492
163 143 -0.3053
144 144 1
145 144 -0.35132
146 144 -0.0149142
161 144 -0.0119413
162 144 -0.0401217
163 144 -0.106989
164 144 -0.307611
145 145 1
146 145 -0.352188
147 145 -0.0149887
162 145 -0.0156318
163 145 -0.0421555
164 145 -0.108265
165 145 -0.308166
146 146 1
147 146 -0.352404
148 146 -0.0150066
163 146 -0.0164527
164 146 -0.0427451
165 146 -0.108582
166 146 -0.308306
147 147 1
148 147 -0.352456
149 147 -0.0150108
164 147 -0.0166889
165 147 -0.0428905
166 147 -0.10866
167 147 -0.30834
148 148 1
149 148 -0.352469
150 148 -0.0150118
165 148 -0.0167471
166 148 -0.0429263
167 148 -0.108679
168 148 -0.308348
149 149 1
150 149 -0.352472
151 149 -0.015012
166 149 -0.0167614
167 149 -0.0429349
168 149 -0.108684
169 149 -0.30835
150 150 1
151 150 -0.352472
152 150 -0.015012
167 150 -0.0167648
168 150 -0.0429369
169 150 -0.108685
170 150 -0.308351
151 151 1
152 151 -0.352472
153 151 -0.015012
168 151 -0.0167656
169 151 -0.0429374
170 151 -0.108685
171 151 -0.308351
152 152 1
153 152 -0.352472
154 152 -0.015012
169 152 -0.0167658
170 152 -0.0429375
171 152 -0.108685
172 152 -0.308351
153 153 1
154 153 -0.352472
155 153 -0.0150119
170 153 -0.0167659
171 153 -0.0429375
172 153 -0.108685
173 153 -0.308351
154 154 1
155 154 -0.352472
156 154 -0.0150111
171 154 -0.0167659
172 154 -0.0429375
173 154 -0.108685
174 154 -0.308351
155 155 1
156 155 -0.352467
157 155 -0.0150044
172 155 -0.0167658
173 155 -0.0429373
174 155 -0.108685
175 155 -0.30835
156 156 1
157 156 -0.352431
158 156 -0.0149571
173 156 -0.0167652
174 156 -0.0429357
175 156 -0.108681
176 156 -0.308345
157 157 1
158 157 -0.3522
159 157 -0.0146898
174 157 -0.0167608
175 157 -0.0429246
176 157 -0.108659
177 157 -0.308311
158 158 1
159 158 -0.350578
160 158 -0.0123015
175 158 -0.0167304
176 158 -0.0428476
177 158 -0.108503
178 158 -0.30807
159 159 1
160 159 -0.342977
176 159 -0.0165551
177 159 -0.0424072
178 159 -0.107605
179 159 -0.306935
160 160 1
177 160 -0.0156036
178 160 -0.0399875
179 160 -0.103475
180 160 -0.301697
161 161 1
162 161 -0.297634
181 161 -0.270299
162 162 1
163 162 -0.335741
164 162 -0.0136908
181 162 -0.0893343
182 162 -0.300148
163 163 1
164 163 -0.347876
165 163 -0.0146399
181 163 -0.0305097
182 163 -0.102507
183 163 -0.305317
164 164 1
165 164 -0.351426
166 164 -0.0149595
181 164 -0.011948
182 164 -0.0401433
183 164 -0.107021
184 164 -0.307642
165 165 1
166 165 -0.352317
167 165 -0.0150384
182 165 -0.0156482
183 165 -0.0421913
184 165 -0.108312
185 165 -0.308207
166 166 1
167 166 -0.352543
168 166 -0.0150581
183 166 -0.0164763
184 166 -0.0427908
185 166 -0.108637
186 166 -0.308352
167 167 1
168 167 -0.3526
169 167 -0.0150629
184 167 -0.0167172
185 167 -0.0429416
186 167 -0.10872
187 167 -0.308388
168 168 1
169 168 -0.352614
170 168 -0.0150641
185 168 -0.0167778
186 168 -0.0429798
187 168 -0.108741
188 168 -0.308397
169 169 1
170 169 -0.352617
171 169 -0.0150644
186 169 -0.0167931
187 169 -0.0429893
188 169 -0.108746
189 169 -0.3084
170 170 1
171 170 -0.352618
172 170 -0.0150644
187 170 -0.0167969
188 170 -0.0429916
189 170 -0.108747
190 170 -0.3084
171 171 1
172 171 -0.352618
173 171 -0.0150644
188 171 -0.0167978
189 171 -0.0429921
190 171 -0.108748
191 171 -0.3084
172 172 1
173 172 -0.352618
174 172 -0.0150644
189 172 -0.016798
190 172 -0.0429922
191 172 -0.108748
192 172 -0.3084
173 173 1
174 173 -0.352618
175 173 -0.0150643
190 173 -0.0167981
191 173 -0.0429923
192 173 -0.108748
193 173 -0.3084
174 174 1
175 174 -0.352617
176 174 -0.0150631
191 174 -0.0167981
192 174 -0.0429922
193 174 -0.108748
194 174 -0.3084
175 175 1
176 175 -0.352611
177 175 -0.0150551
192 175 -0.016798
193 175 -0.042992
194 175 -0.108747
195 175 -0.308399
176 176 1
177 176 -0.352571
178 176 -0.0150038
193 176 -0.0167972
194 176 -0.04299
195 176 -0.108743
196 176 -0.308393
177 177 1
178 177 -0.352326
179 177 -0.0147268
194 177 -0.0167922
195 177 -0.0429774
196 177 -0.108718
197 177 -0.308357
178 178 1
179 178 -0.350672
180 178 -0.0123205
195 178 -0.0167599
196 178 -0.0428959
197 178 -0.108554
198 178 -0.308108
179 179 1
180 179 -0.343027
196 179 -0.0165802
197 179 -0.0424457
198 179 -0.107642
199 179 -0.30696
180 180 1
197 180 -0.0156205
198 180 -0.0400095
199 180 -0.103493
200 180 -0.301707
181 181 1
182 181 -0.297637
201 181 -0.2703
182 182 1
183 182 -0.335752
184 182 -0.0136996
201 182 -0.0893357
202 182 -0.30015
183 183 1
184 183 -0.347903
185 183 -0.0146543
201 183 -0.0305116
202 183 -0.102513
203 183 -0.305323
184 184 1
185 184 -0.351468
186 184 -0.0149779
201 184 -0.0119506
202 184 -0.0401516
203 184 -0.107034
204 184 -0.307654
185 185 1
186 185 -0.352369
187 185 -0.015059
202 185 -0.0156547
203 185 -0.0422054
204 185 -0.108331
205 185 -0.308223
186 186 1
187 186 -0.352601
188 186 -0.0150797
203 186 -0.0164859
204 186 -0.0428094
205 186 -0.10866
206 186 -0.308371
187 187 1
188 187 -0.35266
189 187 -0.0150849
204 187 -0.0167288
205 187 -0.0429627
206 187 -0.108745
207 187 -0.308409
188 188 1
189 188 -0.352675
190 188 -0.0150862
205 188 -0.0167905
206 188 -0.0430022
207 188 -0.108767
208 188 -0.308418
189 189 1
190 189 -0.352679
191 189 -0.0150865
206 189 -0.0168064
207 189 -0.0430122
208 189 -0.108772
209 189 -0.308421
190 190 1
191 190 -0.35268
192 190 -0.0150866
207 190 -0.0168104
208 190 -0.0430147
209 190 -0.108774
210 190 -0.308421
191 191 1
192 191 -0.35268
193 191 -0.0150866
208 191 -0.0168114
209 191 -0.0430153
210 191 -0.108774
211 191 -0.308421
192 192 1
193 192 -0.35268
194 192 -0.0150866
209 192 -0.0168117
210 192 -0.0430155
211 192 -0.108774
212 192 -0.308421
193 193 1
194 193 -0.35268
195 193 -0.0150864
210 193 -0.0168117
211 193 -0.0430155
212 193 -0.108774
213 193 -0.308421
194 194 1
195 194 -0.352679
196 194 -0.015085
211 194 -0.0168117
212 194 -0.0430154
213 194 -0.108774
214 194 -0.308421
195 195 1
196 195 -0.352672
197 195 -0.0150763
212 195 -0.0168116
213 195 -0.0430151
214 195 -0.108773
215 195 -0.30842
196 196 1
197 196 -0.352629
198 196 -0.0150229
213 196 -0.0168107
214 196 -0.0430129
215 196 -0.108769
216 196 -0.308414
197 197 1
198 197 -0.352377
199 197 -0.0147416
214 197 -0.0168054
215 197 -0.0429995
216 197 -0.108742
217 197 -0.308376
198 198 1
199 198 -0.35071
200 198 -0.0123279
215 198 -0.0167721
216 198 -0.0429158
217 198 -0.108576
218 198 -0.308124
199 199 1
200 199 -0.343046
216 199 -0.0165903
217 199 -0.0424611
218 199 -0.107657
219 199 -0.30697
200 200 1
217 200 -0.0156272
218 200 -0.0400181
219 200 -0.103501
220 200 -0.30171
201 201 1
202 201 -0.297638
221 201 -0.2703
202 202 1
203 202 -0.335757
204 202 -0.013703
221 202 -0.0893363
222 202 -0.300151
203 203 1
204 203 -0.347914
205 203 -0.0146601
221 203 -0.0305124
222 203 -0.102515
223 203 -0.305326
204 204 1
205 204 -0.351485
206 204 -0.0149854
221 204 -0.0119516
222 204 -0.0401548
223 204 -0.107039
224 204 -0.307659
205 205 1
206 205 -0.35239
207 205 -0.0150675
222 205 -0.0156572
223 205 -0.0422111
224 205 -0.108338
225 205 -0.30823
206 206 1
207 206 -0.352625
208 206 -0.0150888
223 206 -0.0164897
224 206 -0.0428169
225 206 -0.10867
226 206 -0.308379
207 207 1
208 207 -0.352686
209 207 -0.0150942
224 207 -0.0167336
225 207 -0.0429715
226 207 -0.108756
227 207 -0.308417
208 208 1
209 208 -0.352701
210 208 -0.0150956
225 208 -0.0167958
226 208 -0.0430115
227 208 -0.108778
228 208 -0.308427
209 209 1
210 209 -0.352705
211 209 -0.0150959
226 209 -0.016812
227 209 -0.0430218
228 209 -0.108783
229 209 -0.308429
210 210 1
211 210 -0.352706
212 210 -0.015096
227 210 -0.0168161
228 210 -0.0430245
229 210 -0.108785
230 210 -0.30843
211 211 1
212 211 -0.352706
213 211 -0.015096
228 211 -0.0168172
229 211 -0.0430251
230 211 -0.108785
231 211 -0.30843
212 212 1
213 212 -0.352706
214 212 -0.015096
229 212 -0.0168174
230 212 -0.0430253
231 212 -0.108785
232 212 -0.30843
213 213 1
214 213 -0.352706
215 213 -0.0150957
230 213 -0.0168175
231 213 -0.0430253
232 213 -0.108785
233 213 -0.30843
214 214 1
215 214 -0.352705
216 214 -0.0150943
231 214 -0.0168175
232 214 -0.0430253
233 214 -0.108785
234 214 -0.30843
215 215 1
216 215 -0.352697
217 215 -0.0150851
232 215 -0.0168174
233 215 -0.0430249
234 215 -0.108784
235 215 -0.308429
216 216 1
217 216 -0.352653
218 216 -0.0150307
233 216 -0.0168164
234 216 -0.0430226
235 216 -0.10878
236 216 -0.308422
217 217 1
218 217 -0.352398
219 217 -0.0147475
234 217 -0.0168109
235 217 -0.0430087
236 217 -0.108752
237 217 -0.308383
218 218 1
219 218 -0.350725
220 218 -0.0123308
235 218 -0.0167772
236 218 -0.042924
237 218 -0.108584
238 218 -0.30813
219 219 1
220 219 -0.343054
236 219 -0.0165945
237 219 -0.0424674
238 219 -0.107663
239 219 -0.306973
220 220 1
237 220 -0.0156299
238 220 -0.0400216
239 220 -0.103503
240 220 -0.301712
221 221 1
222 221 -0.297638
241 221 -0.2703
222 222 1
223 222 -0.335758
224 222 -0.0137044
241 222 -0.0893365
242 222 -0.300151
223 223 1
224 223 -0.347918
225 223 -0.0146623
241 223 -0.0305126
242 223 -0.102516
243 223 -0.305326
224 224 1
225 224 -0.351492
226 224 -0.0149885
241 224 -0.011952
242 224 -0.0401561
243 224 -0.107041
244 224 -0.307661
225 225 1
226 225 -0.352399
227 225 -0.0150711
242 225 -0.0156582
243 225 -0.0422133
244 225 -0.108341
245 225 -0.308233
226 226 1
227 226 -0.352635
228 226 -0.0150926
243 226 -0.0164913
244 226 -0.04282
245 226 -0.108673
246 226 -0.308382
227 227 1
228 227 -0.352696
229 227 -0.0150981
244 227 -0.0167355
245 227 -0.0429751
246 227 -0.10876
247 227 -0.308421
228 228 1
229 228 -0.352712
230 228 -0.0150995
245 228 -0.0167981
246 228 -0.0430154
247 228 -0.108782
248 228 -0.308431
229 229 1
230 229 -0.352716
231 229 -0.0150999
246 229 -0.0168143
247 229 -0.0430259
248 229 -0.108788
249 229 -0.308433
230 230 1
231 230 -0.352717
232 230 -0.0151
247 230 -0.0168185
248 230 -0.0430286
249 230 -0.10879
250 230 -0.308434
231 231 1
232 231 -0.352717
233 231 -0.0151
248 231 -0.0168196
249 231 -0.0430293
250 231 -0.10879
251 231 -0.308434
232 232 1
233 232 -0.352717
234 232 -0.0151
249 232 -0.0168199
250 232 -0.0430295
251 232 -0.10879
252 232 -0.308434
233 233 1
234 233 -0.352717
235 233 -0.0150997
250 233 -0.01682
251 233 -0.0430295
252 233 -0.10879
253 233 -0.308434
234 234 1
235 234 -0.352716
236 234 -0.0150981
251 234 -0.01682
252 234 -0.0430294
253 234 -0.10879
254 234 -0.308434
235 235 1
236 235 -0.352708
237 235 -0.0150888
252 235 -0.0168198
253 235 -0.043029
254 235 -0.108789
255 235 -0.308433
236 236 1
237 236 -0.352663
238 236 -0.0150339
253 236 -0.0168188
254 236 -0.0430266
255 236 -0.108784
256 236 -0.308426
237 237 1
238 237 -0.352406
239 237 -0.0147499
254 237 -0.0168132
255 237 -0.0430125
256 237 -0.108757
257 237 -0.308387
238 238 1
239 238 -0.350731
240 238 -0.0123319
255 238 -0.0167793
256 238 -0.0429273
257 238 -0.108588
258 238 -0.308132
239 239 1
240 239 -0.343057
256 239 -0.0165962
257 239 -0.0424699
258 239 -0.107666
259 239 -0.306975
240 240 1
257 240 -0.015631
258 240 -0.0400229
259 240 -0.103504
260 240 -0.301712
241 241 1
242 241 -0.297638
261 241 -0.2703
242 242 1
243 242 -0.335759
244 242 -0.0137049
261 242 -0.0893366
262 242 -0.300152
243 243 1
244 243 -0.34792
245 243 -0.0146633
261 243 -0.0305128
262 243 -0.102516
263 243 -0.305327
244 244 1
245 244 -0.351495
246 244 -0.0149897
261 244 -0.0119521
262 244 -0.0401566
263 244 -0.107042
264 244 -0.307662
245 245 1
246 245 -0.352402
247 245 -0.0150725
262 245 -0.0156586
263 245 -0.0422142
264 245 -0.108343
265 245 -0.308234
246 246 1
247 246 -0.352639
248 246 -0.0150941
263 246 -0.0164919
264 246 -0.0428213
265 246 -0.108675
266 246 -0.308383
247 247 1
248 247 -0.352701
249 247 -0.0150997
264 247 -0.0167363
265 247 -0.0429766
266 247 -0.108762
267 247 -0.308422
248 248 1
249 248 -0.352717
250 248 -0.0151012
265 248 -0.016799
266 248 -0.0430171
267 248 -0.108784
268 248 -0.308432
249 249 1
250 249 -0.352721
251 249 -0.0151016
266 249 -0.0168153
267 249 -0.0430276
268 249 -0.10879
269 249 -0.308435
250 250 1
251 250 -0.352722
252 250 -0.0151017
267 250 -0.0168195
268 250 -0.0430303
269 250 -0.108792
270 250 -0.308435
251 251 1
252 251 -0.352722
253 251 -0.0151017
268 251 -0.0168207
269 251 -0.043031
270 251 -0.108792
271 251 -0.308436
252 252 1
253 252 -0.352722
254 252 -0.0151016
269 252 -0.0168209
270 252 -0.0430312
271 252 -0.108792
272 252 -0.308436
253 253 1
254 253 -0.352722
255 253 -0.0151014
270 253 -0.016821
271 253 -0.0430313
272 253 -0.108792
273 253 -0.308436
254 254 1
255 254 -0.352721
256 254 -0.0150998
271 254 -0.016821
272 254 -0.0430312
273 254 -0.108792
274 254 -0.308435
255 255 1
256 255 -0.352713
257 255 -0.0150903
272 255 -0.0168208
273 255 -0.0430308
274 255 -0.108791
275 255 -0.308434
256 256 1
257 256 -0.352667
258 256 -0.0150353
273 256 -0.0168198
274 256 -0.0430283
275 256 -0.108786
276 256 -0.308427
257 257 1
258 257 -0.35241
259 257 -0.0147509
274 257 -0.0168142
275 257 -0.0430141
276 257 -0.108758
277 257 -0.308388
258 258 1
259 258 -0.350734
260 258 -0.0123324
275 258 -0.0167802
276 258 -0.0429287
277 258 -0.108589
278 258 -0.308133
259 259 1
260 259 -0.343058
276 259 -0.0165969
277 259 -0.0424709
278 259 -0.107667
279 259 -0.306976
260 260 1
277 260 -0.0156315
278 260 -0.0400235
279 260 -0.103505
280 260 -0.301713
261 261 1
262 261 -0.297638
281 261 -0.2703
262 262 1
263 262 -0.335759
264 262 -0.0137051
281 262 -0.0893366
282 262 -0.300152
263 263 1
264 263 -0.34792
265 263 -0.0146636
281 263 -0.0305128
282 263 -0.102516
283 263 -0.305327
264 264 1
265 264 -0.351496
266 264 -0.0149903
281 264 -0.0119522
282 264 -0.0401568
283 264 -0.107042
284 264 -0.307662
265 265 1
266 265 -0.352404
267 265 -0.0150731
282 265 -0.0156588
283 265 -0.0422146
284 265 -0.108343
285 265 -0.308234
266 266 1
267 266 -0.352641
268 266 -0.0150948
283 266 -0.0164921
284 266 -0.0428218
285 266 -0.108676
286 266 -0.308384
267 267 1
268 267 -0.352702
269 267 -0.0151004
284 267 -0.0167367
285 267 -0.0429772
286 267 -0.108762
287 267 -0.308423
268 268 1
269 268 -0.352718
270 268 -0.0151019
285 268 -0.0167994
286 268 -0.0430177
287 268 -0.108785
288 268 -0.308433
269 269 1
270 269 -0.352723
271 269 -0.0151023
286 269 -0.0168157
287 269 -0.0430283
288 269 -0.108791
289 269 -0.308435
270 270 1
271 270 -0.352724
272 270 -0.0151024
287 270 -0.01682
288 270 -0.0430311
289 270 -0.108792
290 270 -0.308436
271 271 1
272 271 -0.352724
273 271 -0.0151024
288 271 -0.0168211
289 271 -0.0430318
290 271 -0.108793
291 271 -0.308436
272 272 1
273 272 -0.352724
274 272 -0.0151024
289 272 -0.0168214
290 272 -0.043032
291 272 -0.108793
292 272 -0.308436
273 273 1
274 273 -0.352724
275 273 -0.0151021
290 273 -0.0168214
291 273 -0.043032
292 273 -0.108793
293 273 -0.308436
274 274 1
275 274 -0.352722
276 274 -0.0151005
291 274 -0.0168214
292 274 -0.0430319
293 274 -0.108793
294 274 -0.308436
275 275 1
276 275 -0.352715
277 275 -0.015091
292 275 -0.0168213
293 275 -0.0430315
294 275 -0.108792
295 275 -0.308435
276 276 1
277 276 -0.352669
278 276 -0.0150358
293 276 -0.0168203
294 276 -0.043029
295 276 -0.108787
296 276 -0.308428
277 277 1
278 277 -0.352411
279 277 -0.0147513
294 277 -0.0168146
295 277 -0.0430148
296 277 -0.108759
297 277 -0.308388
278 278 1
279 278 -0.350735
280 278 -0.0123326
295 278 -0.0167805
296 278 -0.0429293
297 278 -0.10859
298 278 -0.308134
279 279 1
280 279 -0.343059
296 279 -0.0165972
297 279 -0.0424714
298 279 -0.107667
299 279 -0.306976
280 280 1
297 280 -0.0156316
298 280 -0.0400237
299 280 -0.103505
300 280 -0.301713
281 281 1
282 281 -0.297638
301 281 -0.2703
282 282 1
283 282 -0.335759
284 282 -0.0137052
301 282 -0.0893366
302 282 -0.300152
283 283 1
284 283 -0.347921
285 283 -0.0146638
301 283 -0.0305128
302 283 -0.102516
303 283 -0.305327
284 284 1
285 284 -0.351496
286 284 -0.0149905
301 284 -0.0119522
302 284 -0.0401569
303 284 -0.107042
304 284 -0.307662
285 285 1
286 285 -0.352404
287 285 -0.0150734
302 285 -0.0156588
303 285 -0.0422147
304 285 -0.108343
305 285 -0.308234
286 286 1
287 286 -0.352641
288 286 -0.0150951
303 286 -0.0164922
304 286 -0.042822
305 286 -0.108676
306 286 -0.308384
287 287 1
288 287 -0.352703
289 287 -0.0151007
304 287 -0.0167368
305 287 -0.0429774
306 287 -0.108763
307 287 -0.308423
288 288 1
289 288 -0.352719
290 288 -0.0151022
305 288 -0.0167995
306 288 -0.043018
307 288 -0.108785
308 288 -0.308433
289 289 1
290 289 -0.352724
291 289 -0.0151026
306 289 -0.0168159
307 289 -0.0430286
308 289 -0.108791
309 289 -0.308436
290 290 1
291 290 -0.352725
292 290 -0.0151027
307 290 -0.0168202
308 290 -0.0430314
309 290 -0.108793
310 290 -0.308436
291 291 1
292 291 -0.352725
293 291 -0.0151027
308 291 -0.0168213
309 291 -0.0430321
310 291 -0.108793
311 291 -0.308437
292 292 1
293 292 -0.352725
294 292 -0.0151027
309 292 -0.0168216
310 292 -0.0430323
311 292 -0.108793
312 292 -0.308437
293 293 1
294 293 -0.352725
295 293 -0.0151024
310 293 -0.0168216
311 293 -0.0430323
312 293 -0.108793
313 293 -0.308437
294 294 1
295 294 -0.352723
296 294 -0.0151007
311 294 -0.0168216
312 294 -0.0430323
313 294 -0.108793
314 294 -0.308436
295 295 1
296 295 -0.352715
297 295 -0.0150912
312 295 -0.0168215
313 295 -0.0430318
314 295 -0.108792
315 295 -0.308435
296 296 1
297 296 -0.35267
298 296 -0.015036
313 296 -0.0168205
314 296 -0.0430293
315 296 -0.108787
316 296 -0.308428
297 297 1
298 297 -0.352412
299 297 -0.0147514
314 297 -0.0168148
315 297 -0.043015
316 297 -0.108759
317 297 -0.308389
298 298 1
299 298 -0.350735
300 298 -0.0123327
315 298 -0.0167807
316 298 -0.0429295
317 298 -0.10859
318 298 -0.308134
299 299 1
300 299 -0.343059
316 299 -0.0165973
317 299 -0.0424715
318 299 -0.107667
319 299 -0.306976
300 300 1
317 300 -0.0156317
318 300 -0.0400238
319 300 -0.103505
320 300 -0.301713
301 301 1
302 301 -0.297638
321 301 -0.2703
302 302 1
303 302 -0.335759
304 302 -0.0137052
321 302 -0.0893366
322 302 -0.300152
303 303 1
304 303 -0.347921
305 303 -0.0146638
321 303 -0.0305128
322 303 -0.102516
323 303 -0.305327
304 304 1
305 304 -0.351496
306 304 -0.0149905
321 304 -0.0119522
322 304 -0.0401569
323 304 -0.107042
324 304 -0.307662
305 305 1
306 305 -0.352405
307 305 -0.0150735
322 305 -0.0156589
323 305 -0.0422148
324 305 -0.108343
325 305 -0.308234
306 306 1
307 306 -0.352642
308 306 -0.0150952
323 306 -0.0164923
324 306 -0.0428221
325 306 -0.108676
326 306 -0.308384
307 307 1
308 307 -0.352704
309 307 -0.0151009
324 307 -0.0167369
325 307 -0.0429775
326 307 -0.108763
327 307 -0.308423
308 308 1
309 308 -0.35272
310 308 -0.0151023
325 308 -0.0167996
326 308 -0.0430181
327 308 -0.108785
328 308 -0.308433
309 309 1
310 309 -0.352724
311 309 -0.0151027
326 309 -0.016816
327 309 -0.0430287
328 309 -0.108791
329 309 -0.308436
310 310 1
311 310 -0.352725
312 310 -0.0151028
327 310 -0.0168202
328 310 -0.0430315
329 310 -0.108793
330 310 -0.308437
311 311 1
312 311 -0.352725
313 311 -0.0151028
328 311 -0.0168213
329 311 -0.0430322
330 311 -0.108793
331 311 -0.308437
312 312 1
313 312 -0.352725
314 312 -0.0151028
329 312 -0.0168216
330 312 -0.0430324
331 312 -0.108793
332 312 -0.308437
313 313 1
314 313 -0.352725
315 313 -0.0151025
330 313 -0.0168217
331 313 -0.0430325
332 313 -0.108793
333 313 -0.308437
314 314 1
315 314 -0.352724
316 314 -0.0151009
331 314 -0.0168217
332 314 -0.0430324
333 314 -0.108793
334 314 -0.308437
315 315 1
316 315 -0.352716
317 315 -0.0150914
332 315 -0.0168215
333 315 -0.043032
334 315 -0.108792
335 315 -0.308435
316 316 1
317 316 -0.35267
318 316 -0.0150361
333 316 -0.0168205
334 316 -0.0430295
335 316 -0.108787
336 316 -0.308428
317 317 1
318 317 -0.352412
319 317 -0.0147515
334 317 -0.0168148
335 317 -0.0430152
336 317 -0.108759
337 317 -0.308389
318 318 1
319 318 -0.350735
320 318 -0.0123327
335 318 -0.0167807
336 318 -0.0429296
337 318 -0.10859
338 318 -0.308134
319 319 1
320 319 -0.343059
336 319 -0.0165974
337 319 -0.0424716
338 319 -0.107667
339 319 -0.306976
320 320 1
337 320 -0.0156317
338 320 -0.0400238
339 320 -0.103505
340 320 -0.301713
321 321 1
322 321 -0.297638
341 321 -0.2703
322 322 1
323 322 -0.335759
324 322 -0.0137052
341 322 -0.0893366
342 322 -0.300152
323 323 1
324 323 -0.347921
325 323 -0.0146639
341 323 -0.0305128
342 323 -0.102516
343 323 -0.305327
324 324 1
325 324 -0.351496
326 324 -0.0149906
341 324 -0.0119522
342 324 -0.0401569
343 324 -0.107042
344 324 -0.307662
325 325 1
326 325 -0.352405
327 325 -0.0150735
342 325 -0.0156589
343 325 -0.0422148
344 325 -0.108343
345 325 -0.308234
326 326 1
327 326 -0.352642
328 326 -0.0150952
343 326 -0.0164923
344 326 -0.0428221
345 326 -0.108676
346 326 -0.308384
327 327 1
328 327 -0.352704
329 327 -0.0151009
344 327 -0.0167369
345 327 -0.0429776
346 327 -0.108763
347 327 -0.308423
328 328 1
329 328 -0.35272
330 328 -0.0151024
345 328 -0.0167996
346 328 -0.0430182
347 328 -0.108786
348 328 -0.308433
329 329 1
330 329 -0.352724
331 329 -0.0151028
346 329 -0.016816
347 329 -0.0430288
348 329 -0.108791
349 329 -0.308436
330 330 1
331 330 -0.352725
332 330 -0.0151029
347 330 -0.0168203
348 330 -0.0430316
349 330 -0.108793
350 330 -0.308437
331 331 1
332 331 -0.352725
333 331 -0.0151029
348 331 -0.0168214
349 331 -0.0430323
350 331 -0.108793
351 331 -0.308437
332 332 1
333 332 -0.352725
334 332 -0.0151028
349 332 -0.0168217
350 332 -0.0430325
351 332 -0.108794
352 332 -0.308437
333 333 1
334 333 -0.352725
335 333 -0.0151026
350 333 -0.0168217
351 333 -0.0430325
352 333 -0.108794
353 333 -0.308437
334 334 1
335 334 -0.352724
336 334 -0.0151009
351 334 -0.0168217
352 334 -0.0430325
353 334 -0.108793
354 334 -0.308437
335 335 1
336 335 -0.352716
337 335 -0.0150914
352 335 -0.0168216
353 335 -0.043032
354 335 -0.108793
355 335 -0.308435
336 336 1
337 336 -0.35267
338 336 -0.0150362
353 336 -0.0168206
354 336 -0.0430295
355 336 -0.108788
356 336 -0.308428
337 337 1
338 337 -0.352412
339 337 -0.0147515
354 337 -0.0168149
355 337 -0.0430152
356 337 -0.108759
357 337 -0.308389
338 338 1
339 338 -0.350735
340 338 -0.0123327
355 338 -0.0167808
356 338 -0.0429297
357 338 -0.10859
358 338 -0.308134
339 339 1
340 339 -0.343059
356 339 -0.0165974
357 339 -0.0424716
358 339 -0.107667
359 339 -0.306976
340 340 1
357 340 -0.0156318
358 340 -0.0400239
359 340 -0.103505
360 340 -0.301713
341 341 1
342 341 -0.297638
361 341 -0.2703
342 342 1
343 342 -0.335759
344 342 -0.0137052
361 342 -0.0893366
362 342 -0.300152
343 343 1
344 343 -0.347921
345 343 -0.0146639
361 343 -0.0305128
362 343 -0.102516
363 343 -0.305327
344 344 1
345 344 -0.351497
346 344 -0.0149906
361 344 -0.0119522
362 344 -0.040157
363 344 -0.107042
364 344 -0.307662
345 345 1
346 345 -0.352405
347 345 -0.0150735
362 345 -0.0156589
363 345 -0.0422148
364 345 -0.108343
365 345 -0.308234
346 346 1
347 346 -0.352642
348 346 -0.0150953
363 346 -0.0164923
364 346 -0.0428221
365 346 -0.108676
366 346 -0.308384
347 347 1
348 347 -0.352704
349 347 -0.0151009
364 347 -0.0167369
365 347 -0.0429776
366 347 -0.108763
367 347 -0.308423
348 348 1
349 348 -0.35272
350 348 -0.0151024
365 348 -0.0167996
366 348 -0.0430182
367 348 -0.108786
368 348 -0.308433
349 349 1
350 349 -0.352724
351 349 -0.0151028
366 349 -0.016816
367 349 -0.0430288
368 349 -0.108791
369 349 -0.308436
350 350 1
351 350 -0.352725
352 350 -0.0151029
367 350 -0.0168203
368 350 -0.0430316
369 350 -0.108793
370 350 -0.308437
351 351 1
352 351 -0.352725
353 351 -0.0151029
368 351 -0.0168214
369 351 -0.0430323
370 351 -0.108793
371 351 -0.308437
352 352 1
353 352 -0.352725
354 352 -0.0151029
369 352 -0.0168217
370 352 -0.0430325
371 352 -0.108794
372 352 -0.308437
353 353 1
354 353 -0.352725
355 353 -0.0151026
370 353 -0.0168218
371 353 -0.0430325
372 353 -0.108794
373 353 -0.308437
354 354 1
355 354 -0.352724
356 354 -0.0151009
371 354 -0.0168217
372 354 -0.0430325
373 354 -0.108793
374 354 -0.308437
355 355 1
356 355 -0.352716
357 355 -0.0150914
372 355 -0.0168216
373 355 -0.043032
374 355 -0.108793
375 355 -0.308435
356 356 1
357 356 -0.35267
358 356 -0.0150362
373 356 -0.0168206
374 356 -0.0430295
375 356 -0.108788
376 356 -0.308428
357 357 1
358 357 -0.352412
359 357 -0.0147515
374 357 -0.0168149
375 357 -0.0430152
376 357 -0.10876
377 357 -0.308389
358 358 1
359 358 -0.350735
360 358 -0.0123327
375 358 -0.0167808
376 358 -0.0429297
377 358 -0.10859
378 358 -0.308134
359 359 1
360 359 -0.343059
376 359 -0.0165974
377 359 -0.0424716
378 359 -0.107667
379 359 -0.306976
360 360 1
377 360 -0.0156318
378 360 -0.0400239
379 360 -0.103505
380 360 -0.301713
361 361 1
362 361 -0.297638
381 361 -0.2703
362 362 1
363 362 -0.335759
364 362 -0.0137052
381 362 -0.0893366
382 362 -0.300152
363 363 1
364 363 -0.347921
365 363 -0.0146639
381 363 -0.0305128
382 363 -0.102516
383 363 -0.305327
364 364 1
365 364 -0.351497
366 364 -0.0149906
381 364 -0.0119522
382 364 -0.040157
383 364 -0.107042
384 364 -0.307662
365 365 1
366 365 -0.352405
367 365 -0.0150736
382 365 -0.0156589
383 365 -0.0422148
384 365 -0.108343
385 365 -0.308234
366 366 1
367 366 -0.352642
368 366 -0.0150953
383 366 -0.0164923
384 366 -0.0428221
385 366 -0.108676
386 366 -0.308384
367 367 1
368 367 -0.352704
369 367 -0.0151009
384 367 -0.0167369
385 367 -0.0429776
386 367 -0.108763
387 367 -0.308423
368 368 1
369 368 -0.35272
370 368 -0.0151024
385 368 -0.0167996
386 368 -0.0430182
387 368 -0.108786
388 368 -0.308433
369 369 1
370 369 -0.352724
371 369 -0.0151028
386 369 -0.016816
387 369 -0.0430288
388 369 -0.108791
389 369 -0.308436
370 370 1
371 370 -0.352725
372 370 -0.0151029
387 370 -0.0168203
388 370 -0.0430316
389 370 -0.108793
390 370 -0.308437
371 371 1
372 371 -0.352725
373 371 -0.0151029
388 371 -0.0168214
389 371 -0.0430323
390 371 -0.108793
391 371 -0.308437
372 372 1
373 372 -0.352726
374 372 -0.0151029
389 372 -0.0168217
390 372 -0.0430325
391 372 -0.108794
392 372 -0.308437
373 373 1
374 373 -0.352725
375 373 -0.0151026
390 373 -0.0168218
391 373 -0.0430326
392 373 -0.108794
393 373 -0.308437
374 374 1
375 374 -0.352724
376 374 -0.0151009
391 374 -0.0168218
392 374 -0.0430325
393 374 -0.108793
394 374 -0.308437
375 375 1
376 375 -0.352716
377 375 -0.0150914
392 375 -0.0168216
393 375 -0.0430321
394 375 -0.108793
395 375 -0.308435
376 376 1
377 376 -0.35267
378 376 -0.0150362
393 376 -0.0168206
394 376 -0.0430295
395 376 -0.108788
396 376 -0.308428
377 377 1
378 377 -0.352412
379 377 -0.0147515
394 377 -0.0168149
395 377 -0.0430152
396 377 -0.10876
397 377 -0.308389
378 378 1
379 378 -0.350735
380 378 -0.0123327
395 378 -0.0167808
396 378 -0.0429297
397 378 -0.10859
398 378 -0.308134
379 379 1
380 379 -0.343059
396 379 -0.0165974
397 379 -0.0424716
398 379 -0.107667
399 379 -0.306976
380 380 1
397 380 -0.0156318
398 380 -0.0400239
399 380 -0.103505
400 380 -0.301713
381 381 1
382 381 -0.297638
382 382 1
383 382 -0.335759
384 382 -0.0137052
383 383 1
384 383 -0.347921
385 383 -0.0146639
384 384 1
385 384 -0.351497
386 384 -0.0149906
385 385 1
386 385 -0.352405
387 385 -0.0150736
386 386 1
387 386 -0.352642
388 386 -0.0150953
387 387 1
388 387 -0.352704
389 387 -0.0151009
388 388 1
389 388 -0.35272
390 388 -0.0151024
389 389 1
390 389 -0.352724
391 389 -0.0151028
390 390 1
391 390 -0.352725
392 390 -0.0151029
391 391 1
392 391 -0.352725
393 391 -0.0151029
392 392 1
393 392 -0.352726
394 392 -0.0151029
393 393 1
394 393 -0.352725
395 393 -0.0151026
394 394 1
395 394 -0.352724
396 394 -0.0151009
395 395 1
396 395 -0.352716
397 395 -0.0150914
396 396 1
397 396 -0.35267
398 396 -0.0150362
397 397 1
398 397 -0.352412
399 397 -0.0147515
398 398 1
399 398 -0.350735
400 398 -0.0123327
399 399 1
400 399 -0.343059
400 400 1
