1 1 1
2 1 -0.25
21 1 -0.25
2 2 1
3 2 -0.266667
21 2 -0.0666667
22 2 -0.266667
3 3 1
4 3 -0.267857
21 3 -0.0178571
22 3 -0.0714286
23 3 -0.267857
4 4 1
5 4 -0.267943
21 4 -0.00478469
22 4 -0.0191388
23 4 -0.0717703
24 4 -0.267943
5 5 1
6 5 -0.267949
22 5 -0.00512821
23 5 -0.0192308
24 5 -0.0717949
25 5 -0.267949
6 6 1
7 6 -0.267949
23 6 -0.00515287
24 6 -0.0192374
25 6 -0.0717966
26 6 -0.267949
7 7 1
8 7 -0.267949
24 7 -0.00515464
25 7 -0.0192378
26 7 -0.0717968
27 7 -0.267949
8 8 1
9 8 -0.267949
25 8 -0.00515477
26 8 -0.0192379
27 8 -0.0717968
28 8 -0.267949
9 9 1
10 9 -0.267949
26 9 -0.00515478
27 9 -0.0192379
28 9 -0.0717968
29 9 -0.267949
10 10 1
11 10 -0.267949
27 10 -0.00515478
28 10 -0.0192379
29 10 -0.0717968
30 10 -0.267949
11 11 1
12 11 -0.267949
28 11 -0.00515478
29 11 -0.0192379
30 11 -0.0717968
31 11 -0.267949
12 12 1
13 12 -0.267949
29 12 -0.00515478
30 12 -0.0192379
31 12 -0.0717968
32 12 -0.267949
13 13 1
14 13 -0.267949
30 13 -0.00515478
31 13 -0.0192379
32 13 -0.0717968
33 13 -0.267949
14 14 1
15 14 -0.267949
31 14 -0.00515478
32 14 -0.0192379
33 14 -0.0717968
34 14 -0.267949
15 15 1
16 15 -0.267949
32 15 -0.00515478
33 15 -0.0192379
34 15 -0.0717968
35 15 -0.267949
16 16 1
17 16 -0.267949
33 16 -0.00515478
34 16 -0.0192379
35 16 -0.0717968
36 16 -0.267949
17 17 1
18 17 -0.267949
34 17 -0.00515478
35 17 -0.0192379
36 17 -0.0717968
37 17 -0.267949
18 18 1
19 18 -0.267949
35 18 -0.00515478
36 18 -0.0192379
37 18 -0.0717968
38 18 -0.267949
19 19 1
20 19 -0.267949
36 19 -0.00515478
37 19 -0.0192379
38 19 -0.0717968
39 19 -0.267949
20 20 1
37 20 -0.00515478
38 20 -0.0192379
39 20 -0.0717968
40 20 -0.267949
21 21 1
22 21 -0.287179
23 21 -0.00512821
41 21 -0.267949
22 22 1
23 22 -0.317888
24 22 -0.00602427
41 22 -0.0843398
42 22 -0.293683
23 23 1
24 23 -0.321869
25 23 -0.00612115
41 23 -0.0286344
42 23 -0.0944058
43 23 -0.296978
24 24 1
25 24 -0.322378
26 24 -0.00613215
41 24 -0.00974443
42 24 -0.0322221
43 24 -0.0957268
44 24 -0.297409
25 25 1
26 25 -0.32244
27 25 -0.00613341
42 25 -0.0109684
43 25 -0.0326866
44 25 -0.0958954
45 25 -0.297463
26 26 1
27 26 -0.322448
28 26 -0.00613355
43 26 -0.0111268
44 26 -0.0327454
45 26 -0.0959161
46 26 -0.297469
27 27 1
28 27 -0.322449
29 27 -0.00613357
44 27 -0.0111469
45 27 -0.0327525
46 27 -0.0959186
47 27 -0.29747
28 28 1
29 28 -0.322449
30 28 -0.00613357
45 28 -0.0111493
46 28 -0.0327534
47 28 -0.0959189
48 28 -0.29747
29 29 1
30 29 -0.322449
31 29 -0.00613357
46 29 -0.0111496
47 29 -0.0327535
48 29 -0.0959189
49 29 -0.29747
30 30 1
31 30 -0.322449
32 30 -0.00613357
47 30 -0.0111497
48 30 -0.0327535
49 30 -0.0959189
50 30 -0.29747
31 31 1
32 31 -0.322449
33 31 -0.00613357
48 31 -0.0111497
49 31 -0.0327535
50 31 -0.0959189
51 31 -0.29747
32 32 1
33 32 -0.322449
34 32 -0.00613357
49 32 -0.0111497
50 32 -0.0327535
51 32 -0.0959189
52 32 -0.29747
33 33 1
34 33 -0.322449
35 33 -0.00613357
50 33 -0.0111497
51 33 -0.0327535
52 33 -0.0959189
53 33 -0.29747
34 34 1
35 34 -0.322449
36 34 -0.00613357
51 34 -0.0111497
52 34 -0.0327535
53 34 -0.0959189
54 34 -0.29747
35 35 1
36 35 -0.322449
37 35 -0.00613357
52 35 -0.0111497
53 35 -0.0327535
54 35 -0.0959189
55 35 -0.29747
36 36 1
37 36 -0.322449
38 36 -0.00613357
53 36 -0.0111497
54 36 -0.0327535
55 36 -0.0959189
56 36 -0.29747
37 37 1
38 37 -0.322449
39 37 -0.00613357
54 37 -0.0111497
55 37 -0.0327535
56 37 -0.0959189
57 37 -0.29747
38 38 1
39 38 -0.322329
40 38 -0.00572253
55 38 -0.0111493
56 38 -0.0327525
57 38 -0.0959161
58 38 -0.297461
39 39 1
40 39 -0.320507
56 39 -0.01114
57 39 -0.0327252
58 39 -0.0958341
59 39 -0.297317
40 40 1
57 40 -0.0109622
58 40 -0.0321965
59 40 -0.0946445
60 40 -0.295296
41 41 1
42 41 -0.295431
43 41 -0.0085757
61 41 -0.269924
42 42 1
43 42 -0.333039
44 42 -0.010677
61 42 -0.088213
62 42 -0.298591
43 43 1
44 43 -0.339575
45 43 -0.011004
61 43 -0.0324486
62 43 -0.101029
63 43 -0.303355
44 44 1
45 44 -0.34072
46 44 -0.0110551
61 44 -0.0120095
62 44 -0.0376523
63 44 -0.103304
64 44 -0.304215
45 45 1
46 45 -0.34091
47 45 -0.0110628
61 45 -0.0044521
62 45 -0.0139504
63 45 -0.0385636
64 45 -0.103702
65 45 -0.30436
46 46 1
47 46 -0.34094
48 46 -0.0110639
62 46 -0.00517268
63 46 -0.0142904
64 46 -0.0387206
65 46 -0.103767
66 46 -0.304384
47 47 1
48 47 -0.340944
49 47 -0.0110641
63 47 -0.00529888
64 47 -0.0143489
65 47 -0.0387462
66 47 -0.103778
67 47 -0.304387
48 48 1
49 48 -0.340945
50 48 -0.0110641
64 48 -0.00532059
65 48 -0.0143584
66 48 -0.0387502
67 48 -0.103779
68 48 -0.304388
49 49 1
50 49 -0.340945
51 49 -0.0110641
65 49 -0.00532412
66 49 -0.0143599
67 49 -0.0387508
68 49 -0.10378
69 49 -0.304388
50 50 1
51 50 -0.340945
52 50 -0.0110641
66 50 -0.00532468
67 50 -0.0143601
68 50 -0.0387509
69 50 -0.10378
70 50 -0.304388
51 51 1
52 51 -0.340945
53 51 -0.0110641
67 51 -0.00532476
68 51 -0.0143602
69 51 -0.0387509
70 51 -0.10378
71 51 -0.304388
52 52 1
53 52 -0.340945
54 52 -0.0110641
68 52 -0.00532477
69 52 -0.0143602
70 52 -0.0387509
71 52 -0.10378
72 52 -0.304388
53 53 1
54 53 -0.340945
55 53 -0.0110641
69 53 -0.00532478
70 53 -0.0143602
71 53 -0.0387509
72 53 -0.10378
73 53 -0.304388
54 54 1
55 54 -0.340945
56 54 -0.0110641
70 54 -0.00532478
71 54 -0.0143602
72 54 -0.0387509
73 54 -0.10378
74 54 -0.304388
55 55 1
56 55 -0.340945
57 55 -0.0110641
71 55 -0.00532478
72 55 -0.0143602
73 55 -0.0387509
74 55 -0.10378
75 55 -0.304388
56 56 1
57 56 -0.340945
58 56 -0.0110625
72 56 -0.00532477
73 56 -0.0143602
74 56 -0.0387509
75 56 -0.10378
76 56 -0.304388
57 57 1
58 57 -0.340928
59 57 -0.0110306
73 57 -0.00532474
74 57 -0.0143601
75 57 -0.0387506
76 57 -0.103779
77 57 -0.304386
58 58 1
59 58 -0.340398
60 58 -0.00979845
74 58 -0.00532349
75 58 -0.0143567
76 58 -0.0387415
77 58 -0.103756
78 58 -0.304333
59 59 1
60 59 -0.335926
75 59 -0.00530576
76 59 -0.0143089
77 59 -0.0386125
78 59 -0.103427
79 59 -0.30384
60 60 1
76 60 -0.00512072
77 60 -0.0138107
78 60 -0.037248
79 60 -0.100788
80 60 -0.300031
61 61 1
62 61 -0.297489
63 61 -0.0100245
81 61 -0.27027
62 62 1
63 62 -0.337896
64 62 -0.0129129
65 62 -0.0047119
81 62 -0.089204
82 62 -0.299857
63 63 1
64 63 -0.345996
65 63 -0.0150909
66 63 -0.00491544
81 63 -0.0337564
82 63 -0.103181
83 63 -0.305364
64 64 1
65 64 -0.348321
66 64 -0.0152842
67 64 -0.00495465
81 64 -0.0129023
82 64 -0.0397968
83 64 -0.106063
84 64 -0.306545
65 65 1
66 65 -0.34889
67 65 -0.0153315
68 65 -0.00496436
81 65 -0.00544226
82 65 -0.0168914
83 65 -0.0416239
84 65 -0.106914
85 65 -0.306941
66 66 1
67 66 -0.349003
68 66 -0.0153408
69 66 -0.00496615
82 66 -0.00701389
83 66 -0.0176586
84 66 -0.0420034
85 66 -0.107116
86 66 -0.30702
67 67 1
68 67 -0.349025
69 67 -0.0153425
70 67 -0.00496648
83 67 -0.00732791
84 67 -0.0178209
85 67 -0.042093
86 67 -0.107156
87 67 -0.307035
68 68 1
69 68 -0.349029
70 68 -0.0153429
71 68 -0.00496654
84 68 -0.00739534
85 68 -0.0178592
86 68 -0.0421107
87 68 -0.107164
88 68 -0.307038
69 69 1
70 69 -0.34903
71 69 -0.0153429
72 69 -0.00496655
85 69 -0.00741121
86 69 -0.0178667
87 69 -0.0421141
88 69 -0.107165
89 69 -0.307039
70 70 1
71 70 -0.34903
72 70 -0.0153429
73 70 -0.00496655
86 70 -0.00741432
87 70 -0.0178682
88 70 -0.0421148
89 70 -0.107166
90 70 -0.307039
71 71 1
72 71 -0.34903
73 71 -0.0153429
74 71 -0.00496655
87 71 -0.00741492
88 71 -0.0178685
89 71 -0.0421149
90 71 -0.107166
91 71 -0.307039
72 72 1
73 72 -0.34903
74 72 -0.0153429
75 72 -0.00496655
88 72 -0.00741503
89 72 -0.0178685
90 72 -0.0421149
91 72 -0.107166
92 72 -0.307039
73 73 1
74 73 -0.34903
75 73 -0.0153429
76 73 -0.00496654
89 73 -0.00741505
90 73 -0.0178685
91 73 -0.0421149
92 73 -0.107166
93 73 -0.307039
74 74 1
75 74 -0.34903
76 74 -0.0153429
77 74 -0.00496635
90 74 -0.00741506
91 74 -0.0178685
92 74 -0.0421149
93 74 -0.107166
94 74 -0.307039
75 75 1
76 75 -0.349029
77 75 -0.0153412
78 75 -0.0049626
91 75 -0.00741506
92 75 -0.0178685
93 75 -0.0421149
94 75 -0.107166
95 75 -0.307039
76 76 1
77 76 -0.349019
78 76 -0.0153179
79 76 -0.00492153
92 76 -0.00741501
93 76 -0.0178684
94 76 -0.0421147
95 76 -0.107165
96 76 -0.307038
77 77 1
78 77 -0.348859
79 77 -0.0149968
80 77 -0.00424015
93 77 -0.0074143
94 77 -0.0178667
95 77 -0.0421106
96 77 -0.107156
97 77 -0.30702
78 78 1
79 78 -0.347765
80 78 -0.0129093
94 78 -0.00740646
95 78 -0.0178476
96 78 -0.0420661
97 78 -0.107058
98 78 -0.306881
79 79 1
80 79 -0.341442
95 79 -0.00734533
96 79 -0.0176979
97 79 -0.0417207
98 79 -0.106435
99 79 -0.306054
80 80 1
96 80 -0.00692905
97 80 -0.0166609
98 80 -0.0396724
99 80 -0.102892
100 80 -0.301346
81 81 1
82 81 -0.298091
83 81 -0.0105327
84 81 -0.00400073
101 81 -0.270356
82 82 1
83 82 -0.339681
84 82 -0.015329
85 82 -0.00580674
101 82 -0.0895073
102 82 -0.300269
83 83 1
84 83 -0.349281
85 83 -0.0169477
86 83 -0.00618905
101 83 -0.0342235
102 83 -0.103992
103 83 -0.306145
84 84 1
85 84 -0.352031
86 84 -0.017323
87 84 -0.00627772
101 84 -0.0146514
102 84 -0.0412235
103 84 -0.107474
104 84 -0.3077
85 85 1
86 85 -0.352815
87 85 -0.0174197
88 85 -0.00630096
101 85 -0.00628301
102 85 -0.018098
103 85 -0.0431155
104 85 -0.108488
105 85 -0.308176
86 86 1
87 86 -0.353016
88 86 -0.0174429
89 86 -0.00630619
102 86 -0.00775154
103 86 -0.0189916
104 86 -0.0436325
105 86 -0.108774
106 86 -0.308302
87 87 1
88 87 -0.353065
89 87 -0.0174482
90 87 -0.00630734
103 87 -0.00813253
104 87 -0.019231
105 87 -0.0437739
106 87 -0.108847
107 87 -0.308334
88 88 1
89 88 -0.353076
90 88 -0.0174493
91 88 -0.00630759
104 88 -0.00823506
105 88 -0.0192958
106 88 -0.0438093
107 88 -0.108864
108 88 -0.308341
89 89 1
90 89 -0.353079
91 89 -0.0174495
92 89 -0.00630764
105 89 -0.00826277
106 89 -0.0193118
107 89 -0.0438177
108 89 -0.108869
109 89 -0.308343
90 90 1
91 90 -0.353079
92 90 -0.0174496
93 90 -0.00630765
106 90 -0.00826961
107 90 -0.0193156
108 90 -0.0438196
109 90 -0.108869
110 90 -0.308343
91 91 1
92 91 -0.35308
93 91 -0.0174496
94 91 -0.00630766
107 91 -0.00827121
108 91 -0.0193164
109 91 -0.04382
110 91 -0.10887
111 91 -0.308343
92 92 1
93 92 -0.35308
94 92 -0.0174496
95 92 -0.00630765
108 92 -0.00827157
109 92 -0.0193166
110 92 -0.0438201
111 92 -0.10887
112 92 -0.308343
93 93 1
94 93 -0.35308
95 93 -0.0174495
96 93 -0.00630752
109 93 -0.00827165
110 93 -0.0193166
111 93 -0.0438201
112 93 -0.10887
113 93 -0.308343
94 94 1
95 94 -0.353079
96 94 -0.0174486
97 94 -0.00630578
110 94 -0.00827167
111 94 -0.0193166
112 94 -0.0438201
113 94 -0.10887
114 94 -0.308343
95 95 1
96 95 -0.353074
97 95 -0.0174395
98 95 -0.00629083
111 95 -0.00827164
112 95 -0.0193166
113 95 -0.04382
114 95 -0.108869
115 95 -0.308343
96 96 1
97 96 -0.353032
98 96 -0.0173706
99 96 -0.00618641
112 96 -0.00827134
113 96 -0.0193159
114 96 -0.0438183
115 96 -0.108866
116 96 -0.308337
97 97 1
98 97 -0.352685
99 97 -0.0167995
100 97 -0.00513638
113 97 -0.00826851
114 97 -0.0193092
115 97 -0.0438036
116 97 -0.108836
117 97 -0.30829
98 98 1
99 98 -0.35103
100 98 -0.0140309
114 98 -0.00824924
115 98 -0.0192636
116 98 -0.043705
117 98 -0.108642
118 98 -0.308043
99 99 1
100 99 -0.343537
115 99 -0.0081415
116 99 -0.0190073
117 99 -0.0431592
118 99 -0.107752
119 99 -0.306959
100 100 1
116 100 -0.00756798
117 100 -0.0176212
118 100 -0.040629
119 100 -0.103679
120 100 -0.3018
101 101 1
102 101 -0.29837
103 101 -0.0108752
104 101 -0.0045597
121 101 -0.270394
102 102 1
103 102 -0.340525
104 102 -0.0161409
105 102 -0.00625916
121 102 -0.089644
122 102 -0.300446
103 103 1
104 103 -0.35075
105 103 -0.0177976
106 103 -0.00670112
121 103 -0.0344758
122 103 -0.104375
123 103 -0.306512
104 104 1
105 104 -0.35381
106 104 -0.0182663
107 104 -0.00682402
121 104 -0.0150506
122 104 -0.0417915
123 104 -0.108116
124 104 -0.308242
105 105 1
106 105 -0.354742
107 105 -0.0184014
108 105 -0.00685905
121 105 -0.00652918
122 105 -0.0186163
123 105 -0.0438151
124 105 -0.10925
125 105 -0.308782
106 106 1
107 106 -0.355013
108 106 -0.0184386
109 106 -0.0068683
122 106 -0.00807749
123 106 -0.0196007
124 106 -0.044419
125 106 -0.109595
126 106 -0.308943
107 107 1
108 107 -0.355088
109 107 -0.0184483
110 107 -0.00687065
123 107 -0.0085059
124 107 -0.0198919
125 107 -0.0445992
126 107 -0.109695
127 107 -0.308988
108 108 1
109 108 -0.355108
110 108 -0.0184507
111 108 -0.00687122
124 108 -0.00863271
125 108 -0.0199778
126 108 -0.0446503
127 108 -0.109722
128 108 -0.309
109 109 1
110 109 -0.355113
111 109 -0.0184513
112 109 -0.00687136
125 109 -0.00867006
126 109 -0.020002
127 109 -0.0446642
128 109 -0.109729
129 109 -0.309004
110 110 1
111 110 -0.355114
112 110 -0.0184515
113 110 -0.00687139
126 110 -0.00868052
127 110 -0.0200084
128 110 -0.0446678
129 110 -0.109731
130 110 -0.309004
111 111 1
112 111 -0.355114
113 111 -0.0184515
114 111 -0.00687139
127 111 -0.00868332
128 111 -0.0200101
129 111 -0.0446687
130 111 -0.109732
131 111 -0.309004
112 112 1
113 112 -0.355114
114 112 -0.0184515
115 112 -0.00687133
128 112 -0.00868404
129 112 -0.0200105
130 112 -0.0446689
131 112 -0.109732
132 112 -0.309005
113 113 1
114 113 -0.355114
115 113 -0.0184511
116 113 -0.00687069
129 113 -0.00868421
130 113 -0.0200106
131 113 -0.0446689
132 113 -0.109732
133 113 -0.309005
114 114 1
115 114 -0.355112
116 114 -0.018448
117 114 -0.00686563
130 114 -0.00868424
131 114 -0.0200106
132 114 -0.0446689
133 114 -0.109732
134 114 -0.309004
115 115 1
116 115 -0.355099
117 115 -0.0184265
118 115 -0.0068356
131 115 -0.00868414
132 115 -0.0200103
133 115 -0.0446683
134 115 -0.109731
135 115 -0.309002
116 116 1
117 116 -0.355014
118 116 -0.0183081
119 116 -0.0066764
132 116 -0.00868327
133 116 -0.0200083
134 116 -0.0446639
135 116 -0.109722
136 116 -0.30899
117 117 1
118 117 -0.354511
119 117 -0.0175721
120 117 -0.00544342
133 117 -0.00867745
134 117 -0.0199947
135 117 -0.0446355
136 117 -0.109669
137 117 -0.308914
118 118 1
119 118 -0.352489
120 118 -0.0144653
134 118 -0.00864652
135 118 -0.0199225
136 118 -0.0444872
137 118 -0.109397
138 118 -0.308586
119 119 1
120 119 -0.344387
135 119 -0.00850332
136 119 -0.0195877
137 119 -0.0438073
138 119 -0.108337
139 119 -0.307348
120 120 1
136 120 -0.0078411
137 120 -0.0180153
138 120 -0.0410256
139 120 -0.103996
140 120 -0.301975
121 121 1
122 121 -0.298482
123 121 -0.0110006
124 121 -0.00469448
141 121 -0.270409
122 122 1
123 122 -0.340891
124 122 -0.016445
125 122 -0.00645572
141 122 -0.0897004
142 122 -0.300522
123 123 1
124 123 -0.351401
125 123 -0.0181919
126 123 -0.00693721
141 123 -0.0345782
142 123 -0.104544
143 123 -0.306679
124 124 1
125 124 -0.354654
126 124 -0.0187185
127 124 -0.00708214
141 124 -0.0151851
142 124 -0.0420274
143 124 -0.108405
144 124 -0.308493
125 125 1
126 125 -0.355689
127 125 -0.018881
128 125 -0.00712631
141 125 -0.00662522
142 125 -0.0188455
143 125 -0.0441419
144 125 -0.109616
145 125 -0.309078
126 126 1
127 126 -0.356011
128 126 -0.0189296
129 126 -0.00713917
142 126 -0.00822715
143 126 -0.0198898
144 126 -0.0448013
145 126 -0.110001
146 126 -0.309262
127 127 1
128 127 -0.356107
129 127 -0.0189436
130 127 -0.00714277
143 127 -0.00868615
144 127 -0.0202145
145 127 -0.045009
146 127 -0.110121
147 127 -0.309318
128 128 1
129 128 -0.356135
130 128 -0.0189475
131 128 -0.00714375
144 128 -0.00882901
145 128 -0.0203161
146 128 -0.0450725
147 128 -0.110156
148 128 -0.309335
129 129 1
130 129 -0.356143
131 129 -0.0189485
132 129 -0.007144
145 129 -0.00887359
146 129 -0.0203468
147 129 -0.0450912
148 129 -0.110167
149 129 -0.30934
130 130 1
131 130 -0.356145
132 130 -0.0189487
133 130 -0.00714407
146 130 -0.00888704
147 130 -0.0203557
148 130 -0.0450965
149 130 -0.11017
150 130 -0.309341
131 131 1
132 131 -0.356146
133 131 -0.0189488
134 131 -0.00714405
147 131 -0.00889097
148 131 -0.0203583
149 131 -0.045098
150 131 -0.11017
151 131 -0.309341
132 132 1
133 132 -0.356146
134 132 -0.0189487
135 132 -0.00714384
148 132 -0.00889207
149 132 -0.020359
150 132 -0.0450983
151 132 -0.110171
152 132 -0.309341
133 133 1
134 133 -0.356145
135 133 -0.0189477
136 133 -0.00714234
149 133 -0.00889237
150 133 -0.0203591
151 133 -0.0450984
152 133 -0.110171
153 133 -0.309341
134 134 1
135 134 -0.356141
136 134 -0.0189415
137 134 -0.00713338
150 134 -0.0088924
151 134 -0.0203591
152 134 -0.0450982
153 134 -0.11017
154 134 -0.309341
135 135 1
136 135 -0.356117
137 135 -0.0189076
138 135 -0.00708997
151 135 -0.00889215
152 135 -0.0203585
153 135 -0.0450969
154 135 -0.110168
155 135 -0.309337
136 136 1
137 136 -0.355996
138 136 -0.0187506
139 136 -0.0068941
152 136 -0.00889055
153 136 -0.0203547
154 136 -0.0450892
155 136 -0.110154
156 136 -0.309319
137 137 1
138 137 -0.355386
139 137 -0.017918
140 137 -0.00557067
153 137 -0.0088818
154 137 -0.0203344
155 137 -0.0450483
156 137 -0.110081
157 137 -0.30922
138 138 1
139 138 -0.353153
140 138 -0.0146477
154 138 -0.00884171
155 138 -0.0202419
156 138 -0.0448643
157 138 -0.109758
158 138 -0.308841
139 139 1
140 139 -0.344751
155 139 -0.00867563
156 139 -0.0198578
157 139 -0.0441056
158 139 -0.108601
159 139 -0.30752
140 140 1
156 140 -0.00796587
157 140 -0.0181898
158 140 -0.0411984
159 140 -0.104131
160 140 -0.302047
141 141 1
142 141 -0.298527
143 141 -0.0110492
144 141 -0.00474166
161 141 -0.270414
142 142 1
143 142 -0.341048
144 142 -0.0165718
145 142 -0.00654362
161 142 -0.0897235
162 142 -0.300554
143 143 1
144 143 -0.351695
145 143 -0.0183762
146 143 -0.00704985
161 143 -0.0346206
162 143 -0.104618
163 143 -0.306753
144 144 1
145 144 -0.355055
146 144 -0.0189384
147 144 -0.00720867
161 144 -0.0152396
162 144 -0.0421302
163 144 -0.108536
164 144 -0.308609
145 145 1
146 145 -0.356156
147 145 -0.0191194
148 145 -0.00725938
161 145 -0.00666699
162 145 -0.0189497
163 145 -0.0442951
164 145 -0.109791
165 145 -0.309222
146 146 1
147 146 -0.356511
148 146 -0.0191765
149 146 -0.00727507
162 146 -0.00829732
163 146 -0.0200284
164 146 -0.0449878
165 146 -0.110202
166 146 -0.309422
147 147 1
148 147 -0.356624
149 147 -0.019194
150 147 -0.00727979
163 147 -0.00877408
164 147 -0.0203739
165 147 -0.0452136
166 147 -0.110335
167 147 -0.309486
148 148 1
149 148 -0.356658
150 148 -0.0191992
151 148 -0.00728116
164 148 -0.00892696
165 148 -0.020486
166 148 -0.0452859
167 148 -0.110377
168 148 -0.309505
149 149 1
150 149 -0.356669
151 149 -0.0192007
152 149 -0.00728155
165 149 -0.00897651
166 149 -0.0205216
167 149 -0.0453084
168 149 -0.11039
169 149 -0.309512
150 150 1
151 150 -0.356672
152 150 -0.0192011
153 150 -0.00728164
166 150 -0.00899221
167 150 -0.0205326
168 150 -0.0453153
169 150 -0.110394
170 150 -0.309513
151 151 1
152 151 -0.356673
153 151 -0.0192012
154 151 -0.0072816
167 151 -0.00899706
168 151 -0.0205359
169 151 -0.0453173
170 151 -0.110395
171 151 -0.309514
152 152 1
153 152 -0.356673
154 152 -0.0192009
155 152 -0.00728117
168 152 -0.00899851
169 152 -0.0205369
170 152 -0.0453178
171 152 -0.110395
172 152 -0.309514
153 153 1
154 153 -0.356671
155 153 -0.0191992
156 153 -0.00727871
169 153 -0.00899893
170 153 -0.0205371
171 153 -0.0453179
172 153 -0.110395
173 153 -0.309514
154 154 1
155 154 -0.356665
156 154 -0.0191899
157 154 -0.00726632
170 154 -0.00899896
171 154 -0.020537
172 154 -0.0453176
173 154 -0.110394
174 154 -0.309513
155 155 1
156 155 -0.356632
157 155 -0.019146
158 155 -0.00721329
171 155 -0.00899853
172 155 -0.0205359
173 155 -0.0453154
174 155 -0.11039
175 155 -0.309508
156 156 1
157 156 -0.356483
158 156 -0.0189637
159 156 -0.00699558
172 156 -0.00899621
173 156 -0.0205306
174 156 -0.0453046
175 156 -0.110372
176 156 -0.309483
157 157 1
158 157 -0.355808
159 157 -0.0180779
160 157 -0.00562737
173 157 -0.00898512
174 157 -0.020505
175 157 -0.0452544
176 157 -0.110285
177 157 -0.30937
158 158 1
159 158 -0.353461
160 158 -0.0147284
174 158 -0.00893879
175 158 -0.0203988
176 158 -0.0450476
177 158 -0.109931
178 158 -0.308962
159 159 1
160 159 -0.344912
175 159 -0.00875916
176 159 -0.0199864
177 159 -0.0442454
178 159 -0.108724
179 159 -0.307598
160 160 1
176 160 -0.00802454
177 160 -0.0182699
178 160 -0.0412764
179 160 -0.104191
180 160 -0.302079
161 161 1
162 161 -0.298545
163 161 -0.0110696
164 161 -0.00476115
181 161 -0.270417
162 162 1
163 162 -0.341117
164 162 -0.0166278
165 162 -0.00658389
181 162 -0.0897333
182 162 -0.300568
163 163 1
164 163 -0.351829
165 163 -0.0184631
166 163 -0.0071041
181 163 -0.0346388
182 163 -0.10465
183 163 -0.306787
164 164 1
165 164 -0.355246
166 164 -0.0190459
167 164 -0.0072713
181 164 -0.0152633
182 164 -0.0421764
183 164 -0.108596
184 164 -0.308663
165 165 1
166 165 -0.356385
167 165 -0.0192386
168 165 -0.00732636
181 165 -0.00668597
182 165 -0.0189978
183 165 -0.0443675
184 165 -0.109875
185 165 -0.309292
166 166 1
167 166 -0.356763
168 166 -0.0193016
169 166 -0.0073441
182 166 -0.00833062
183 166 -0.0200953
184 166 -0.0450789
185 166 -0.110302
186 166 -0.309501
167 167 1
168 167 -0.356886
169 167 -0.0193217
170 167 -0.00734968
183 167 -0.00881714
184 167 -0.0204528
185 167 -0.045316
186 167 -0.110443
187 167 -0.30957
168 168 1
169 168 -0.356926
170 168 -0.019328
171 168 -0.0073514
184 168 -0.00897595
185 168 -0.0205716
186 168 -0.0453941
187 168 -0.110489
188 168 -0.309592
169 169 1
170 169 -0.356938
171 169 -0.0193299
172 169 -0.00735191
185 169 -0.0090287
186 169 -0.0206106
187 169 -0.0454194
188 169 -0.110504
189 169 -0.3096
170 170 1
171 170 -0.356942
172 170 -0.0193304
173 170 -0.00735204
186 170 -0.00904596
187 170 -0.0206231
188 170 -0.0454274
189 170 -0.110509
190 170 -0.309602
171 171 1
172 171 -0.356943
173 171 -0.0193305
174 171 -0.00735196
187 171 -0.0090515
188 171 -0.020627
189 171 -0.0454298
190 171 -0.11051
191 171 -0.309602
172 172 1
173 172 -0.356943
174 172 -0.0193301
175 172 -0.00735129
188 172 -0.00905324
189 172 -0.0206282
190 172 -0.0454306
191 172 -0.11051
192 172 -0.309603
173 173 1
174 173 -0.356941
175 173 -0.0193275
176 173 -0.00734798
189 173 -0.00905375
190 173 -0.0206285
191 173 -0.0454307
192 173 -0.11051
193 173 -0.309602
174 174 1
175 174 -0.356932
176 174 -0.0193157
177 174 -0.00733304
190 174 -0.00905378
191 174 -0.0206283
192 174 -0.0454301
193 174 -0.110509
194 174 -0.309601
175 175 1
176 175 -0.356893
177 175 -0.019265
178 175 -0.00727386
191 175 -0.00905318
192 175 -0.0206269
193 175 -0.0454272
194 175 -0.110504
195 175 -0.309594
176 176 1
177 176 -0.356725
178 176 -0.0190673
179 176 -0.00704391
192 176 -0.00905027
193 176 -0.0206202
194 176 -0.0454141
195 176 -0.110482
196 176 -0.309566
177 177 1
178 177 -0.356012
179 177 -0.0181532
180 177 -0.00565351
193 177 -0.00903751
194 177 -0.0205909
195 177 -0.0453575
196 177 -0.110386
197 177 -0.309444
178 178 1
179 178 -0.353606
180 178 -0.0147652
194 178 -0.00898729
195 178 -0.0204764
196 178 -0.0451373
197 178 -0.110015
198 178 -0.30902
179 179 1
180 179 -0.344986
195 179 -0.00880001
196 179 -0.0200483
197 179 -0.0443119
198 179 -0.108781
199 179 -0.307634
180 180 1
196 180 -0.00805258
197 180 -0.0183075
198 180 -0.0413125
199 180 -0.104218
200 180 -0.302093
181 181 1
182 181 -0.298553
183 181 -0.0110785
184 181 -0.00476975
201 181 -0.270418
182 182 1
183 182 -0.341148
184 182 -0.0166532
185 182 -0.00660264
201 182 -0.0897375
202 182 -0.300574
183 183 1
184 183 -0.35189
185 183 -0.0185044
186 183 -0.00713035
201 183 -0.0346469
202 183 -0.104665
203 183 -0.306802
184 184 1
185 184 -0.355337
186 184 -0.0190985
187 184 -0.00730238
201 184 -0.015274
202 184 -0.0421976
203 184 -0.108624
204 184 -0.308688
185 185 1
186 185 -0.356498
187 185 -0.0192983
188 185 -0.00736016
201 185 -0.00669478
202 185 -0.0190204
203 185 -0.0444019
204 185 -0.109915
205 185 -0.309326
186 186 1
187 186 -0.356889
188 186 -0.019365
189 186 -0.00737927
202 186 -0.00834655
203 186 -0.0201276
204 186 -0.0451235
205 186 -0.110351
206 186 -0.309541
187 187 1
188 187 -0.35702
189 187 -0.0193869
190 187 -0.00738549
203 187 -0.00883827
204 187 -0.0204919
205 187 -0.0453671
206 187 -0.110497
207 187 -0.309613
188 188 1
189 188 -0.357063
190 188 -0.019394
191 188 -0.00738748
204 188 -0.00900046
205 188 -0.0206148
206 188 -0.0454489
207 188 -0.110546
208 188 -0.309637
189 189 1
190 189 -0.357077
191 189 -0.0193963
192 189 -0.00738809
205 189 -0.00905515
206 189 -0.0206559
207 189 -0.0454761
208 189 -0.110563
209 189 -0.309645
190 190 1
191 190 -0.357081
192 190 -0.019397
193 190 -0.00738825
206 190 -0.00907343
207 190 -0.0206695
208 190 -0.0454849
209 190 -0.110568
210 190 -0.309647
191 191 1
192 191 -0.357082
193 191 -0.019397
194 191 -0.00738811
207 191 -0.00907946
208 191 -0.0206739
209 191 -0.0454878
210 191 -0.110569
211 191 -0.309648
192 192 1
193 192 -0.357082
194 192 -0.0193964
195 192 -0.00738723
208 192 -0.00908141
209 192 -0.0206753
210 192 -0.0454886
211 192 -0.11057
212 192 -0.309648
193 193 1
194 193 -0.35708
195 193 -0.0193932
196 193 -0.00738327
209 193 -0.009082
210 193 -0.0206756
211 193 -0.0454887
212 193 -0.11057
213 193 -0.309648
194 194 1
195 194 -0.357069
196 194 -0.0193796
197 194 -0.00736664
210 194 -0.00908201
211 194 -0.0206754
212 194 -0.045488
213 194 -0.110568
214 194 -0.309646
195 195 1
196 195 -0.357024
197 195 -0.0193245
198 195 -0.00730379
211 195 -0.00908128
212 195 -0.0206736
213 195 -0.0454845
214 195 -0.110562
215 195 -0.309638
196 196 1
197 196 -0.356846
198 196 -0.0191181
199 196 -0.00706721
212 196 -0.00907794
213 196 -0.0206659
214 196 -0.0454697
215 196 -0.110538
216 196 -0.309608
197 197 1
198 197 -0.356112
199 197 -0.0181892
200 197 -0.00566582
213 197 -0.0090641
214 197 -0.0206343
215 197 -0.0454092
216 197 -0.110437
217 197 -0.30948
198 198 1
199 198 -0.353675
200 198 -0.0147824
214 198 -0.00901157
215 198 -0.0205149
216 198 -0.0451814
217 198 -0.110056
218 198 -0.309048
199 199 1
200 199 -0.345021
215 199 -0.00882011
216 199 -0.0200784
217 199 -0.0443439
218 199 -0.108808
219 199 -0.307651
200 200 1
216 200 -0.00806613
217 200 -0.0183254
218 200 -0.0413295
219 200 -0.104231
220 200 -0.3021
201 201 1
202 201 -0.298557
203 201 -0.0110825
204 201 -0.00477367
221 201 -0.270418
202 202 1
203 202 -0.341162
204 202 -0.016665
205 202 -0.00661148
221 202 -0.0897394
222 202 -0.300577
203 203 1
204 203 -0.351919
205 203 -0.0185241
206 203 -0.00714309
221 203 -0.0346506
222 203 -0.104671
223 203 -0.306809
204 204 1
205 204 -0.355381
206 204 -0.0191244
207 204 -0.0073178
221 204 -0.0152789
222 204 -0.0422075
223 204 -0.108638
224 204 -0.3087
205 205 1
206 205 -0.356554
207 205 -0.0193281
208 205 -0.00737721
221 205 -0.00669893
222 205 -0.0190311
223 205 -0.0444183
224 205 -0.109934
225 205 -0.309342
206 206 1
207 206 -0.356952
208 206 -0.0193971
209 206 -0.00739719
222 206 -0.00835423
223 206 -0.0201433
224 206 -0.0451453
225 206 -0.110375
226 206 -0.30956
207 207 1
208 207 -0.357087
209 207 -0.0194203
210 207 -0.00740385
223 207 -0.00884866
224 207 -0.0205113
225 207 -0.0453927
226 207 -0.110525
227 207 -0.309634
208 208 1
209 208 -0.357133
210 208 -0.019428
211 208 -0.00740603
224 208 -0.00901271
225 208 -0.0206365
226 208 -0.0454767
227 208 -0.110575
228 208 -0.309659
209 209 1
210 209 -0.357148
211 209 -0.0194305
212 209 -0.00740673
225 209 -0.00906856
226 209 -0.020679
227 209 -0.045505
228 209 -0.110593
229 209 -0.309668
210 210 1
211 210 -0.357153
212 210 -0.0194312
213 210 -0.0074069
226 210 -0.00908747
227 210 -0.0206932
228 210 -0.0455145
229 210 -0.110598
230 210 -0.309671
211 211 1
212 211 -0.357154
213 211 -0.0194313
214 211 -0.00740672
227 211 -0.00909382
228 211 -0.020698
229 211 -0.0455176
230 211 -0.1106
231 211 -0.309671
212 212 1
213 212 -0.357154
214 212 -0.0194305
215 212 -0.00740568
228 212 -0.00909592
229 212 -0.0206995
230 212 -0.0455185
231 212 -0.1106
232 212 -0.309672
213 213 1
214 213 -0.357151
215 213 -0.0194269
216 213 -0.00740126
229 213 -0.00909656
230 213 -0.0206999
231 213 -0.0455186
232 213 -0.1106
233 213 -0.309671
214 214 1
215 214 -0.357139
216 214 -0.0194121
217 214 -0.00738357
230 214 -0.00909656
231 214 -0.0206996
232 214 -0.0455178
233 214 -0.110599
234 214 -0.309669
215 215 1
216 215 -0.357091
217 215 -0.0193543
218 215 -0.00731863
231 215 -0.00909573
232 215 -0.0206975
233 215 -0.0455138
234 215 -0.110592
235 215 -0.309661
216 216 1
217 216 -0.356907
218 216 -0.0191431
219 216 -0.00707854
232 216 -0.0090921
233 216 -0.0206892
234 216 -0.0454979
235 216 -0.110566
236 216 -0.309629
217 217 1
218 217 -0.356161
219 217 -0.0182065
220 217 -0.00567169
233 217 -0.00907759
234 217 -0.0206562
235 217 -0.0454352
236 217 -0.110462
237 217 -0.309498
218 218 1
219 218 -0.353708
220 218 -0.0147906
234 218 -0.00902374
235 218 -0.020534
236 218 -0.0452032
237 218 -0.110076
238 218 -0.309062
219 219 1
220 219 -0.345037
235 219 -0.00883005
236 219 -0.0200931
237 219 -0.0443594
238 219 -0.108821
239 219 -0.307659
220 220 1
236 220 -0.00807272
237 220 -0.0183341
238 220 -0.0413376
239 220 -0.104237
240 220 -0.302103
221 221 1
222 221 -0.298559
223 221 -0.0110843
224 221 -0.00477548
241 221 -0.270418
222 222 1
223 222 -0.341168
224 222 -0.0166706
225 222 -0.00661569
241 222 -0.0897403
242 222 -0.300578
223 223 1
224 223 -0.351933
225 223 -0.0185335
226 223 -0.0071493
241 223 -0.0346523
242 223 -0.104675
243 223 -0.306812
224 224 1
225 224 -0.355402
226 224 -0.0191371
227 224 -0.00732547
241 224 -0.0152813
242 224 -0.0422122
243 224 -0.108644
244 224 -0.308706
225 225 1
226 225 -0.356581
227 225 -0.019343
228 225 -0.0073858
241 225 -0.0067009
242 225 -0.0190362
243 225 -0.0444263
244 225 -0.109944
245 225 -0.30935
226 226 1
227 226 -0.356984
228 226 -0.0194134
229 226 -0.00740633
242 226 -0.00835794
243 226 -0.020151
244 226 -0.0451561
245 226 -0.110387
246 226 -0.30957
227 227 1
228 227 -0.357122
229 227 -0.0194373
230 227 -0.00741326
243 227 -0.00885378
244 227 -0.0205209
245 227 -0.0454054
246 227 -0.110538
247 227 -0.309645
228 228 1
229 228 -0.357168
230 228 -0.0194454
231 228 -0.00741558
244 228 -0.00901885
245 228 -0.0206475
246 228 -0.0454907
247 228 -0.11059
248 228 -0.309671
229 229 1
230 229 -0.357184
231 229 -0.0194481
232 229 -0.00741633
245 229 -0.00907534
246 229 -0.0206907
247 229 -0.0455198
248 229 -0.110608
249 229 -0.30968
230 230 1
231 230 -0.357189
232 230 -0.0194489
233 230 -0.00741651
246 230 -0.00909463
247 230 -0.0207054
248 230 -0.0455296
249 230 -0.110614
250 230 -0.309683
231 231 1
232 231 -0.357191
233 231 -0.0194489
234 231 -0.0074163
247 231 -0.00910119
248 231 -0.0207104
249 231 -0.0455329
250 231 -0.110616
251 231 -0.309684
232 232 1
233 232 -0.357191
234 232 -0.0194481
235 232 -0.00741515
248 232 -0.00910338
249 232 -0.020712
250 232 -0.045534
251 232 -0.110616
252 232 -0.309684
233 233 1
234 233 -0.357188
235 233 -0.0194441
236 233 -0.00741044
249 233 -0.00910406
250 233 -0.0207124
251 233 -0.0455341
252 233 -0.110616
253 233 -0.309683
234 234 1
235 234 -0.357175
236 234 -0.0194285
237 234 -0.00739211
250 234 -0.00910406
251 234 -0.020712
252 234 -0.0455331
253 234 -0.110614
254 234 -0.309681
235 235 1
236 235 -0.357125
237 235 -0.0193692
238 235 -0.00732601
251 235 -0.00910315
252 235 -0.0207098
253 235 -0.0455288
254 235 -0.110607
255 235 -0.309672
236 236 1
237 236 -0.356937
238 236 -0.0191554
239 236 -0.00708409
252 236 -0.00909934
253 236 -0.0207011
254 236 -0.0455123
255 236 -0.11058
256 236 -0.30964
237 237 1
238 237 -0.356185
239 237 -0.018215
240 237 -0.00567453
253 237 -0.00908444
254 237 -0.0206672
255 237 -0.0454482
256 237 -0.110475
257 237 -0.309507
238 238 1
239 238 -0.353724
240 238 -0.0147945
254 238 -0.00902985
255 238 -0.0205436
256 238 -0.045214
257 238 -0.110086
258 238 -0.309068
239 239 1
240 239 -0.345045
255 239 -0.00883497
256 239 -0.0201004
257 239 -0.044367
258 239 -0.108828
259 239 -0.307663
240 240 1
256 240 -0.00807596
257 240 -0.0183383
258 240 -0.0413415
259 240 -0.104239
260 240 -0.302104
241 241 1
242 241 -0.298559
243 241 -0.0110851
244 241 -0.00477634
261 241 -0.270418
242 242 1
243 242 -0.341171
244 242 -0.0166732
245 242 -0.0066177
261 242 -0.0897407
262 242 -0.300579
243 243 1
244 243 -0.35194
245 243 -0.0185381
246 243 -0.00715233
261 243 -0.0346531
262 243 -0.104676
263 243 -0.306814
244 244 1
245 244 -0.355413
246 244 -0.0191433
247 244 -0.00732928
261 244 -0.0152824
262 244 -0.0422144
263 244 -0.108647
264 244 -0.308709
245 245 1
246 245 -0.356595
247 245 -0.0193505
248 245 -0.00739013
261 245 -0.00670184
262 245 -0.0190387
263 245 -0.0444301
264 245 -0.109949
265 245 -0.309354
246 246 1
247 246 -0.357
248 246 -0.0194217
249 246 -0.00741097
262 246 -0.00835975
263 246 -0.0201547
264 246 -0.0451614
265 246 -0.110393
266 246 -0.309575
247 247 1
248 247 -0.357139
249 247 -0.019446
250 247 -0.00741808
263 247 -0.0088563
264 247 -0.0205257
265 247 -0.0454118
266 247 -0.110545
267 247 -0.309651
248 248 1
249 248 -0.357187
250 248 -0.0194543
251 248 -0.00742049
264 248 -0.00902191
265 248 -0.020653
266 248 -0.0454978
267 248 -0.110598
268 248 -0.309677
249 249 1
250 249 -0.357203
251 249 -0.0194571
252 249 -0.00742128
265 249 -0.00907877
266 249 -0.0206967
267 249 -0.0455274
268 249 -0.110616
269 249 -0.309686
250 250 1
251 250 -0.357208
252 250 -0.019458
253 250 -0.00742147
266 250 -0.00909829
267 250 -0.0207116
268 250 -0.0455374
269 250 -0.110622
270 250 -0.309689
251 251 1
252 251 -0.35721
253 251 -0.019458
254 251 -0.00742124
267 251 -0.00910497
268 251 -0.0207167
269 251 -0.0455408
270 251 -0.110624
271 251 -0.30969
252 252 1
253 252 -0.35721
254 252 -0.0194571
255 252 -0.00742
268 252 -0.00910723
269 252 -0.0207184
270 252 -0.0455419
271 252 -0.110624
272 252 -0.30969
253 253 1
254 253 -0.357206
255 253 -0.0194529
256 253 -0.00741511
269 253 -0.00910793
270 253 -0.0207189
271 253 -0.045542
272 253 -0.110624
273 253 -0.30969
254 254 1
255 254 -0.357193
256 254 -0.0194369
257 254 -0.00739642
270 254 -0.00910792
271 254 -0.0207184
272 254 -0.045541
273 254 -0.110622
274 254 -0.309687
255 255 1
256 255 -0.357142
257 255 -0.0193768
258 255 -0.00732969
271 255 -0.00910697
272 255 -0.0207161
273 255 -0.0455365
274 255 -0.110615
275 255 -0.309678
256 256 1
257 256 -0.356952
258 256 -0.0191615
259 256 -0.00708682
272 256 -0.00910304
273 256 -0.0207072
274 256 -0.0455196
275 256 -0.110587
276 256 -0.309645
257 257 1
258 257 -0.356197
259 257 -0.0182191
260 257 -0.00567591
273 257 -0.00908791
274 257 -0.0206728
275 257 -0.0454547
276 257 -0.110481
277 257 -0.309512
258 258 1
259 258 -0.353732
260 258 -0.0147964
274 258 -0.00903292
275 258 -0.0205483
276 258 -0.0452193
277 258 -0.110091
278 258 -0.309072
259 259 1
260 259 -0.345049
275 259 -0.00883743
276 259 -0.0201039
277 259 -0.0443707
278 259 -0.108831
279 259 -0.307665
260 260 1
276 260 -0.00807755
277 260 -0.0183403
278 260 -0.0413434
279 260 -0.104241
280 260 -0.302105
261 261 1
262 261 -0.29856
263 261 -0.0110856
264 261 -0.00477675
281 261 -0.270418
262 262 1
263 262 -0.341173
264 262 -0.0166744
265 262 -0.00661867
281 262 -0.0897408
282 262 -0.300579
263 263 1
264 263 -0.351943
265 263 -0.0185403
266 263 -0.00715382
281 263 -0.0346534
282 263 -0.104677
283 263 -0.306814
264 264 1
265 264 -0.355418
266 264 -0.0191464
267 264 -0.00733117
281 264 -0.0152829
282 264 -0.0422154
283 264 -0.108648
284 264 -0.30871
265 265 1
266 265 -0.356602
267 265 -0.0193542
268 265 -0.00739232
281 265 -0.0067023
282 265 -0.0190399
283 265 -0.044432
284 265 -0.109951
285 265 -0.309356
266 266 1
267 266 -0.357008
268 266 -0.0194258
269 266 -0.00741333
282 266 -0.00836063
283 266 -0.0201566
284 266 -0.045164
285 266 -0.110396
286 266 -0.309578
267 267 1
268 267 -0.357148
269 267 -0.0194505
270 267 -0.00742055
283 267 -0.00885755
284 267 -0.020528
285 267 -0.045415
286 267 -0.110549
287 267 -0.309654
268 268 1
269 268 -0.357196
270 268 -0.0194589
271 268 -0.00742301
284 268 -0.00902345
285 268 -0.0206557
286 268 -0.0455014
287 268 -0.110602
288 268 -0.30968
269 269 1
270 269 -0.357213
271 269 -0.0194618
272 269 -0.00742383
285 269 -0.00908051
286 269 -0.0206997
287 269 -0.0455312
288 269 -0.11062
289 269 -0.309689
270 270 1
271 270 -0.357218
272 270 -0.0194627
273 270 -0.00742402
286 270 -0.00910015
287 270 -0.0207148
288 270 -0.0455414
289 270 -0.110626
290 270 -0.309692
271 271 1
272 271 -0.35722
273 271 -0.0194627
274 271 -0.00742377
287 271 -0.0091069
288 271 -0.02072
289 271 -0.0455449
290 271 -0.110628
291 271 -0.309693
272 272 1
273 272 -0.35722
274 272 -0.0194617
275 272 -0.00742249
288 272 -0.0091092
289 272 -0.0207217
290 272 -0.045546
291 272 -0.110629
292 272 -0.309693
273 273 1
274 273 -0.357216
275 273 -0.0194574
276 273 -0.00741749
289 273 -0.00910992
290 273 -0.0207222
291 273 -0.0455461
292 273 -0.110628
293 273 -0.309693
274 274 1
275 274 -0.357202
276 274 -0.0194411
277 274 -0.0073986
290 274 -0.00910991
291 274 -0.0207217
292 274 -0.045545
293 274 -0.110626
294 274 -0.30969
275 275 1
276 275 -0.357151
277 275 -0.0193805
278 275 -0.00733152
291 275 -0.00910892
292 275 -0.0207194
293 275 -0.0455404
294 275 -0.110619
295 275 -0.309681
276 276 1
277 276 -0.35696
278 276 -0.0191646
279 276 -0.00708817
292 276 -0.00910493
293 276 -0.0207103
294 276 -0.0455233
295 276 -0.110591
296 276 -0.309648
277 277 1
278 277 -0.356203
279 277 -0.0182211
280 277 -0.00567658
293 277 -0.00908968
294 277 -0.0206756
295 277 -0.045458
296 277 -0.110484
297 277 -0.309514
278 278 1
279 278 -0.353736
280 278 -0.0147973
294 278 -0.00903447
295 278 -0.0205507
296 278 -0.045222
297 278 -0.110093
298 278 -0.309073
279 279 1
280 279 -0.345051
295 279 -0.00883865
296 279 -0.0201057
297 279 -0.0443725
298 279 -0.108832
299 279 -0.307666
280 280 1
296 280 -0.00807834
297 280 -0.0183413
298 280 -0.0413443
299 280 -0.104242
300 280 -0.302105
281 281 1
282 281 -0.29856
283 281 -0.0110857
284 281 -0.00477694
301 281 -0.270418
282 282 1
283 282 -0.341173
284 282 -0.016675
285 282 -0.00661915
301 282 -0.0897409
302 282 -0.300579
283 283 1
284 283 -0.351944
285 283 -0.0185414
286 283 -0.00715455
301 283 -0.0346536
302 283 -0.104677
303 283 -0.306815
284 284 1
285 284 -0.35542
286 284 -0.0191479
287 284 -0.00733211
301 284 -0.0152831
302 284 -0.0422159
303 284 -0.108649
304 284 -0.308711
285 285 1
286 285 -0.356605
287 285 -0.0193561
288 285 -0.00739341
301 285 -0.00670252
302 285 -0.0190404
303 285 -0.0444329
304 285 -0.109952
305 285 -0.309357
286 286 1
287 286 -0.357012
288 286 -0.019428
289 286 -0.00741453
302 286 -0.00836106
303 286 -0.0201575
304 286 -0.0451652
305 286 -0.110397
306 286 -0.309579
287 287 1
288 287 -0.357152
289 287 -0.0194527
290 287 -0.00742181
303 287 -0.00885817
304 287 -0.0205292
305 287 -0.0454166
306 287 -0.110551
307 287 -0.309655
288 288 1
289 288 -0.357201
290 288 -0.0194613
291 288 -0.0074243
304 288 -0.00902422
305 288 -0.0206571
306 288 -0.0455033
307 288 -0.110603
308 288 -0.309681
289 289 1
290 289 -0.357218
291 289 -0.0194642
292 289 -0.00742514
305 289 -0.00908139
306 289 -0.0207012
307 289 -0.0455332
308 289 -0.110622
309 289 -0.309691
290 290 1
291 290 -0.357223
292 290 -0.0194651
293 290 -0.00742533
306 290 -0.0091011
307 290 -0.0207165
308 290 -0.0455435
309 290 -0.110628
310 290 -0.309694
291 291 1
292 291 -0.357225
293 291 -0.0194651
294 291 -0.00742508
307 291 -0.00910789
308 291 -0.0207217
309 291 -0.045547
310 291 -0.11063
311 291 -0.309695
292 292 1
293 292 -0.357225
294 292 -0.0194641
295 292 -0.00742376
308 292 -0.00911021
309 292 -0.0207234
310 292 -0.0455481
311 292 -0.110631
312 292 -0.309695
293 293 1
294 293 -0.357221
295 293 -0.0194597
296 293 -0.0074187
309 293 -0.00911094
310 293 -0.0207239
311 293 -0.0455482
312 293 -0.11063
313 293 -0.309694
294 294 1
295 294 -0.357207
296 294 -0.0194433
297 294 -0.0073997
310 294 -0.00911093
311 294 -0.0207234
312 294 -0.0455471
313 294 -0.110628
314 294 -0.309692
295 295 1
296 295 -0.357155
297 295 -0.0193824
298 295 -0.00733244
311 295 -0.00910993
312 295 -0.020721
313 295 -0.0455425
314 295 -0.110621
315 295 -0.309683
296 296 1
297 296 -0.356964
298 296 -0.0191661
299 296 -0.00708884
312 296 -0.0091059
313 296 -0.0207118
314 296 -0.0455251
315 296 -0.110593
316 296 -0.309649
297 297 1
298 297 -0.356206
299 297 -0.0182222
300 297 -0.00567692
313 297 -0.00909057
314 297 -0.0206771
315 297 -0.0454597
316 297 -0.110486
317 297 -0.309515
298 298 1
299 298 -0.353738
300 298 -0.0147977
314 298 -0.00903525
315 298 -0.0205519
316 298 -0.0452233
317 298 -0.110094
318 298 -0.309074
299 299 1
300 299 -0.345051
315 299 -0.00883926
316 299 -0.0201066
317 299 -0.0443734
318 299 -0.108833
319 299 -0.307666
300 300 1
316 300 -0.00807873
317 300 -0.0183418
318 300 -0.0413448
319 300 -0.104242
320 300 -0.302105
301 301 1
302 301 -0.29856
303 301 -0.0110858
304 301 -0.00477703
321 301 -0.270418
302 302 1
303 302 -0.341174
304 302 -0.0166753
305 302 -0.00661938
321 302 -0.089741
322 302 -0.300579
303 303 1
304 303 -0.351945
305 303 -0.018542
306 303 -0.00715491
321 303 -0.0346537
322 303 -0.104677
323 303 -0.306815
304 304 1
305 304 -0.355422
306 304 -0.0191487
307 304 -0.00733258
321 304 -0.0152833
322 304 -0.0422162
323 304 -0.108649
324 304 -0.308711
305 305 1
306 305 -0.356607
307 305 -0.019357
308 305 -0.00739397
321 305 -0.00670263
322 305 -0.0190407
323 305 -0.0444333
324 305 -0.109952
325 305 -0.309358
306 306 1
307 306 -0.357014
308 306 -0.019429
309 306 -0.00741514
322 306 -0.00836128
323 306 -0.0201579
324 306 -0.0451659
325 306 -0.110398
326 306 -0.309579
307 307 1
308 307 -0.357155
309 307 -0.0194539
310 307 -0.00742245
323 307 -0.00885848
324 307 -0.0205298
325 307 -0.0454174
326 307 -0.110551
327 307 -0.309656
308 308 1
309 308 -0.357203
310 308 -0.0194625
311 308 -0.00742497
324 308 -0.0090246
325 308 -0.0206578
326 308 -0.0455042
327 308 -0.110604
328 308 -0.309682
309 309 1
310 309 -0.35722
311 309 -0.0194654
312 309 -0.00742581
325 309 -0.00908183
326 309 -0.020702
327 309 -0.0455341
328 309 -0.110623
329 309 -0.309691
310 310 1
311 310 -0.357226
312 310 -0.0194663
313 310 -0.00742601
326 310 -0.00910158
327 310 -0.0207173
328 310 -0.0455445
329 310 -0.110629
330 310 -0.309694
311 311 1
312 311 -0.357228
313 311 -0.0194664
314 311 -0.00742575
327 311 -0.0091084
328 311 -0.0207226
329 311 -0.0455481
330 311 -0.110631
331 311 -0.309696
312 312 1
313 312 -0.357227
314 312 -0.0194653
315 312 -0.00742441
328 312 -0.00911073
329 312 -0.0207243
330 312 -0.0455492
331 312 -0.110632
332 312 -0.309696
313 313 1
314 313 -0.357224
315 313 -0.0194609
316 313 -0.00741932
329 313 -0.00911147
330 313 -0.0207248
331 313 -0.0455493
332 313 -0.110632
333 313 -0.309695
314 314 1
315 314 -0.35721
316 314 -0.0194444
317 314 -0.00740025
330 314 -0.00911145
331 314 -0.0207243
332 314 -0.0455481
333 314 -0.11063
334 314 -0.309693
315 315 1
316 315 -0.357158
317 315 -0.0193834
318 315 -0.00733291
331 315 -0.00911044
332 315 -0.0207219
333 315 -0.0455435
334 315 -0.110622
335 315 -0.309684
316 316 1
317 316 -0.356965
318 316 -0.0191668
319 316 -0.00708917
332 316 -0.00910639
333 316 -0.0207126
334 316 -0.0455261
335 316 -0.110594
336 316 -0.30965
317 317 1
318 317 -0.356208
319 317 -0.0182227
320 317 -0.00567708
333 317 -0.00909103
334 317 -0.0206778
335 317 -0.0454605
336 317 -0.110486
337 317 -0.309516
318 318 1
319 318 -0.353739
320 318 -0.014798
334 318 -0.00903564
335 318 -0.0205525
336 318 -0.045224
337 318 -0.110095
338 318 -0.309075
319 319 1
320 319 -0.345052
335 319 -0.00883957
336 319 -0.020107
337 319 -0.0443739
338 319 -0.108834
339 319 -0.307667
320 320 1
336 320 -0.00807893
337 320 -0.0183421
338 320 -0.041345
339 320 -0.104242
340 320 -0.302106
321 321 1
322 321 -0.29856
323 321 -0.0110859
324 321 -0.00477708
341 321 -0.270418
322 322 1
323 322 -0.341174
324 322 -0.0166755
325 322 -0.00661949
341 322 -0.089741
342 322 -0.30058
323 323 1
324 323 -0.351945
325 323 -0.0185422
326 323 -0.00715509
341 323 -0.0346538
342 323 -0.104677
343 323 -0.306815
324 324 1
325 324 -0.355422
326 324 -0.019149
327 324 -0.00733282
341 324 -0.0152833
342 324 -0.0422163
343 324 -0.10865
344 324 -0.308711
325 325 1
326 325 -0.356608
327 325 -0.0193575
328 325 -0.00739425
341 325 -0.00670268
342 325 -0.0190409
343 325 -0.0444335
344 325 -0.109953
345 325 -0.309358
326 326 1
327 326 -0.357015
328 326 -0.0194296
329 326 -0.00741545
342 326 -0.00836138
343 326 -0.0201581
344 326 -0.0451662
345 326 -0.110398
346 326 -0.30958
327 327 1
328 327 -0.357156
329 327 -0.0194545
330 327 -0.00742278
343 327 -0.00885863
344 327 -0.0205301
345 327 -0.0454178
346 327 -0.110552
347 327 -0.309656
328 328 1
329 328 -0.357205
330 328 -0.0194631
331 328 -0.00742531
344 328 -0.0090248
345 328 -0.0206582
346 328 -0.0455046
347 328 -0.110605
348 328 -0.309683
329 329 1
330 329 -0.357221
331 329 -0.019466
332 329 -0.00742616
345 329 -0.00908205
346 329 -0.0207024
347 329 -0.0455347
348 329 -0.110623
349 329 -0.309692
330 330 1
331 330 -0.357227
332 330 -0.019467
333 330 -0.00742636
346 330 -0.00910182
347 330 -0.0207177
348 330 -0.045545
349 330 -0.11063
350 330 -0.309695
331 331 1
332 331 -0.357229
333 331 -0.019467
334 331 -0.00742609
347 331 -0.00910866
348 331 -0.020723
349 331 -0.0455486
350 331 -0.110632
351 331 -0.309696
332 332 1
333 332 -0.357229
334 332 -0.0194659
335 332 -0.00742475
348 332 -0.009111
349 332 -0.0207248
350 332 -0.0455497
351 332 -0.110632
352 332 -0.309696
333 333 1
334 333 -0.357225
335 333 -0.0194615
336 333 -0.00741963
349 333 -0.00911174
350 333 -0.0207252
351 333 -0.0455498
352 333 -0.110632
353 333 -0.309696
334 334 1
335 334 -0.357211
336 334 -0.0194449
337 334 -0.00740053
350 334 -0.00911172
351 334 -0.0207248
352 334 -0.0455487
353 334 -0.11063
354 334 -0.309693
335 335 1
336 335 -0.357159
337 335 -0.0193839
338 335 -0.00733314
351 335 -0.00911071
352 335 -0.0207223
353 335 -0.045544
354 335 -0.110622
355 335 -0.309684
336 336 1
337 336 -0.356966
338 336 -0.0191672
339 336 -0.00708934
352 336 -0.00910664
353 336 -0.0207131
354 336 -0.0455266
355 336 -0.110594
356 336 -0.30965
337 337 1
338 337 -0.356209
339 337 -0.0182229
340 337 -0.00567716
353 337 -0.00909126
354 337 -0.0206781
355 337 -0.045461
356 337 -0.110487
357 337 -0.309516
338 338 1
339 338 -0.353739
340 338 -0.0147981
354 338 -0.00903584
355 338 -0.0205528
356 338 -0.0452243
357 338 -0.110095
358 338 -0.309075
339 339 1
340 339 -0.345052
355 339 -0.00883972
356 339 -0.0201073
357 339 -0.0443741
358 339 -0.108834
359 339 -0.307667
340 340 1
356 340 -0.00807902
357 340 -0.0183422
358 340 -0.0413451
359 340 -0.104242
360 340 -0.302106
341 341 1
342 341 -0.29856
343 341 -0.0110859
344 341 -0.0047771
361 341 -0.270418
342 342 1
343 342 -0.341174
344 342 -0.0166755
345 342 -0.00661954
361 342 -0.089741
362 342 -0.30058
343 343 1
344 343 -0.351946
345 343 -0.0185423
346 343 -0.00715517
361 343 -0.0346538
362 343 -0.104677
363 343 -0.306815
344 344 1
345 344 -0.355422
346 344 -0.0191492
347 344 -0.00733294
361 344 -0.0152833
362 344 -0.0422164
363 344 -0.10865
364 344 -0.308711
345 345 1
346 345 -0.356608
347 345 -0.0193577
348 345 -0.00739439
361 345 -0.0067027
362 345 -0.0190409
363 345 -0.0444336
364 345 -0.109953
365 345 -0.309358
346 346 1
347 346 -0.357016
348 346 -0.0194298
349 346 -0.00741561
362 346 -0.00836143
363 346 -0.0201583
364 346 -0.0451664
365 346 -0.110399
366 346 -0.30958
347 347 1
348 347 -0.357156
349 347 -0.0194548
350 347 -0.00742295
363 347 -0.00885871
364 347 -0.0205303
365 347 -0.045418
366 347 -0.110552
367 347 -0.309656
348 348 1
349 348 -0.357205
350 348 -0.0194634
351 348 -0.00742548
364 348 -0.00902489
365 348 -0.0206584
366 348 -0.0455049
367 348 -0.110605
368 348 -0.309683
349 349 1
350 349 -0.357222
351 349 -0.0194664
352 349 -0.00742633
365 349 -0.00908217
366 349 -0.0207026
367 349 -0.0455349
368 349 -0.110624
369 349 -0.309692
350 350 1
351 350 -0.357228
352 350 -0.0194673
353 350 -0.00742654
366 350 -0.00910195
367 350 -0.0207179
368 350 -0.0455453
369 350 -0.11063
370 350 -0.309695
351 351 1
352 351 -0.35723
353 351 -0.0194673
354 351 -0.00742627
367 351 -0.00910879
368 351 -0.0207232
369 351 -0.0455489
370 351 -0.110632
371 351 -0.309696
352 352 1
353 352 -0.357229
354 352 -0.0194663
355 352 -0.00742492
368 352 -0.00911114
369 352 -0.020725
370 352 -0.04555
371 352 -0.110633
372 352 -0.309696
353 353 1
354 353 -0.357226
355 353 -0.0194618
356 353 -0.00741979
369 353 -0.00911188
370 353 -0.0207255
371 353 -0.0455501
372 353 -0.110632
373 353 -0.309696
354 354 1
355 354 -0.357211
356 354 -0.0194452
357 354 -0.00740068
370 354 -0.00911186
371 354 -0.020725
372 354 -0.045549
373 354 -0.11063
374 354 -0.309693
355 355 1
356 355 -0.357159
357 355 -0.0193841
358 355 -0.00733326
371 355 -0.00911084
372 355 -0.0207225
373 355 -0.0455443
374 355 -0.110623
375 355 -0.309684
356 356 1
357 356 -0.356967
358 356 -0.0191674
359 356 -0.00708942
372 356 -0.00910677
373 356 -0.0207133
374 356 -0.0455268
375 356 -0.110594
376 356 -0.30965
357 357 1
358 357 -0.356209
359 357 -0.018223
360 357 -0.0056772
373 357 -0.00909137
374 357 -0.0206783
375 357 -0.0454612
376 357 -0.110487
377 357 -0.309516
358 358 1
359 358 -0.35374
360 358 -0.0147981
374 358 -0.00903594
375 358 -0.020553
376 358 -0.0452245
377 358 -0.110095
378 358 -0.309075
359 359 1
360 359 -0.345052
375 359 -0.0088398
376 359 -0.0201074
377 359 -0.0443742
378 359 -0.108834
379 359 -0.307667
360 360 1
376 360 -0.00807907
377 360 -0.0183422
378 360 -0.0413452
379 360 -0.104242
380 360 -0.302106
361 361 1
362 361 -0.29856
363 361 -0.0110859
364 361 -0.00477711
381 361 -0.270418
362 362 1
363 362 -0.341174
364 362 -0.0166756
365 362 -0.00661957
381 362 -0.089741
382 362 -0.30058
363 363 1
364 363 -0.351946
365 363 -0.0185424
366 363 -0.00715522
381 363 -0.0346538
382 363 -0.104677
383 363 -0.306815
364 364 1
365 364 -0.355423
366 364 -0.0191493
367 364 -0.00733299
381 364 -0.0152834
382 364 -0.0422164
383 364 -0.10865
384 364 -0.308711
365 365 1
366 365 -0.356608
367 365 -0.0193578
368 365 -0.00739446
381 365 -0.00670272
382 365 -0.019041
383 365 -0.0444337
384 365 -0.109953
385 365 -0.309358
366 366 1
367 366 -0.357016
368 366 -0.01943
369 366 -0.00741569
382 366 -0.00836146
383 366 -0.0201583
384 366 -0.0451664
385 366 -0.110399
386 366 -0.30958
367 367 1
368 367 -0.357157
369 367 -0.0194549
370 367 -0.00742304
383 367 -0.00885875
384 367 -0.0205303
385 367 -0.0454181
386 367 -0.110552
387 367 -0.309656
368 368 1
369 368 -0.357206
370 368 -0.0194636
371 368 -0.00742557
384 368 -0.00902494
385 368 -0.0206585
386 368 -0.045505
387 368 -0.110605
388 368 -0.309683
369 369 1
370 369 -0.357222
371 369 -0.0194665
372 369 -0.00742643
385 369 -0.00908222
386 369 -0.0207027
387 369 -0.045535
388 369 -0.110624
389 369 -0.309692
370 370 1
371 370 -0.357228
372 370 -0.0194675
373 370 -0.00742663
386 370 -0.00910201
387 370 -0.020718
388 370 -0.0455454
389 370 -0.11063
390 370 -0.309695
371 371 1
372 371 -0.35723
373 371 -0.0194675
374 371 -0.00742636
387 371 -0.00910886
388 371 -0.0207233
389 371 -0.045549
390 371 -0.110632
391 371 -0.309696
372 372 1
373 372 -0.35723
374 372 -0.0194664
375 372 -0.00742501
388 372 -0.00911121
389 372 -0.0207251
390 372 -0.0455502
391 372 -0.110633
392 372 -0.309696
373 373 1
374 373 -0.357226
375 373 -0.019462
376 373 -0.00741987
389 373 -0.00911195
390 373 -0.0207256
391 373 -0.0455503
392 373 -0.110633
393 373 -0.309696
374 374 1
375 374 -0.357212
376 374 -0.0194454
377 374 -0.00740075
390 374 -0.00911193
391 374 -0.0207251
392 374 -0.0455491
393 374 -0.110631
394 374 -0.309693
375 375 1
376 375 -0.35716
377 375 -0.0193842
378 375 -0.00733331
391 375 -0.00911091
392 375 -0.0207226
393 375 -0.0455444
394 375 -0.110623
395 375 -0.309684
376 376 1
377 376 -0.356967
378 376 -0.0191675
379 376 -0.00708947
392 376 -0.00910684
393 376 -0.0207134
394 376 -0.045527
395 376 -0.110595
396 376 -0.30965
377 377 1
378 377 -0.356209
379 377 -0.0182231
380 377 -0.00567722
393 377 -0.00909143
394 377 -0.0206784
395 377 -0.0454613
396 377 -0.110487
397 377 -0.309516
378 378 1
379 378 -0.35374
380 378 -0.0147982
394 378 -0.00903599
395 378 -0.0205531
396 378 -0.0452246
397 378 -0.110095
398 378 -0.309075
379 379 1
380 379 -0.345052
395 379 -0.00883984
396 379 -0.0201074
397 379 -0.0443743
398 379 -0.108834
399 379 -0.307667
380 380 1
396 380 -0.0080791
397 380 -0.0183423
398 380 -0.0413452
399 380 -0.104242
400 380 -0.302106
381 381 1
382 381 -0.29856
383 381 -0.0110859
384 381 -0.00477712
382 382 1
383 382 -0.341174
384 382 -0.0166756
385 382 -0.00661958
383 383 1
384 383 -0.351946
385 383 -0.0185424
386 383 -0.00715524
384 384 1
385 384 -0.355423
386 384 -0.0191494
387 384 -0.00733302
385 385 1
386 385 -0.356608
387 385 -0.0193579
388 385 -0.00739449
386 386 1
387 386 -0.357016
388 386 -0.01943
389 386 -0.00741573
387 387 1
388 387 -0.357157
389 387 -0.019455
390 387 -0.00742308
388 388 1
389 388 -0.357206
390 388 -0.0194636
391 388 -0.00742562
389 389 1
390 389 -0.357223
391 389 -0.0194666
392 389 -0.00742647
390 390 1
391 390 -0.357228
392 390 -0.0194676
393 390 -0.00742668
391 391 1
392 391 -0.35723
393 391 -0.0194676
394 391 -0.0074264
392 392 1
393 392 -0.35723
394 392 -0.0194665
395 392 -0.00742505
393 393 1
394 393 -0.357226
395 393 -0.019462
396 393 -0.00741992
394 394 1
395 394 -0.357212
396 394 -0.0194454
397 394 -0.00740078
395 395 1
396 395 -0.35716
397 395 -0.0193843
398 395 -0.00733334
396 396 1
397 396 -0.356967
398 396 -0.0191676
399 396 -0.00708949
397 397 1
398 397 -0.356209
399 397 -0.0182231
400 397 -0.00567723
398 398 1
399 398 -0.35374
400 398 -0.0147982
399 399 1
400 399 -0.345052
400 400 1
