1 1 1
2 1 -0.25
21 1 -0.25
2 2 1
3 2 -0.266667
21 2 -0.0666667
22 2 -0.266667
3 3 1
4 3 -0.267857
21 3 -0.0178571
22 3 -0.0714286
23 3 -0.267857
4 4 1
5 4 -0.267943
21 4 -0.00478469
22 4 -0.0191388
23 4 -0.0717703
24 4 -0.267943
5 5 1
6 5 -0.267949
22 5 -0.00512821
23 5 -0.0192308
24 5 -0.0717949
25 5 -0.267949
6 6 1
7 6 -0.267949
23 6 -0.00515287
24 6 -0.0192374
25 6 -0.0717966
26 6 -0.267949
7 7 1
8 7 -0.267949
24 7 -0.00515464
25 7 -0.0192378
26 7 -0.0717968
27 7 -0.267949
8 8 1
9 8 -0.267949
25 8 -0.00515477
26 8 -0.0192379
27 8 -0.0717968
28 8 -0.267949
9 9 1
10 9 -0.267949
26 9 -0.00515478
27 9 -0.0192379
28 9 -0.0717968
29 9 -0.267949
10 10 1
11 10 -0.267949
27 10 -0.00515478
28 10 -0.0192379
29 10 -0.0717968
30 10 -0.267949
11 11 1
12 11 -0.267949
28 11 -0.00515478
29 11 -0.0192379
30 11 -0.0717968
31 11 -0.267949
12 12 1
13 12 -0.267949
29 12 -0.00515478
30 12 -0.0192379
31 12 -0.0717968
32 12 -0.267949
13 13 1
14 13 -0.267949
30 13 -0.00515478
31 13 -0.0192379
32 13 -0.0717968
33 13 -0.267949
14 14 1
15 14 -0.267949
31 14 -0.00515478
32 14 -0.0192379
33 14 -0.0717968
34 14 -0.267949
15 15 1
16 15 -0.267949
32 15 -0.00515478
33 15 -0.0192379
34 15 -0.0717968
35 15 -0.267949
16 16 1
17 16 -0.267949
33 16 -0.00515478
34 16 -0.0192379
35 16 -0.0717968
36 16 -0.267949
17 17 1
18 17 -0.267949
34 17 -0.00515478
35 17 -0.0192379
36 17 -0.0717968
37 17 -0.267949
18 18 1
19 18 -0.267949
35 18 -0.00515478
36 18 -0.0192379
37 18 -0.0717968
38 18 -0.267949
19 19 1
20 19 -0.267949
36 19 -0.00515478
37 19 -0.0192379
38 19 -0.0717968
39 19 -0.267949
20 20 1
37 20 -0.00515478
38 20 -0.0192379
39 20 -0.0717968
40 20 -0.267949
21 21 1
22 21 -0.287179
23 21 -0.00512821
41 21 -0.267949
22 22 1
23 22 -0.317888
24 22 -0.00602427
41 22 -0.0843398
42 22 -0.293683
23 23 1
24 23 -0.321869
25 23 -0.00612115
41 23 -0.0286344
42 23 -0.0944058
43 23 -0.296978
24 24 1
25 24 -0.322378
26 24 -0.00613215
41 24 -0.00974443
42 24 -0.0322221
43 24 -0.0957268
44 24 -0.297409
25 25 1
26 25 -0.32244
27 25 -0.00613341
41 25 -0.00331752
42 25 -0.0109684
43 25 -0.0326866
44 25 -0.0958954
45 25 -0.297463
26 26 1
27 26 -0.322448
28 26 -0.00613355
42 26 -0.00373436
43 26 -0.0111268
44 26 -0.0327454
45 26 -0.0959161
46 26 -0.297469
27 27 1
28 27 -0.322449
29 27 -0.00613357
43 27 -0.00378832
44 27 -0.0111469
45 27 -0.0327525
46 27 -0.0959186
47 27 -0.29747
28 28 1
29 28 -0.322449
30 28 -0.00613357
44 28 -0.00379514
45 28 -0.0111493
46 28 -0.0327534
47 28 -0.0959189
48 28 -0.29747
29 29 1
30 29 -0.322449
31 29 -0.00613357
45 29 -0.00379598
46 29 -0.0111496
47 29 -0.0327535
48 29 -0.0959189
49 29 -0.29747
30 30 1
31 30 -0.322449
32 30 -0.00613357
46 30 -0.00379608
47 30 -0.0111497
48 30 -0.0327535
49 30 -0.0959189
50 30 -0.29747
31 31 1
32 31 -0.322449
33 31 -0.00613357
47 31 -0.00379609
48 31 -0.0111497
49 31 -0.0327535
50 31 -0.0959189
51 31 -0.29747
32 32 1
33 32 -0.322449
34 32 -0.00613357
48 32 -0.00379609
49 32 -0.0111497
50 32 -0.0327535
51 32 -0.0959189
52 32 -0.29747
33 33 1
34 33 -0.322449
35 33 -0.00613357
49 33 -0.00379609
50 33 -0.0111497
51 33 -0.0327535
52 33 -0.0959189
53 33 -0.29747
34 34 1
35 34 -0.322449
36 34 -0.00613357
50 34 -0.00379609
51 34 -0.0111497
52 34 -0.0327535
53 34 -0.0959189
54 34 -0.29747
35 35 1
36 35 -0.322449
37 35 -0.00613357
51 35 -0.00379609
52 35 -0.0111497
53 35 -0.0327535
54 35 -0.0959189
55 35 -0.29747
36 36 1
37 36 -0.322449
38 36 -0.00613357
52 36 -0.00379609
53 36 -0.0111497
54 36 -0.0327535
55 36 -0.0959189
56 36 -0.29747
37 37 1
38 37 -0.322449
39 37 -0.00613357
53 37 -0.00379609
54 37 -0.0111497
55 37 -0.0327535
56 37 -0.0959189
57 37 -0.29747
38 38 1
39 38 -0.322329
40 38 -0.00572253
54 38 -0.00379598
55 38 -0.0111493
56 38 -0.0327525
57 38 -0.0959161
58 38 -0.297461
39 39 1
40 39 -0.320507
55 39 -0.00379281
56 39 -0.01114
57 39 -0.0327252
58 39 -0.0958341
59 39 -0.297317
40 40 1
56 40 -0.00373224
57 40 -0.0109622
58 40 -0.0321965
59 40 -0.0946445
60 40 -0.295296
41 41 1
42 41 -0.295467
43 41 -0.00867418
61 41 -0.269926
42 42 1
43 42 -0.333125
44 42 -0.0108002
45 42 -0.00363473
61 42 -0.088227
62 42 -0.298602
43 43 1
44 43 -0.339684
45 43 -0.0123615
46 43 -0.0037462
61 43 -0.0324921
62 43 -0.101062
63 43 -0.303376
44 44 1
45 44 -0.341295
46 44 -0.0124593
47 44 -0.00376364
61 44 -0.0120394
62 44 -0.0377129
63 44 -0.103346
64 44 -0.30424
45 45 1
46 45 -0.341636
47 45 -0.0124805
48 45 -0.00376762
61 45 -0.00484256
62 45 -0.0152427
63 45 -0.0390649
64 45 -0.103923
65 45 -0.304495
46 46 1
47 46 -0.341693
48 46 -0.0124841
49 46 -0.00376825
62 46 -0.00605856
63 46 -0.0157776
64 46 -0.0393031
65 46 -0.104041
66 46 -0.304538
47 47 1
48 47 -0.341703
49 47 -0.0124847
50 47 -0.00376835
63 47 -0.00626821
64 47 -0.0158733
65 47 -0.0393519
66 47 -0.104061
67 47 -0.304545
48 48 1
49 48 -0.341705
50 48 -0.0124848
51 48 -0.00376836
64 48 -0.00630627
65 48 -0.015893
66 48 -0.0393601
67 48 -0.104064
68 48 -0.304546
49 49 1
50 49 -0.341705
51 49 -0.0124848
52 49 -0.00376837
65 49 -0.00631409
66 49 -0.0158963
67 49 -0.0393615
68 49 -0.104065
69 49 -0.304546
50 50 1
51 50 -0.341705
52 50 -0.0124848
53 50 -0.00376837
66 50 -0.00631539
67 50 -0.0158969
68 50 -0.0393617
69 50 -0.104065
70 50 -0.304546
51 51 1
52 51 -0.341705
53 51 -0.0124848
54 51 -0.00376837
67 51 -0.00631561
68 51 -0.015897
69 51 -0.0393617
70 51 -0.104065
71 51 -0.304546
52 52 1
53 52 -0.341705
54 52 -0.0124848
55 52 -0.00376837
68 52 -0.00631565
69 52 -0.015897
70 52 -0.0393617
71 52 -0.104065
72 52 -0.304546
53 53 1
54 53 -0.341705
55 53 -0.0124848
56 53 -0.00376837
69 53 -0.00631565
70 53 -0.015897
71 53 -0.0393617
72 53 -0.104065
73 53 -0.304546
54 54 1
55 54 -0.341705
56 54 -0.0124848
57 54 -0.00376835
70 54 -0.00631565
71 54 -0.015897
72 54 -0.0393617
73 54 -0.104065
74 54 -0.304546
55 55 1
56 55 -0.341705
57 55 -0.0124846
58 55 -0.0037678
71 55 -0.00631565
72 55 -0.015897
73 55 -0.0393617
74 55 -0.104065
75 55 -0.304546
56 56 1
57 56 -0.341703
58 56 -0.0124796
59 56 -0.00375695
72 56 -0.00631565
73 56 -0.015897
74 56 -0.0393617
75 56 -0.104065
76 56 -0.304546
57 57 1
58 57 -0.341638
59 57 -0.0123199
60 57 -0.00333844
73 57 -0.00631548
74 57 -0.0158965
75 57 -0.0393606
76 57 -0.104062
77 57 -0.30454
58 58 1
59 58 -0.341053
60 58 -0.0109434
74 58 -0.00631284
75 58 -0.0158899
76 58 -0.0393439
77 58 -0.104021
78 58 -0.304477
59 59 1
60 59 -0.336508
75 59 -0.00628454
76 59 -0.0158177
77 59 -0.0391626
78 59 -0.10367
79 59 -0.303972
60 60 1
76 60 -0.00602257
77 60 -0.0151367
78 60 -0.0377311
79 60 -0.101
80 60 -0.300143
61 61 1
62 61 -0.297512
63 61 -0.0100549
64 61 -0.0037006
81 61 -0.270272
62 62 1
63 62 -0.338027
64 62 -0.0143254
65 62 -0.00519166
81 62 -0.0892176
82 62 -0.299879
63 63 1
64 63 -0.346754
65 63 -0.0156123
66 63 -0.00547298
81 63 -0.0337864
82 63 -0.103241
83 63 -0.305422
64 64 1
65 64 -0.349005
66 64 -0.0158767
67 64 -0.00553038
81 64 -0.0142096
82 64 -0.0403508
83 64 -0.106371
84 64 -0.306763
65 65 1
66 65 -0.349578
67 65 -0.0159371
68 65 -0.00554385
81 65 -0.00596996
82 65 -0.0173148
83 65 -0.0419633
84 65 -0.10719
85 65 -0.307129
66 66 1
67 66 -0.34971
68 66 -0.0159501
69 66 -0.00554657
82 66 -0.00726452
83 66 -0.0180463
84 66 -0.0423593
85 66 -0.107396
86 66 -0.307216
67 67 1
68 67 -0.349739
69 67 -0.0159527
70 67 -0.00554711
82 67 -0.00304017
83 67 -0.00756955
84 67 -0.0182224
85 67 -0.0424562
86 67 -0.107443
87 67 -0.307235
68 68 1
69 68 -0.349744
70 68 -0.0159532
71 68 -0.00554721
83 68 -0.00316798
84 68 -0.0076433
85 68 -0.0182652
86 68 -0.042478
87 68 -0.107453
88 68 -0.307239
69 69 1
70 69 -0.349746
71 69 -0.0159533
72 69 -0.00554723
84 69 -0.00319888
85 69 -0.00766118
86 69 -0.0182746
87 69 -0.0424826
88 69 -0.107455
89 69 -0.30724
70 70 1
71 70 -0.349746
72 70 -0.0159534
73 70 -0.00554724
85 70 -0.00320637
86 70 -0.00766515
87 70 -0.0182766
88 70 -0.0424836
89 70 -0.107456
90 70 -0.30724
71 71 1
72 71 -0.349746
73 71 -0.0159534
74 71 -0.00554724
86 71 -0.00320803
87 71 -0.00766599
88 71 -0.0182771
89 71 -0.0424837
90 71 -0.107456
91 71 -0.30724
72 72 1
73 72 -0.349746
74 72 -0.0159534
75 72 -0.00554724
87 72 -0.00320838
88 72 -0.00766616
89 72 -0.0182771
90 72 -0.0424838
91 72 -0.107456
92 72 -0.30724
73 73 1
74 73 -0.349746
75 73 -0.0159534
76 73 -0.00554721
88 73 -0.00320846
89 73 -0.0076662
90 73 -0.0182771
91 73 -0.0424838
92 73 -0.107456
93 73 -0.30724
74 74 1
75 74 -0.349746
76 74 -0.0159531
77 74 -0.00554668
89 74 -0.00320847
90 74 -0.0076662
91 74 -0.0182772
92 74 -0.0424838
93 74 -0.107456
94 74 -0.30724
75 75 1
76 75 -0.349744
77 75 -0.0159497
78 75 -0.00554053
90 75 -0.00320847
91 75 -0.0076662
92 75 -0.0182771
93 75 -0.0424838
94 75 -0.107456
95 75 -0.30724
76 76 1
77 76 -0.349725
78 76 -0.0159158
79 76 -0.00548247
91 76 -0.00320843
92 76 -0.0076661
93 76 -0.0182769
94 76 -0.0424832
95 76 -0.107455
96 76 -0.307238
77 77 1
78 77 -0.349509
79 77 -0.0155132
80 77 -0.00465015
92 77 -0.0032079
93 77 -0.00766484
94 77 -0.0182739
95 77 -0.0424762
96 77 -0.107439
97 77 -0.307211
78 78 1
79 78 -0.348279
80 78 -0.0132095
93 78 -0.00320341
94 78 -0.00765411
95 78 -0.018248
96 78 -0.0424174
97 78 -0.107314
98 78 -0.307043
79 79 1
80 79 -0.341758
94 79 -0.00317286
95 79 -0.00758124
96 79 -0.018071
97 79 -0.0420194
98 79 -0.106634
99 79 -0.306175
80 80 1
96 80 -0.00712
97 80 -0.0169301
98 80 -0.0398575
99 80 -0.103009
100 80 -0.30141
81 81 1
82 81 -0.298173
83 81 -0.0106874
84 81 -0.00440514
101 81 -0.270367
82 82 1
83 82 -0.339916
84 82 -0.0157464
85 82 -0.0060886
101 82 -0.0895441
102 82 -0.300309
83 83 1
84 83 -0.349725
85 83 -0.0172708
86 83 -0.0064711
101 83 -0.0343105
102 83 -0.104093
103 83 -0.306231
84 84 1
85 84 -0.352511
86 84 -0.0176608
87 84 -0.00656875
101 84 -0.0148639
102 84 -0.0414431
103 84 -0.107661
104 84 -0.307845
85 85 1
86 85 -0.3533
87 85 -0.0177641
88 85 -0.00659431
101 85 -0.00640412
102 85 -0.0183189
103 85 -0.043335
104 85 -0.108686
105 85 -0.308319
86 86 1
87 86 -0.353511
88 86 -0.0177902
89 86 -0.00660052
102 86 -0.00788662
103 86 -0.0192178
104 86 -0.0438623
105 86 -0.108975
106 86 -0.308449
87 87 1
88 87 -0.353565
89 87 -0.0177965
90 87 -0.00660196
102 87 -0.0033867
103 87 -0.00827333
104 87 -0.0194656
105 87 -0.044008
106 87 -0.109052
107 87 -0.308482
88 88 1
89 88 -0.353578
90 88 -0.0177979
91 88 -0.00660229
103 88 -0.0035531
104 88 -0.00838007
105 88 -0.0195334
106 88 -0.0440461
107 88 -0.109072
108 88 -0.308491
89 89 1
90 89 -0.353581
91 89 -0.0177983
92 89 -0.00660236
104 89 -0.00359902
105 89 -0.00840922
106 89 -0.0195509
107 89 -0.0440557
108 89 -0.109076
109 89 -0.308493
90 90 1
91 90 -0.353582
92 90 -0.0177983
93 90 -0.00660238
105 90 -0.00361155
106 90 -0.00841675
107 90 -0.0195552
108 90 -0.0440579
109 90 -0.109077
110 90 -0.308493
91 91 1
92 91 -0.353582
93 91 -0.0177983
94 91 -0.00660238
106 91 -0.00361479
107 91 -0.00841861
108 91 -0.0195562
109 91 -0.0440585
110 91 -0.109078
111 91 -0.308493
92 92 1
93 92 -0.353582
94 92 -0.0177983
95 92 -0.00660233
107 92 -0.00361559
108 92 -0.00841905
109 92 -0.0195565
110 92 -0.0440586
111 92 -0.109078
112 92 -0.308493
93 93 1
94 93 -0.353582
95 93 -0.017798
96 93 -0.00660176
108 93 -0.00361578
109 93 -0.00841916
110 93 -0.0195565
111 93 -0.0440586
112 93 -0.109078
113 93 -0.308493
94 94 1
95 94 -0.353581
96 94 -0.0177955
97 94 -0.00659697
109 94 -0.00361582
110 94 -0.00841917
111 94 -0.0195565
112 94 -0.0440586
113 94 -0.109078
114 94 -0.308493
95 95 1
96 95 -0.353545
97 95 -0.0177244
98 95 -0.00644385
110 95 -0.00361576
111 95 -0.00841901
112 95 -0.0195561
113 95 -0.0440577
114 95 -0.109076
115 95 -0.308489
96 96 1
97 96 -0.353464
98 96 -0.0175948
99 96 -0.00632509
111 96 -0.00361523
112 96 -0.00841776
113 96 -0.0195532
114 96 -0.0440511
115 96 -0.10906
116 96 -0.308476
97 97 1
98 97 -0.353047
99 97 -0.0169791
100 97 -0.00522149
112 97 -0.00361189
113 97 -0.00841007
114 97 -0.0195348
115 97 -0.0440076
116 97 -0.109013
117 97 -0.308414
98 98 1
99 98 -0.351297
100 98 -0.0141235
113 98 -0.00359377
114 98 -0.00836689
115 98 -0.0194254
116 98 -0.0438744
117 98 -0.108788
118 98 -0.308141
99 99 1
100 99 -0.343684
114 99 -0.00353613
115 99 -0.0082298
116 99 -0.0191417
117 99 -0.0432917
118 99 -0.107857
119 99 -0.307025
100 100 1
115 100 -0.00327419
116 100 -0.00763138
117 100 -0.0177078
118 100 -0.0407042
119 100 -0.103734
120 100 -0.301829
101 101 1
102 101 -0.298409
103 101 -0.0109265
104 101 -0.00462963
121 101 -0.270399
102 102 1
103 102 -0.340677
104 102 -0.0163293
105 102 -0.00648674
121 102 -0.0896641
122 102 -0.300474
103 103 1
104 103 -0.351023
105 103 -0.0180524
106 103 -0.00694383
121 103 -0.0345164
122 103 -0.104443
123 103 -0.306573
104 104 1
105 104 -0.354157
106 104 -0.0185367
107 104 -0.00707397
121 104 -0.0151156
122 104 -0.0419074
123 104 -0.108233
124 104 -0.308335
105 105 1
106 105 -0.355116
107 105 -0.0186784
108 105 -0.0071114
121 105 -0.00658866
122 105 -0.0187719
123 105 -0.0439765
124 105 -0.109395
125 105 -0.30889
106 106 1
107 106 -0.355397
108 106 -0.0187182
109 106 -0.0071216
122 106 -0.0081795
123 106 -0.0197821
124 106 -0.0445978
125 106 -0.10975
126 106 -0.309055
107 107 1
108 107 -0.355477
109 107 -0.0187288
110 107 -0.00712428
122 107 -0.00355548
123 107 -0.00862112
124 107 -0.0200837
125 107 -0.0447846
126 107 -0.109854
127 107 -0.309103
108 108 1
109 108 -0.355499
110 108 -0.0187316
111 108 -0.00712496
123 108 -0.00374806
124 108 -0.00875307
125 108 -0.0201735
126 108 -0.0448384
127 108 -0.109884
128 108 -0.309116
109 109 1
110 109 -0.355504
111 109 -0.0187323
112 109 -0.00712512
124 109 -0.00380558
125 109 -0.00879232
126 109 -0.0201992
127 109 -0.0448534
128 109 -0.109892
129 109 -0.309119
110 110 1
111 110 -0.355506
112 110 -0.0187325
113 110 -0.00712516
125 110 -0.00382268
126 110 -0.0088035
127 110 -0.0202062
128 110 -0.0448574
129 110 -0.109894
130 110 -0.30912
111 111 1
112 111 -0.355506
113 111 -0.0187325
114 111 -0.0071251
126 111 -0.00382755
127 111 -0.00880657
128 111 -0.0202081
129 111 -0.0448584
130 111 -0.109894
131 111 -0.309121
112 112 1
113 112 -0.355506
114 112 -0.0187322
115 112 -0.00712448
127 112 -0.00382889
128 112 -0.00880738
129 112 -0.0202086
130 112 -0.0448587
131 112 -0.109894
132 112 -0.309121
113 113 1
114 113 -0.355505
115 113 -0.0187299
116 113 -0.00712139
128 113 -0.00382924
129 113 -0.00880758
130 113 -0.0202086
131 113 -0.0448587
132 113 -0.109894
133 113 -0.30912
114 114 1
115 114 -0.355497
116 114 -0.0187196
117 114 -0.00710582
129 114 -0.0038293
130 114 -0.00880755
131 114 -0.0202085
132 114 -0.0448583
133 114 -0.109893
134 114 -0.309119
115 115 1
116 115 -0.355461
117 115 -0.0186674
118 115 -0.00703482
130 115 -0.00382908
131 115 -0.00880701
132 115 -0.0202072
133 115 -0.0448557
134 115 -0.109889
135 115 -0.309113
116 116 1
117 116 -0.355313
118 116 -0.0184581
119 116 -0.00672719
131 116 -0.00382799
132 116 -0.00880449
133 116 -0.0202013
134 116 -0.0448443
135 116 -0.109869
136 116 -0.30909
117 117 1
118 117 -0.354735
119 117 -0.017647
120 117 -0.00547163
132 117 -0.00382309
133 117 -0.00879319
134 117 -0.0201751
135 117 -0.0447942
136 117 -0.10979
137 117 -0.308995
118 118 1
119 118 -0.352629
120 118 -0.0145019
133 118 -0.00380313
134 118 -0.00874712
135 118 -0.0200684
136 118 -0.0445992
137 118 -0.109487
138 118 -0.308645
119 119 1
120 119 -0.344456
134 119 -0.00372604
135 119 -0.0085691
136 119 -0.0196578
137 119 -0.0438746
138 119 -0.108392
139 119 -0.307381
120 120 1
135 120 -0.00342418
136 120 -0.00787236
137 120 -0.0180536
138 120 -0.0410604
139 120 -0.104022
140 120 -0.301988
121 121 1
122 121 -0.298501
123 121 -0.011022
124 121 -0.00471841
141 121 -0.270411
122 122 1
123 122 -0.340997
124 122 -0.0165824
125 122 -0.00666948
141 122 -0.0897114
142 122 -0.30054
123 123 1
124 123 -0.351607
125 123 -0.0184225
126 123 -0.00717416
127 123 -0.00305296
141 123 -0.0346014
142 123 -0.104592
143 123 -0.306723
124 124 1
125 124 -0.354943
126 124 -0.0189698
127 124 -0.00840745
128 124 -0.00311832
141 124 -0.0152224
142 124 -0.0421126
143 124 -0.108493
144 124 -0.308563
125 125 1
126 125 -0.356016
127 125 -0.0195815
128 125 -0.00848387
129 125 -0.00313846
141 125 -0.0066717
142 125 -0.0189811
143 125 -0.04428
144 125 -0.109737
145 125 -0.309168
126 126 1
127 126 -0.356551
128 126 -0.0196468
129 126 -0.00850687
130 126 -0.0031444
142 126 -0.00831948
143 126 -0.0200569
144 126 -0.0449608
145 126 -0.110137
146 126 -0.30936
127 127 1
128 127 -0.356737
129 127 -0.0196729
130 127 -0.00851576
131 127 -0.00314668
142 127 -0.00401677
143 127 -0.00988161
144 127 -0.0207897
145 127 -0.0453442
146 127 -0.110344
147 127 -0.309476
128 128 1
129 128 -0.356785
130 128 -0.0196802
131 128 -0.00851822
132 128 -0.00314727
143 128 -0.00463513
144 128 -0.0101981
145 128 -0.0209681
146 128 -0.0454483
147 128 -0.110412
148 128 -0.309505
129 129 1
130 129 -0.356798
131 129 -0.0196821
132 129 -0.00851887
133 129 -0.00314741
144 129 -0.0047751
145 129 -0.0102823
146 129 -0.0210197
147 129 -0.0454834
148 129 -0.11043
149 129 -0.309513
130 130 1
131 130 -0.356802
132 130 -0.0196827
133 130 -0.008519
134 130 -0.00314739
145 130 -0.00481407
146 130 -0.0103073
147 130 -0.0210373
148 130 -0.0454927
149 130 -0.110435
150 130 -0.309515
131 131 1
132 131 -0.356803
133 131 -0.0196827
134 131 -0.0085188
135 131 -0.00314707
146 131 -0.00482582
147 131 -0.0103159
148 131 -0.021042
149 131 -0.0454953
150 131 -0.110436
151 131 -0.309516
132 132 1
133 132 -0.356803
134 132 -0.0196819
135 132 -0.00851755
136 132 -0.00314558
147 132 -0.00482978
148 132 -0.0103181
149 132 -0.0210432
150 132 -0.045496
151 132 -0.110436
152 132 -0.309516
133 133 1
134 133 -0.3568
135 133 -0.0196782
136 133 -0.00851211
137 133 -0.0031392
148 133 -0.00483082
149 133 -0.0103187
150 133 -0.0210435
151 133 -0.045496
152 133 -0.110436
153 133 -0.309516
134 134 1
135 134 -0.356789
136 134 -0.0196627
137 134 -0.00848954
138 134 -0.00311403
149 134 -0.00483101
150 134 -0.0103187
151 134 -0.0210432
152 134 -0.0454952
153 134 -0.110435
154 134 -0.309514
135 135 1
136 135 -0.356742
137 135 -0.0196
138 135 -0.00840164
139 135 -0.00301724
150 135 -0.00483062
151 135 -0.0103177
152 135 -0.0210411
153 135 -0.0454914
154 135 -0.110428
155 135 -0.309506
136 136 1
137 136 -0.356546
138 136 -0.0193369
139 136 -0.00799902
151 136 -0.00482863
152 136 -0.0103133
153 136 -0.0210324
154 136 -0.0454753
155 136 -0.110402
156 136 -0.309474
137 137 1
138 137 -0.355853
139 137 -0.0184066
140 137 -0.00558496
152 137 -0.00482048
153 137 -0.0102955
154 137 -0.0209974
155 137 -0.0454116
156 137 -0.110299
157 137 -0.309354
138 138 1
139 138 -0.353531
140 138 -0.0146706
153 138 -0.00478974
154 138 -0.0102284
155 138 -0.0208658
156 138 -0.0451735
157 138 -0.109942
158 138 -0.308953
139 139 1
140 139 -0.34487
154 139 -0.0046773
155 139 -0.00998162
156 139 -0.0203799
157 139 -0.0443604
158 139 -0.108748
159 139 -0.307606
140 140 1
155 140 -0.00392726
156 140 -0.00815121
157 140 -0.0182868
158 140 -0.0412596
159 140 -0.104172
160 140 -0.302063
141 141 1
142 141 -0.298538
143 141 -0.0110625
144 141 -0.00475673
161 141 -0.270416
142 142 1
143 142 -0.341145
144 142 -0.0167057
145 142 -0.00677226
161 142 -0.0897314
162 142 -0.300569
143 143 1
144 143 -0.351929
145 143 -0.0186746
146 143 -0.00744324
147 143 -0.00353898
161 143 -0.03464
162 143 -0.104663
163 143 -0.3068
144 144 1
145 144 -0.355444
146 144 -0.0193655
147 144 -0.00901051
148 144 -0.00367402
161 144 -0.0152741
162 144 -0.0422187
163 144 -0.108639
164 144 -0.308696
145 145 1
146 145 -0.356679
147 145 -0.020186
148 145 -0.00914894
149 145 -0.00371218
161 145 -0.0067183
162 145 -0.019104
163 145 -0.044474
164 145 -0.109957
165 145 -0.30935
146 146 1
147 146 -0.357395
148 146 -0.0202995
149 146 -0.00919059
150 146 -0.00372406
162 146 -0.0084252
163 146 -0.0202892
164 146 -0.0452442
165 146 -0.110422
166 146 -0.309585
147 147 1
148 147 -0.35768
149 147 -0.0203464
150 147 -0.00920801
151 147 -0.00372914
162 147 -0.00415456
163 147 -0.0102325
164 147 -0.0211922
165 147 -0.0457383
166 147 -0.110704
167 147 -0.309752
148 148 1
149 148 -0.357765
150 148 -0.0203609
151 148 -0.00921338
152 148 -0.00373055
163 148 -0.00488074
164 148 -0.010646
165 148 -0.0214397
166 148 -0.0458915
167 148 -0.110809
168 148 -0.3098
149 149 1
150 149 -0.35779
151 149 -0.0203652
152 149 -0.00921488
153 149 -0.00373092
164 149 -0.00506512
165 149 -0.0107672
166 149 -0.0215194
167 149 -0.0459491
168 149 -0.110841
169 149 -0.309815
150 150 1
151 150 -0.357797
152 150 -0.0203664
153 150 -0.00921521
154 150 -0.00373089
165 150 -0.00512179
166 150 -0.0108073
167 150 -0.0215495
168 150 -0.0459664
169 150 -0.11085
170 150 -0.309819
151 151 1
152 151 -0.357799
153 151 -0.0203665
154 151 -0.00921486
155 151 -0.00373031
166 151 -0.00514087
167 151 -0.0108225
168 151 -0.0215586
169 151 -0.0459716
170 151 -0.110853
171 151 -0.30982
152 152 1
153 152 -0.357799
154 152 -0.0203652
155 152 -0.0092128
156 152 -0.00372776
167 152 -0.00514802
168 152 -0.010827
169 152 -0.0215612
170 152 -0.045973
171 152 -0.110854
172 152 -0.30982
153 153 1
154 153 -0.357795
155 153 -0.0203595
156 153 -0.00920432
157 153 -0.00371782
168 153 -0.0051501
169 153 -0.0108283
170 153 -0.0215618
171 153 -0.0459732
172 153 -0.110853
173 153 -0.30982
154 154 1
155 154 -0.357778
156 154 -0.020337
157 154 -0.00917221
158 154 -0.00368123
169 154 -0.00515054
170 154 -0.0108283
171 154 -0.0215613
172 154 -0.0459719
173 154 -0.110851
174 154 -0.309817
155 155 1
156 155 -0.357705
157 155 -0.0202459
158 155 -0.00904078
159 155 -0.00351195
170 155 -0.00514995
171 155 -0.0108267
172 155 -0.0215581
173 155 -0.045966
174 155 -0.110841
175 155 -0.309805
156 156 1
157 156 -0.357425
158 156 -0.0198776
159 156 -0.00843957
171 156 -0.00514674
172 156 -0.0108197
173 156 -0.0215446
174 156 -0.0459416
175 156 -0.110801
176 156 -0.309755
157 157 1
158 157 -0.356587
159 157 -0.0187727
160 157 -0.00566165
172 157 -0.00513473
173 157 -0.0107939
174 157 -0.0214949
175 157 -0.0458516
176 157 -0.11066
177 157 -0.309602
158 158 1
159 158 -0.354051
160 158 -0.0147713
173 158 -0.00509263
174 158 -0.0107031
175 158 -0.0213193
176 158 -0.0455472
177 158 -0.110239
178 158 -0.30915
159 159 1
160 159 -0.3451
174 159 -0.00494499
175 159 -0.0103788
176 159 -0.020714
177 159 -0.0446282
178 159 -0.108953
179 159 -0.307732
160 160 1
175 160 -0.00407727
176 160 -0.00828649
177 160 -0.0184212
178 160 -0.0413745
179 160 -0.104256
180 160 -0.302104
161 161 1
162 161 -0.298555
163 161 -0.0110821
164 161 -0.00477614
181 161 -0.270418
162 162 1
163 162 -0.34122
164 162 -0.0167719
165 162 -0.00683002
181 162 -0.0897407
182 162 -0.300583
163 163 1
164 163 -0.352104
165 163 -0.0188132
166 163 -0.00756951
167 163 -0.00367541
181 163 -0.0346592
182 163 -0.1047
183 163 -0.30684
164 164 1
165 164 -0.355737
166 164 -0.0195863
167 164 -0.00925353
168 164 -0.0038467
181 164 -0.0153013
182 164 -0.0422759
183 164 -0.10872
184 164 -0.308771
165 165 1
166 165 -0.357089
167 165 -0.0205008
168 165 -0.00943349
169 165 -0.00389914
181 165 -0.00674407
182 165 -0.019173
183 165 -0.0445841
184 165 -0.110087
185 165 -0.309462
166 166 1
167 166 -0.357916
168 166 -0.020653
169 166 -0.00949264
170 166 -0.00391707
182 166 -0.00848297
183 166 -0.0204148
184 166 -0.0454113
185 166 -0.110601
186 166 -0.30973
167 167 1
168 167 -0.358272
169 167 -0.020719
170 167 -0.00951854
171 167 -0.00392507
182 167 -0.00421313
183 167 -0.0103757
184 167 -0.021392
185 167 -0.0459649
186 167 -0.110928
187 167 -0.309928
168 168 1
169 168 -0.358388
170 168 -0.0207414
171 168 -0.00952729
172 168 -0.00392751
183 168 -0.00498126
184 168 -0.0108371
185 168 -0.0216818
186 168 -0.0461529
187 168 -0.111061
188 168 -0.309992
169 169 1
170 169 -0.358427
171 169 -0.0207487
172 169 -0.00952995
173 169 -0.00392821
184 169 -0.00518899
185 169 -0.0109833
186 169 -0.0217836
187 169 -0.0462289
188 169 -0.111105
189 169 -0.310013
170 170 1
171 170 -0.358439
172 170 -0.0207509
173 170 -0.00953059
174 170 -0.0039282
185 170 -0.00525783
186 170 -0.0110359
187 170 -0.0218248
188 170 -0.0462541
189 170 -0.111119
190 170 -0.31002
171 171 1
172 171 -0.358443
173 171 -0.020751
174 171 -0.00953004
175 171 -0.00392727
186 171 -0.00528301
187 171 -0.0110572
188 171 -0.0218384
189 171 -0.0462624
190 171 -0.111124
191 171 -0.310022
172 172 1
173 172 -0.358442
174 172 -0.020749
175 172 -0.00952681
176 172 -0.00392333
187 172 -0.00529308
188 172 -0.0110641
189 172 -0.0218428
190 172 -0.0462649
191 172 -0.111125
192 172 -0.310022
173 173 1
174 173 -0.358436
175 173 -0.0207404
176 173 -0.00951424
177 173 -0.00390933
188 173 -0.0052963
189 173 -0.0110662
190 173 -0.0218439
191 173 -0.0462652
192 173 -0.111125
193 173 -0.310021
174 174 1
175 174 -0.358411
176 174 -0.0207081
177 174 -0.00947055
178 174 -0.0038609
189 174 -0.00529706
190 174 -0.0110663
191 174 -0.0218431
192 174 -0.0462632
193 174 -0.111121
194 174 -0.310017
175 175 1
176 175 -0.35831
177 175 -0.0205896
178 175 -0.00930494
179 175 -0.00365362
190 175 -0.00529619
191 175 -0.0110639
192 175 -0.0218383
193 175 -0.0462545
194 175 -0.111108
195 175 -0.31
176 176 1
177 176 -0.357962
178 176 -0.0201547
179 176 -0.00861516
191 176 -0.00529159
192 176 -0.0110539
193 176 -0.0218192
194 176 -0.0462207
195 176 -0.111053
196 176 -0.309935
177 177 1
178 177 -0.357017
179 177 -0.0189503
180 177 -0.00570606
192 177 -0.00527571
193 177 -0.01102
194 177 -0.0217551
195 177 -0.0461074
196 177 -0.110881
197 177 -0.309755
178 178 1
179 178 -0.354337
180 178 -0.0148296
193 178 -0.00522425
194 178 -0.0109096
195 178 -0.0215461
196 178 -0.0457566
197 178 -0.110412
198 178 -0.309264
179 179 1
180 179 -0.345227
194 179 -0.00505555
195 179 -0.0105414
196 179 -0.0208762
197 179 -0.0447708
198 179 -0.109065
199 179 -0.307799
180 180 1
195 180 -0.00414085
196 180 -0.00835418
197 180 -0.0184947
198 180 -0.0414385
199 180 -0.104302
200 180 -0.302126
181 181 1
182 181 -0.298564
183 181 -0.0110921
184 181 -0.00478651
201 181 -0.270419
182 182 1
183 182 -0.341259
184 182 -0.0168077
185 182 -0.00686157
186 182 -0.00300317
201 182 -0.0897454
202 182 -0.30059
183 183 1
184 183 -0.352198
185 183 -0.0188877
186 183 -0.0086779
187 183 -0.00373155
201 183 -0.0346691
202 183 -0.104719
203 183 -0.306862
184 184 1
185 184 -0.3559
186 184 -0.0201265
187 184 -0.00936668
188 184 -0.00392093
201 184 -0.0153158
202 184 -0.0423068
203 184 -0.108763
204 184 -0.308813
185 185 1
186 185 -0.357514
187 185 -0.0206656
188 185 -0.00957096
189 185 -0.00398293
201 185 -0.0067581
202 185 -0.0192107
203 185 -0.0446444
204 185 -0.11016
205 185 -0.309526
186 186 1
187 186 -0.358292
188 186 -0.0208508
189 186 -0.00964563
190 186 -0.00400649
201 186 -0.00330976
202 186 -0.00957839
203 186 -0.0208643
204 186 -0.0456644
205 186 -0.110783
206 186 -0.309871
187 187 1
188 187 -0.358631
189 187 -0.0209257
190 187 -0.00967655
191 187 -0.00401642
202 187 -0.00462407
203 187 -0.0105835
204 187 -0.0215545
205 187 -0.0461218
206 187 -0.111085
207 187 -0.310041
188 188 1
189 188 -0.358761
190 188 -0.0209537
191 188 -0.00968795
192 188 -0.0040198
203 188 -0.0050881
204 188 -0.0109569
205 188 -0.021824
206 188 -0.0463132
207 188 -0.111214
208 188 -0.310108
189 189 1
190 189 -0.358808
191 189 -0.0209636
192 189 -0.00969176
193 189 -0.00402084
204 189 -0.00526286
205 189 -0.0111004
206 189 -0.0219334
207 189 -0.0463923
208 189 -0.111264
209 189 -0.310133
190 190 1
191 190 -0.358825
192 190 -0.0209667
193 190 -0.00969274
194 190 -0.00402084
205 190 -0.00533104
206 190 -0.0111585
207 190 -0.0219781
208 190 -0.0464221
209 190 -0.111282
210 190 -0.310142
191 191 1
192 191 -0.35883
193 191 -0.020967
194 191 -0.00969192
195 191 -0.00401946
206 191 -0.00535885
207 191 -0.0111822
208 191 -0.0219948
209 191 -0.0464328
210 191 -0.111288
211 191 -0.310145
192 192 1
193 192 -0.35883
194 192 -0.0209641
195 192 -0.00968732
196 192 -0.00401404
207 192 -0.00537009
208 192 -0.0111909
209 192 -0.0220006
210 192 -0.0464363
211 192 -0.11129
212 192 -0.310146
193 193 1
194 193 -0.358821
195 193 -0.0209523
196 193 -0.00967064
197 193 -0.00399626
208 193 -0.00537411
209 193 -0.0111937
210 193 -0.0220022
211 193 -0.0464367
212 193 -0.111289
213 193 -0.310145
194 194 1
195 194 -0.358788
196 194 -0.0209111
197 194 -0.00961704
198 194 -0.00393906
209 194 -0.00537512
210 194 -0.0111938
211 194 -0.022001
212 194 -0.0464339
213 194 -0.111284
214 194 -0.310139
195 195 1
196 195 -0.358664
197 195 -0.0207723
198 195 -0.00942948
199 195 -0.00371238
210 195 -0.00537393
211 195 -0.0111905
212 195 -0.0219945
213 195 -0.0464223
214 195 -0.111266
215 195 -0.310117
196 196 1
197 196 -0.358271
198 196 -0.0202986
199 196 -0.00869782
211 196 -0.00536806
212 196 -0.0111778
213 196 -0.0219705
214 196 -0.0463807
215 196 -0.1112
216 196 -0.310041
197 197 1
198 197 -0.357257
199 197 -0.0190415
200 197 -0.00573047
212 197 -0.00534904
213 197 -0.0111373
214 197 -0.0218953
215 197 -0.0462507
216 197 -0.111008
217 197 -0.309844
198 198 1
199 198 -0.354492
200 198 -0.0148619
213 198 -0.00529103
214 198 -0.0110135
215 198 -0.0216647
216 198 -0.0458713
217 198 -0.110509
218 198 -0.309328
199 199 1
200 199 -0.345295
214 199 -0.00511015
215 199 -0.010621
216 199 -0.0209602
217 199 -0.0448475
218 199 -0.109125
219 199 -0.307836
200 200 1
215 200 -0.00417246
216 200 -0.00838969
217 200 -0.0185346
218 200 -0.0414735
219 200 -0.104327
220 200 -0.302138
201 201 1
202 201 -0.298599
203 201 -0.0111578
204 201 -0.00492405
221 201 -0.270422
202 202 1
203 202 -0.341343
204 202 -0.0169283
205 202 -0.00701104
206 202 -0.00337736
221 202 -0.0897607
222 202 -0.300606
203 203 1
204 203 -0.352332
205 203 -0.0190264
206 203 -0.00897695
207 203 -0.00380799
221 203 -0.034704
222 203 -0.104755
223 203 -0.306891
204 204 1
205 204 -0.35608
206 204 -0.0203513
207 204 -0.00946438
208 204 -0.00396729
221 204 -0.0153877
222 204 -0.0423736
223 204 -0.108821
224 204 -0.308858
205 205 1
206 205 -0.357771
207 205 -0.0207838
208 205 -0.00965233
209 205 -0.0040287
221 205 -0.00680638
222 205 -0.0193051
223 205 -0.0447304
224 205 -0.110237
225 205 -0.309586
206 206 1
207 206 -0.35853
208 206 -0.020968
209 206 -0.00973109
210 206 -0.00405464
221 206 -0.00337953
222 206 -0.00977706
223 206 -0.0210273
224 206 -0.0457948
225 206 -0.110893
226 206 -0.309956
207 207 1
208 207 -0.35885
209 207 -0.0210442
210 207 -0.0097638
211 207 -0.00406532
222 207 -0.00471482
223 207 -0.010689
224 207 -0.0216572
225 207 -0.046224
226 207 -0.111185
227 207 -0.310113
208 208 1
209 208 -0.35898
210 208 -0.0210746
211 208 -0.00977659
212 208 -0.0040693
223 208 -0.00514392
224 208 -0.0110309
225 208 -0.0219118
226 208 -0.0464108
227 208 -0.111307
228 208 -0.310178
209 209 1
210 209 -0.359032
211 209 -0.0210862
212 209 -0.00978122
213 209 -0.00407062
224 209 -0.00530708
225 209 -0.0111693
226 209 -0.0220211
227 209 -0.0464885
228 209 -0.111357
229 209 -0.310204
210 210 1
211 210 -0.359052
212 210 -0.0210902
213 210 -0.00978247
214 210 -0.00407059
225 210 -0.00537358
226 210 -0.0112285
227 210 -0.0220663
228 210 -0.0465198
229 210 -0.111377
230 210 -0.310214
211 211 1
212 211 -0.359058
213 211 -0.0210905
214 211 -0.00978134
215 211 -0.00406877
226 211 -0.00540197
227 211 -0.0112528
228 211 -0.0220843
229 211 -0.0465319
230 211 -0.111384
231 211 -0.310218
212 212 1
213 212 -0.359057
214 212 -0.0210866
215 212 -0.00977542
216 212 -0.00406206
227 212 -0.00541356
228 212 -0.0112623
229 212 -0.022091
230 212 -0.0465361
231 212 -0.111387
232 212 -0.310219
213 213 1
214 213 -0.359046
215 213 -0.0210719
216 213 -0.00975537
217 213 -0.00404136
228 213 -0.00541796
229 213 -0.0112656
230 213 -0.0220929
231 213 -0.0465366
232 213 -0.111386
233 213 -0.310217
214 214 1
215 214 -0.359006
216 214 -0.0210239
217 214 -0.00969465
218 214 -0.00397844
229 214 -0.00541908
230 214 -0.0112656
231 214 -0.0220914
232 214 -0.046533
233 214 -0.11138
234 214 -0.31021
215 215 1
216 215 -0.358867
217 215 -0.0208717
218 215 -0.00949376
219 215 -0.00374138
230 215 -0.0054176
231 215 -0.0112616
232 215 -0.0220833
233 215 -0.0465189
234 215 -0.111358
235 215 -0.310185
216 216 1
217 216 -0.358445
218 216 -0.0203757
219 216 -0.00874041
231 216 -0.0054107
232 216 -0.0112466
233 216 -0.0220555
234 216 -0.0464715
235 216 -0.111285
236 216 -0.310101
217 217 1
218 217 -0.357389
219 217 -0.0190901
220 217 -0.00574375
232 217 -0.00538941
233 217 -0.0112015
234 217 -0.0219726
235 217 -0.0463307
236 217 -0.11108
237 217 -0.309893
218 218 1
219 218 -0.354577
220 218 -0.0148796
233 218 -0.00532714
234 218 -0.0110692
235 218 -0.0217289
236 218 -0.0459342
237 218 -0.110563
238 218 -0.309363
219 219 1
220 219 -0.345333
234 219 -0.00513919
235 219 -0.0106631
236 219 -0.0210052
237 219 -0.044889
238 219 -0.109158
239 219 -0.307856
220 220 1
235 220 -0.00418925
236 220 -0.00840882
237 220 -0.0185563
238 220 -0.0414925
239 220 -0.104341
240 220 -0.302145
221 221 1
222 221 -0.298615
223 221 -0.0111789
224 221 -0.00495164
241 221 -0.270424
222 222 1
223 222 -0.341394
224 222 -0.0169816
225 222 -0.00706624
226 222 -0.00344731
241 222 -0.0897688
242 222 -0.300617
223 223 1
224 223 -0.352419
225 223 -0.0191006
226 223 -0.00906748
227 223 -0.00384711
241 223 -0.0347192
242 223 -0.104778
243 223 -0.306912
224 224 1
225 224 -0.356197
226 224 -0.0204465
227 224 -0.0095226
228 224 -0.0039958
241 224 -0.0154104
242 224 -0.0424091
243 224 -0.108859
244 224 -0.30889
225 225 1
226 225 -0.357914
227 225 -0.0208575
228 225 -0.0097021
229 225 -0.00405566
241 225 -0.00682459
242 225 -0.0193489
243 225 -0.0447816
244 225 -0.110288
245 225 -0.309626
226 226 1
227 226 -0.358669
228 226 -0.021038
229 226 -0.00978086
230 226 -0.00408214
241 226 -0.00339892
242 226 -0.00983221
243 226 -0.0210922
244 226 -0.0458599
245 226 -0.110954
246 226 -0.310002
227 227 1
228 227 -0.358981
229 227 -0.0211136
230 227 -0.00981389
231 227 -0.00409301
242 227 -0.00474537
243 227 -0.0107386
244 227 -0.0217145
245 227 -0.0462847
246 227 -0.111243
247 227 -0.310156
228 228 1
229 228 -0.35911
230 228 -0.0211447
231 228 -0.00982722
232 228 -0.00409729
243 228 -0.00517194
244 228 -0.0110738
245 228 -0.0219644
246 228 -0.0464689
247 228 -0.111363
248 228 -0.31022
229 229 1
230 229 -0.359163
231 229 -0.021157
232 229 -0.00983229
233 229 -0.00409875
244 229 -0.00533275
245 229 -0.0112102
246 229 -0.0220728
247 229 -0.0465454
248 229 -0.111413
249 229 -0.310246
230 230 1
231 230 -0.359184
232 230 -0.0211614
233 230 -0.00983366
234 230 -0.00409867
245 230 -0.00539858
246 230 -0.0112693
247 230 -0.0221178
248 230 -0.0465769
249 230 -0.111433
250 230 -0.310257
231 231 1
232 231 -0.359191
233 231 -0.0211617
234 231 -0.00983223
235 231 -0.00409647
246 231 -0.00542701
247 231 -0.0112937
248 231 -0.0221362
249 231 -0.0465896
250 231 -0.111441
251 231 -0.310261
232 232 1
233 232 -0.35919
234 232 -0.021157
235 232 -0.00982524
236 232 -0.00408877
247 232 -0.00543868
248 232 -0.0113035
249 232 -0.0221433
250 232 -0.0465942
251 232 -0.111443
252 232 -0.310262
233 233 1
234 233 -0.359176
235 233 -0.0211401
236 233 -0.00980271
237 233 -0.00406606
248 233 -0.00544321
249 233 -0.011307
250 233 -0.0221453
251 233 -0.0465946
252 233 -0.111442
253 233 -0.31026
234 234 1
235 234 -0.359131
236 234 -0.0210874
237 234 -0.00973727
238 234 -0.00399958
249 234 -0.00544435
250 234 -0.0113069
251 234 -0.0221434
252 234 -0.0465903
253 234 -0.111435
254 234 -0.310251
235 235 1
236 235 -0.358981
237 235 -0.0209267
238 235 -0.00952846
239 235 -0.00375674
250 235 -0.0054426
251 235 -0.0113022
252 235 -0.0221342
253 235 -0.0465743
254 235 -0.111411
255 235 -0.310224
236 236 1
237 236 -0.358542
238 236 -0.0204177
239 236 -0.00876326
251 236 -0.00543496
252 236 -0.0112857
253 236 -0.0221037
254 236 -0.046523
255 236 -0.111333
256 236 -0.310136
237 237 1
238 237 -0.357463
239 237 -0.0191164
240 237 -0.00575098
252 237 -0.00541213
253 237 -0.0112374
254 237 -0.0220159
255 237 -0.0463754
256 237 -0.111119
257 237 -0.309921
238 238 1
239 238 -0.354623
240 238 -0.0148892
253 238 -0.0053472
254 238 -0.0110999
255 238 -0.0217643
256 238 -0.0459689
257 238 -0.110593
258 238 -0.309382
239 239 1
240 239 -0.345353
254 239 -0.00515512
255 239 -0.010686
256 239 -0.0210298
257 239 -0.0449118
258 239 -0.109176
259 239 -0.307866
240 240 1
255 240 -0.0041984
256 240 -0.00841928
257 240 -0.0185681
258 240 -0.0415029
259 240 -0.104348
260 240 -0.302149
241 241 1
242 241 -0.298622
243 241 -0.0111871
244 241 -0.00496071
261 241 -0.270425
242 242 1
243 242 -0.341419
244 242 -0.0170049
245 242 -0.00708751
246 242 -0.00346744
261 242 -0.0897725
262 242 -0.300622
243 243 1
244 243 -0.352466
245 243 -0.0191363
246 243 -0.00910228
247 243 -0.00386576
261 243 -0.0347261
262 243 -0.10479
263 243 -0.306924
244 244 1
245 244 -0.356262
246 244 -0.0204915
247 244 -0.00955426
248 244 -0.00401235
261 244 -0.0154199
262 244 -0.0424265
263 244 -0.10888
264 244 -0.308907
245 245 1
246 245 -0.357991
247 245 -0.0209001
248 245 -0.00973163
249 245 -0.00407161
261 245 -0.00683252
262 245 -0.0193689
263 245 -0.0448082
264 245 -0.110316
265 245 -0.309649
246 246 1
247 246 -0.358749
248 246 -0.0210793
249 246 -0.00981007
250 246 -0.00409813
261 246 -0.00340641
262 246 -0.00985343
263 246 -0.0211218
264 246 -0.0458935
265 246 -0.110987
266 246 -0.310028
247 247 1
248 247 -0.359058
249 247 -0.0211543
250 247 -0.00984306
251 247 -0.00410904
262 247 -0.00475858
263 247 -0.0107629
264 247 -0.0217455
265 247 -0.0463191
266 247 -0.111277
267 247 -0.310181
248 248 1
249 248 -0.359187
250 248 -0.0211856
251 248 -0.00985656
252 248 -0.00411343
263 248 -0.00518649
264 248 -0.011098
265 248 -0.021995
266 248 -0.0465029
267 248 -0.111396
268 248 -0.310245
249 249 1
250 249 -0.35924
251 249 -0.0211982
252 249 -0.00986182
253 249 -0.00411495
264 249 -0.00534737
265 249 -0.0112341
266 249 -0.0221031
267 249 -0.0465789
268 249 -0.111445
269 249 -0.310271
250 250 1
251 250 -0.359261
252 250 -0.0212028
253 250 -0.00986322
254 250 -0.0041148
265 250 -0.00541317
266 250 -0.0112931
267 250 -0.0221479
268 250 -0.0466104
269 250 -0.111465
270 250 -0.310282
251 251 1
252 251 -0.359268
253 251 -0.0212029
254 251 -0.00986151
255 251 -0.0041123
266 251 -0.00544162
267 251 -0.0113175
268 251 -0.0221664
269 251 -0.0466232
270 251 -0.111474
271 251 -0.310286
252 252 1
253 252 -0.359267
254 252 -0.0211976
255 252 -0.00985372
256 252 -0.00410389
267 252 -0.0054533
268 252 -0.0113274
269 252 -0.0221737
270 252 -0.046628
271 252 -0.111476
272 252 -0.310286
253 253 1
254 253 -0.359252
255 253 -0.0211791
256 253 -0.0098295
257 253 -0.00407987
268 253 -0.00545788
269 253 -0.011331
270 253 -0.0221757
271 253 -0.0466283
272 253 -0.111475
273 253 -0.310284
254 254 1
255 254 -0.359203
256 254 -0.0211233
257 254 -0.00976107
258 254 -0.00401123
269 254 -0.00545897
270 254 -0.0113308
271 254 -0.0221735
272 254 -0.0466234
273 254 -0.111467
274 254 -0.310275
255 255 1
256 255 -0.359046
257 255 -0.0209574
258 255 -0.00954757
259 255 -0.00376513
270 255 -0.00545701
271 255 -0.0113256
272 255 -0.0221634
273 255 -0.0466061
274 255 -0.111441
275 255 -0.310246
256 256 1
257 256 -0.358596
258 256 -0.0204409
259 256 -0.00877577
271 256 -0.00544885
272 256 -0.0113079
273 256 -0.0221312
274 256 -0.0465523
275 256 -0.11136
276 256 -0.310155
257 257 1
258 257 -0.357503
259 257 -0.0191308
260 257 -0.00575493
272 257 -0.00542503
273 257 -0.0112577
274 257 -0.0220402
275 257 -0.0464005
276 257 -0.111142
277 257 -0.309936
258 258 1
259 258 -0.354648
260 258 -0.0148945
273 258 -0.00535847
274 258 -0.011117
275 258 -0.0217839
276 258 -0.0459882
277 258 -0.110609
278 258 -0.309393
259 259 1
260 259 -0.345364
274 259 -0.00516398
275 259 -0.0106987
276 259 -0.0210434
277 259 -0.0449243
278 259 -0.109186
279 259 -0.307872
260 260 1
275 260 -0.00420346
276 260 -0.00842504
277 260 -0.0185746
278 260 -0.0415086
279 260 -0.104352
280 260 -0.302151
261 261 1
262 261 -0.298626
263 261 -0.0111907
264 261 -0.00496456
281 261 -0.270425
262 262 1
263 262 -0.341431
264 262 -0.0170158
265 262 -0.00709683
266 262 -0.00347539
281 262 -0.0897742
282 262 -0.300624
263 263 1
264 263 -0.35249
265 263 -0.0191538
266 263 -0.00911811
267 263 -0.00387503
281 263 -0.0347294
282 263 -0.104795
283 263 -0.30693
264 264 1
265 264 -0.356296
266 264 -0.0205144
267 264 -0.00957129
268 264 -0.0040217
281 264 -0.0154244
282 264 -0.042435
283 264 -0.10889
284 264 -0.308917
265 265 1
266 265 -0.358033
267 265 -0.020924
268 265 -0.00974869
269 265 -0.00408093
281 265 -0.00683627
282 265 -0.0193786
283 265 -0.0448219
284 265 -0.110331
285 265 -0.309661
266 266 1
267 266 -0.358794
268 266 -0.0211033
269 266 -0.00982713
270 266 -0.00410747
281 266 -0.00340986
282 266 -0.00986316
283 266 -0.0211364
284 266 -0.0459112
285 266 -0.111006
286 266 -0.310042
267 267 1
268 267 -0.359103
269 267 -0.0211782
270 267 -0.00986011
271 267 -0.00411839
282 267 -0.00476502
283 267 -0.0107754
284 267 -0.0217623
285 267 -0.0463383
286 267 -0.111296
287 267 -0.310196
268 268 1
269 268 -0.359231
270 268 -0.0212095
271 268 -0.00987366
272 268 -0.00412281
283 268 -0.00519425
284 268 -0.0111115
285 268 -0.0220125
286 268 -0.0465225
287 268 -0.111415
288 268 -0.310259
269 269 1
270 269 -0.359285
271 269 -0.0212222
272 269 -0.00987898
273 269 -0.00412435
284 269 -0.00535564
285 269 -0.0112479
286 269 -0.0221207
287 269 -0.0465984
288 269 -0.111464
289 269 -0.310285
270 270 1
271 270 -0.359306
272 270 -0.0212268
273 270 -0.00988036
274 270 -0.00412413
285 270 -0.00542162
286 270 -0.011307
287 270 -0.0221656
288 270 -0.04663
289 270 -0.111485
290 270 -0.310296
271 271 1
272 271 -0.359313
273 271 -0.0212268
274 271 -0.00987842
275 271 -0.0041214
286 271 -0.00545013
287 271 -0.0113315
288 271 -0.0221841
289 271 -0.0466429
290 271 -0.111493
291 271 -0.3103
272 272 1
273 272 -0.359311
274 272 -0.021221
275 272 -0.00987006
276 272 -0.00411252
287 272 -0.00546184
288 272 -0.0113414
289 272 -0.0221914
290 272 -0.0466476
291 272 -0.111495
292 272 -0.310301
273 273 1
274 273 -0.359295
275 273 -0.0212014
276 273 -0.00984473
277 273 -0.00408766
288 273 -0.00546641
289 273 -0.0113449
290 273 -0.0221934
291 273 -0.0466478
292 273 -0.111494
293 273 -0.310298
274 274 1
275 274 -0.359244
276 274 -0.0211436
277 274 -0.00977446
278 274 -0.00401773
289 274 -0.00546746
290 274 -0.0113446
291 274 -0.0221909
292 274 -0.0466425
293 274 -0.111485
294 274 -0.310289
275 275 1
276 275 -0.359083
277 275 -0.0209746
278 275 -0.00955821
279 275 -0.00376977
290 275 -0.00546534
291 275 -0.0113391
292 275 -0.0221802
293 275 -0.0466244
294 275 -0.111458
295 275 -0.310258
276 276 1
277 276 -0.358627
278 276 -0.0204538
279 276 -0.00878268
291 276 -0.00545683
292 276 -0.0113207
293 276 -0.0221468
294 276 -0.0465689
295 276 -0.111375
296 276 -0.310166
277 277 1
278 277 -0.357526
279 277 -0.0191388
280 277 -0.00575711
292 277 -0.00543238
293 277 -0.0112692
294 277 -0.0220539
295 277 -0.0464147
296 277 -0.111154
297 277 -0.309944
278 278 1
279 278 -0.354662
280 278 -0.0148974
293 278 -0.00536483
294 278 -0.0111266
295 278 -0.0217949
296 278 -0.045999
297 278 -0.110618
298 278 -0.309399
279 279 1
280 279 -0.34537
294 279 -0.00516894
295 279 -0.0107057
296 279 -0.0210509
297 279 -0.0449312
298 279 -0.109192
299 279 -0.307876
280 280 1
295 280 -0.00420628
296 280 -0.00842824
297 280 -0.0185782
298 280 -0.0415117
299 280 -0.104354
300 280 -0.302152
281 281 1
282 281 -0.298627
283 281 -0.0111924
284 281 -0.00496638
301 281 -0.270425
282 282 1
283 282 -0.341437
284 282 -0.017021
285 282 -0.0071013
286 282 -0.00347909
301 282 -0.089775
302 282 -0.300626
283 283 1
284 283 -0.352503
285 283 -0.0191627
286 283 -0.00912598
287 283 -0.00387983
301 283 -0.0347309
302 283 -0.104798
303 283 -0.306933
284 284 1
285 284 -0.356314
286 284 -0.0205264
287 284 -0.0095805
288 284 -0.00402692
301 284 -0.0154266
302 284 -0.0424393
303 284 -0.108896
304 284 -0.308922
285 285 1
286 285 -0.358056
287 285 -0.0209373
288 285 -0.0097584
289 285 -0.0040863
301 285 -0.00683814
302 285 -0.0193834
303 285 -0.0448289
304 285 -0.110339
305 285 -0.309668
286 286 1
287 286 -0.358819
288 286 -0.0211171
289 286 -0.00983703
290 286 -0.00411291
301 286 -0.00341157
302 286 -0.00986801
303 286 -0.021144
304 286 -0.0459206
305 286 -0.111015
306 286 -0.31005
287 287 1
288 287 -0.359129
289 287 -0.0211921
290 287 -0.00987006
291 287 -0.00412385
302 287 -0.00476833
303 287 -0.010782
304 287 -0.0217715
305 287 -0.046349
306 287 -0.111307
307 287 -0.310204
288 288 1
289 288 -0.359257
290 288 -0.0212234
291 288 -0.00988364
292 288 -0.00412828
303 288 -0.00519846
304 288 -0.011119
305 288 -0.0220224
306 288 -0.0465337
307 288 -0.111426
308 288 -0.310267
289 289 1
290 289 -0.359311
291 289 -0.0212362
292 289 -0.00988898
293 289 -0.00412981
304 289 -0.0053603
305 289 -0.0112558
306 289 -0.0221309
307 289 -0.0466098
308 289 -0.111475
309 289 -0.310294
290 290 1
291 290 -0.359332
292 290 -0.0212408
293 290 -0.00989031
294 290 -0.00412953
305 290 -0.00542649
306 290 -0.0113151
307 290 -0.0221758
308 290 -0.0466414
309 290 -0.111496
310 290 -0.310304
291 291 1
292 291 -0.35934
293 291 -0.0212407
294 291 -0.0098882
295 291 -0.00412664
306 291 -0.00545508
307 291 -0.0113396
308 291 -0.0221944
309 291 -0.0466543
310 291 -0.111504
311 291 -0.310309
292 292 1
293 292 -0.359337
294 292 -0.0212345
295 292 -0.00987946
296 292 -0.00411746
307 292 -0.00546681
308 292 -0.0113495
309 292 -0.0222017
310 292 -0.0466591
311 292 -0.111506
312 292 -0.310309
293 293 1
294 293 -0.35932
295 293 -0.0212142
296 293 -0.00985342
297 293 -0.00409208
308 293 -0.00547139
309 293 -0.011353
310 293 -0.0222036
311 293 -0.0466592
312 293 -0.111505
313 293 -0.310307
294 294 1
295 294 -0.359267
296 294 -0.0211552
297 294 -0.00978202
298 294 -0.00402139
309 294 -0.00547239
310 294 -0.0113526
311 294 -0.022201
312 294 -0.0466536
313 294 -0.111496
314 294 -0.310297
295 295 1
296 295 -0.359104
297 295 -0.0209843
298 295 -0.00956418
299 295 -0.00377235
310 295 -0.00547016
311 295 -0.0113468
312 295 -0.0221899
313 295 -0.0466348
314 295 -0.111468
315 295 -0.310266
296 296 1
297 296 -0.358644
298 296 -0.020461
299 296 -0.00878653
311 296 -0.00546141
312 296 -0.011328
313 296 -0.0221557
314 296 -0.0465784
315 296 -0.111384
316 296 -0.310172
297 297 1
298 297 -0.357538
299 297 -0.0191432
300 297 -0.00575831
312 297 -0.00543658
313 297 -0.0112757
314 297 -0.0220617
315 297 -0.0464226
316 297 -0.111161
317 297 -0.309949
298 298 1
299 298 -0.35467
300 298 -0.014899
313 298 -0.00536844
314 298 -0.011132
315 298 -0.0218011
316 298 -0.046005
317 298 -0.110623
318 298 -0.309402
299 299 1
300 299 -0.345373
314 299 -0.00517174
315 299 -0.0107097
316 299 -0.0210551
317 299 -0.0449351
318 299 -0.109195
319 299 -0.307877
300 300 1
315 300 -0.00420786
316 300 -0.00843002
317 300 -0.0185802
318 300 -0.0415135
319 300 -0.104355
320 300 -0.302152
301 301 1
302 301 -0.298628
303 301 -0.0111933
304 301 -0.00496727
321 301 -0.270425
302 302 1
303 302 -0.34144
304 302 -0.0170237
305 302 -0.00710354
306 302 -0.00348094
321 302 -0.0897754
322 302 -0.300626
303 303 1
304 303 -0.352509
305 303 -0.0191673
306 303 -0.00913005
307 303 -0.00388238
321 303 -0.0347317
322 303 -0.1048
323 303 -0.306934
304 304 1
305 304 -0.356324
306 304 -0.0205328
307 304 -0.00958551
308 304 -0.00402983
321 304 -0.0154276
322 304 -0.0424414
323 304 -0.108899
324 304 -0.308925
305 305 1
306 305 -0.358068
307 305 -0.0209447
308 305 -0.00976389
309 305 -0.00408938
321 305 -0.00683908
322 305 -0.0193858
323 305 -0.0448325
324 305 -0.110343
325 305 -0.309671
306 306 1
307 306 -0.358833
308 306 -0.021125
309 306 -0.00984273
310 306 -0.00411606
321 306 -0.00341245
322 306 -0.00987051
323 306 -0.021148
324 306 -0.0459256
325 306 -0.111021
326 306 -0.310055
307 307 1
308 307 -0.359144
309 307 -0.0212002
310 307 -0.00987585
311 307 -0.00412702
322 307 -0.00477009
323 307 -0.0107855
324 307 -0.0217765
325 307 -0.0463549
326 307 -0.111313
327 307 -0.310209
308 308 1
309 308 -0.359273
310 308 -0.0212316
311 308 -0.00988946
312 308 -0.00413146
323 308 -0.00520076
324 308 -0.0111232
325 308 -0.0220279
326 308 -0.0465401
327 308 -0.111432
328 308 -0.310272
309 309 1
310 309 -0.359326
311 309 -0.0212444
312 309 -0.0098948
313 309 -0.00413298
324 309 -0.00536292
325 309 -0.0112603
326 309 -0.0221367
327 309 -0.0466164
328 309 -0.111482
329 309 -0.310299
310 310 1
311 310 -0.359348
312 310 -0.021249
313 310 -0.00989609
314 310 -0.00413266
325 310 -0.00542927
326 310 -0.0113197
327 310 -0.0221818
328 310 -0.0466481
329 310 -0.111502
330 310 -0.310309
311 311 1
312 311 -0.359355
313 311 -0.0212487
314 311 -0.00989386
315 311 -0.00412967
326 311 -0.00545794
327 311 -0.0113443
328 311 -0.0222004
329 311 -0.046661
330 311 -0.11151
331 311 -0.310314
312 312 1
313 312 -0.359352
314 312 -0.0212423
315 312 -0.00988486
316 312 -0.00412028
327 312 -0.00546971
328 312 -0.0113543
329 312 -0.0222077
330 312 -0.0466658
331 312 -0.111513
332 312 -0.310314
313 313 1
314 313 -0.359335
315 313 -0.0212215
316 313 -0.00985838
317 313 -0.00409459
328 313 -0.00547428
329 313 -0.0113578
330 313 -0.0222096
331 313 -0.0466657
332 313 -0.111511
333 313 -0.310311
314 314 1
315 314 -0.359281
316 314 -0.0211618
317 314 -0.00978631
318 314 -0.00402345
329 314 -0.00547525
330 314 -0.0113573
331 314 -0.0222068
332 314 -0.04666
333 314 -0.111502
334 314 -0.310301
315 315 1
316 315 -0.359116
317 315 -0.0209898
318 315 -0.00956753
319 315 -0.0037738
330 315 -0.00547294
331 315 -0.0113513
332 315 -0.0221954
333 315 -0.0466409
334 315 -0.111474
335 315 -0.31027
316 316 1
317 316 -0.358654
318 316 -0.0204651
319 316 -0.00878868
331 316 -0.00546405
332 316 -0.0113322
333 316 -0.0221608
334 316 -0.0465838
335 316 -0.111389
336 316 -0.310175
317 317 1
318 317 -0.357545
319 317 -0.0191457
320 317 -0.00575898
332 317 -0.00543898
333 317 -0.0112794
334 317 -0.0220661
335 317 -0.0464271
336 317 -0.111165
337 317 -0.309952
318 318 1
319 318 -0.354674
320 318 -0.0148999
333 318 -0.00537048
334 318 -0.0111351
335 318 -0.0218046
336 318 -0.0460084
337 318 -0.110626
338 318 -0.309404
319 319 1
320 319 -0.345375
334 319 -0.00517331
335 319 -0.0107119
336 319 -0.0210575
337 319 -0.0449372
338 319 -0.109196
339 319 -0.307878
320 320 1
335 320 -0.00420874
336 320 -0.00843102
337 320 -0.0185813
338 320 -0.0415144
339 320 -0.104356
340 320 -0.302153
321 321 1
322 321 -0.298628
323 321 -0.0111937
324 321 -0.00496772
341 321 -0.270426
322 322 1
323 322 -0.341442
324 322 -0.017025
325 322 -0.0071047
326 322 -0.00348191
341 322 -0.0897756
342 322 -0.300627
323 323 1
324 323 -0.352512
325 323 -0.0191697
326 323 -0.0091322
327 323 -0.00388375
341 323 -0.0347321
342 323 -0.1048
343 323 -0.306935
324 324 1
325 324 -0.356329
326 324 -0.0205362
327 324 -0.00958826
328 324 -0.00403145
341 324 -0.0154282
342 324 -0.0424425
343 324 -0.1089
344 324 -0.308926
325 325 1
326 325 -0.358075
327 325 -0.0209488
328 325 -0.00976698
329 325 -0.00409113
341 325 -0.00683957
342 325 -0.0193871
343 325 -0.0448345
344 325 -0.110346
345 325 -0.309673
326 326 1
327 326 -0.358841
328 326 -0.0211294
329 326 -0.00984601
330 326 -0.00411788
341 326 -0.00341292
342 326 -0.00987183
343 326 -0.0211501
344 326 -0.0459284
345 326 -0.111024
346 326 -0.310057
327 327 1
328 327 -0.359152
329 327 -0.0212048
330 327 -0.00987921
331 327 -0.00412887
342 327 -0.00477103
343 327 -0.0107874
344 327 -0.0217792
345 327 -0.0463582
346 327 -0.111317
347 327 -0.310212
328 328 1
329 328 -0.359281
330 328 -0.0212363
331 328 -0.00989285
332 328 -0.00413332
343 328 -0.00520203
344 328 -0.0111255
345 328 -0.022031
346 328 -0.0465437
347 328 -0.111436
348 328 -0.310275
329 329 1
330 329 -0.359335
331 329 -0.0212491
332 329 -0.00989819
333 329 -0.00413483
344 329 -0.00536439
345 329 -0.0112628
346 329 -0.0221401
347 329 -0.0466202
348 329 -0.111486
349 329 -0.310301
330 330 1
331 330 -0.359357
332 330 -0.0212537
333 330 -0.00989945
334 330 -0.00413447
345 330 -0.00543087
346 330 -0.0113224
347 330 -0.0221853
348 330 -0.0466519
349 330 -0.111506
350 330 -0.310312
331 331 1
332 331 -0.359364
333 331 -0.0212534
334 331 -0.00989713
335 331 -0.00413141
346 331 -0.0054596
347 331 -0.011347
348 331 -0.0222039
349 331 -0.0466649
350 331 -0.111514
351 331 -0.310316
332 332 1
333 332 -0.359361
334 332 -0.0212468
335 332 -0.00988797
336 332 -0.0041219
347 332 -0.00547139
348 332 -0.011357
349 332 -0.0222112
350 332 -0.0466696
351 332 -0.111517
352 332 -0.310317
333 333 1
334 333 -0.359343
335 333 -0.0212257
336 333 -0.00986122
337 333 -0.00409602
348 333 -0.00547596
349 333 -0.0113605
350 333 -0.0222131
351 333 -0.0466696
352 333 -0.111515
353 333 -0.310314
334 334 1
335 334 -0.359289
336 334 -0.0211655
337 334 -0.00978874
338 334 -0.00402461
349 334 -0.00547692
350 334 -0.0113599
351 334 -0.0222102
352 334 -0.0466637
353 334 -0.111505
354 334 -0.310304
335 335 1
336 335 -0.359123
337 335 -0.0209929
338 335 -0.00956942
339 335 -0.00377461
350 335 -0.00547455
351 335 -0.0113539
352 335 -0.0221986
353 335 -0.0466443
354 335 -0.111477
355 335 -0.310272
336 336 1
337 336 -0.358659
338 336 -0.0204673
339 336 -0.00878988
351 336 -0.00546557
352 336 -0.0113346
353 336 -0.0221638
354 336 -0.0465869
355 336 -0.111392
356 336 -0.310177
337 337 1
338 337 -0.357549
339 337 -0.019147
340 337 -0.00575935
352 337 -0.00544035
353 337 -0.0112815
354 337 -0.0220686
355 337 -0.0464297
356 337 -0.111168
357 337 -0.309953
338 338 1
339 338 -0.354676
340 338 -0.0149004
353 338 -0.00537165
354 338 -0.0111368
355 338 -0.0218066
356 338 -0.0460103
357 338 -0.110627
358 338 -0.309405
339 339 1
340 339 -0.345376
354 339 -0.0051742
355 339 -0.0107132
356 339 -0.0210588
357 339 -0.0449384
358 339 -0.109197
359 339 -0.307879
340 340 1
355 340 -0.00420924
356 340 -0.00843158
357 340 -0.018582
358 340 -0.041515
359 340 -0.104356
360 340 -0.302153
341 341 1
342 341 -0.298629
343 341 -0.0111939
344 341 -0.00496795
361 341 -0.270426
342 342 1
343 342 -0.341443
344 342 -0.0170257
345 342 -0.0071053
346 342 -0.00348242
361 342 -0.0897757
362 342 -0.300627
343 343 1
344 343 -0.352514
345 343 -0.0191709
346 343 -0.00913336
347 343 -0.0038845
361 343 -0.0347323
362 343 -0.104801
363 343 -0.306935
344 344 1
345 344 -0.356332
346 344 -0.0205381
347 344 -0.00958976
348 344 -0.00403236
361 344 -0.0154285
362 344 -0.0424431
363 344 -0.108901
364 344 -0.308927
345 345 1
346 345 -0.358079
347 345 -0.020951
348 345 -0.00976872
349 345 -0.00409213
361 345 -0.00683983
362 345 -0.0193878
363 345 -0.0448355
364 345 -0.110347
365 345 -0.309674
346 346 1
347 346 -0.358845
348 346 -0.021132
349 346 -0.00984788
350 346 -0.00411893
361 346 -0.00341316
362 346 -0.00987254
363 346 -0.0211512
364 346 -0.0459298
365 346 -0.111025
366 346 -0.310058
347 347 1
348 347 -0.359157
349 347 -0.0212075
350 347 -0.00988115
351 347 -0.00412994
362 347 -0.00477154
363 347 -0.0107885
364 347 -0.0217807
365 347 -0.04636
366 347 -0.111318
367 347 -0.310213
348 348 1
349 348 -0.359286
350 348 -0.021239
351 348 -0.00989482
352 348 -0.0041344
363 348 -0.00520272
364 348 -0.0111268
365 348 -0.0220328
366 348 -0.0465458
367 348 -0.111438
368 348 -0.310277
349 349 1
350 349 -0.35934
351 349 -0.0212519
352 349 -0.00990016
353 349 -0.0041359
364 349 -0.00536522
365 349 -0.0112643
366 349 -0.022142
367 349 -0.0466224
368 349 -0.111488
369 349 -0.310303
350 350 1
351 350 -0.359362
352 350 -0.0212564
353 350 -0.0099014
354 350 -0.00413552
365 350 -0.00543177
366 350 -0.011324
367 350 -0.0221873
368 350 -0.0466542
369 350 -0.111508
370 350 -0.310314
351 351 1
352 351 -0.359369
353 351 -0.0212561
354 351 -0.00989903
355 351 -0.00413242
366 351 -0.00546055
367 351 -0.0113486
368 351 -0.0222059
369 351 -0.0466672
370 351 -0.111516
371 351 -0.310318
352 352 1
353 352 -0.359366
354 352 -0.0212494
355 352 -0.00988976
356 352 -0.00412283
367 352 -0.00547236
368 352 -0.0113586
369 352 -0.0222133
370 352 -0.0466719
371 352 -0.111519
372 352 -0.310319
353 353 1
354 353 -0.359348
355 353 -0.0212282
356 353 -0.00986284
357 353 -0.00409684
368 353 -0.00547694
369 353 -0.0113621
370 353 -0.0222151
371 353 -0.0466718
372 353 -0.111517
373 353 -0.310316
354 354 1
355 354 -0.359293
356 354 -0.0211676
357 354 -0.00979013
358 354 -0.00402527
369 354 -0.00547788
370 354 -0.0113615
371 354 -0.0222122
372 354 -0.0466658
373 354 -0.111508
374 354 -0.310305
355 355 1
356 355 -0.359127
357 355 -0.0209947
358 355 -0.00957049
359 355 -0.00377507
370 355 -0.00547548
371 355 -0.0113554
372 355 -0.0222005
373 355 -0.0466463
374 355 -0.111479
375 355 -0.310273
356 356 1
357 356 -0.358662
358 356 -0.0204686
359 356 -0.00879056
371 356 -0.00546644
372 356 -0.011336
373 356 -0.0221654
374 356 -0.0465886
375 356 -0.111393
376 356 -0.310179
357 357 1
358 357 -0.357552
359 357 -0.0191478
360 357 -0.00575956
372 357 -0.00544114
373 357 -0.0112828
374 357 -0.0220701
375 357 -0.0464311
376 357 -0.111169
377 357 -0.309954
358 358 1
359 358 -0.354678
360 358 -0.0149006
373 358 -0.00537231
374 358 -0.0111378
375 358 -0.0218077
376 358 -0.0460113
377 358 -0.110628
378 358 -0.309405
359 359 1
360 359 -0.345377
374 359 -0.00517471
375 359 -0.0107139
376 359 -0.0210595
377 359 -0.0449391
378 359 -0.109198
379 359 -0.307879
360 360 1
375 360 -0.00420952
376 360 -0.00843189
377 360 -0.0185823
378 360 -0.0415153
379 360 -0.104357
380 360 -0.302153
361 361 1
362 361 -0.298629
363 361 -0.011194
364 361 -0.00496808
381 361 -0.270426
362 362 1
363 362 -0.341443
364 362 -0.0170261
365 362 -0.00710562
366 362 -0.00348269
381 362 -0.0897757
382 362 -0.300627
363 363 1
364 363 -0.352515
365 363 -0.0191716
366 363 -0.00913398
367 363 -0.00388491
381 363 -0.0347324
382 363 -0.104801
383 363 -0.306935
364 364 1
365 364 -0.356333
366 364 -0.0205391
367 364 -0.0095906
368 364 -0.00403286
381 364 -0.0154286
382 364 -0.0424434
383 364 -0.108901
384 364 -0.308927
365 365 1
366 365 -0.358081
367 365 -0.0209523
368 365 -0.0097697
369 365 -0.0040927
381 365 -0.00683997
382 365 -0.0193882
383 365 -0.044836
384 365 -0.110347
385 365 -0.309675
366 366 1
367 366 -0.358848
368 366 -0.0211334
369 366 -0.00984895
370 366 -0.00411953
381 366 -0.0034133
382 366 -0.00987292
383 366 -0.0211518
384 366 -0.0459306
385 366 -0.111026
386 366 -0.310059
367 367 1
368 367 -0.35916
369 367 -0.021209
370 367 -0.00988227
371 367 -0.00413056
382 367 -0.00477182
383 367 -0.0107891
384 367 -0.0217815
385 367 -0.0463611
386 367 -0.111319
387 367 -0.310214
368 368 1
369 368 -0.359289
370 368 -0.0212406
371 368 -0.00989596
372 368 -0.00413502
383 368 -0.00520311
384 368 -0.0111275
385 368 -0.0220338
386 368 -0.0465469
387 368 -0.111439
388 368 -0.310277
369 369 1
370 369 -0.359343
371 369 -0.0212535
372 369 -0.00990131
373 369 -0.00413653
384 369 -0.00536568
385 369 -0.0112651
386 369 -0.0221431
387 369 -0.0466236
388 369 -0.111489
389 369 -0.310304
370 370 1
371 370 -0.359365
372 370 -0.021258
373 370 -0.00990253
374 370 -0.00413613
385 370 -0.00543229
386 370 -0.0113248
387 370 -0.0221884
388 370 -0.0466555
389 370 -0.11151
390 370 -0.310315
371 371 1
372 371 -0.359372
373 371 -0.0212576
374 371 -0.00990012
375 371 -0.00413299
386 371 -0.0054611
387 371 -0.0113495
388 371 -0.0222071
389 371 -0.0466685
390 371 -0.111518
391 371 -0.310319
372 372 1
373 372 -0.359369
374 372 -0.0212509
375 372 -0.00989079
376 372 -0.00412337
387 372 -0.00547292
388 372 -0.0113596
389 372 -0.0222145
390 372 -0.0466732
391 372 -0.11152
392 372 -0.31032
373 373 1
374 373 -0.359351
375 373 -0.0212295
376 373 -0.00986377
377 373 -0.00409731
388 373 -0.0054775
389 373 -0.011363
390 373 -0.0222162
391 373 -0.0466731
392 373 -0.111518
393 373 -0.310317
374 374 1
375 374 -0.359296
376 374 -0.0211689
377 374 -0.00979092
378 374 -0.00402565
389 374 -0.00547844
390 374 -0.0113624
391 374 -0.0222133
392 374 -0.046667
393 374 -0.111509
394 374 -0.310306
375 375 1
376 375 -0.359129
377 375 -0.0209957
378 375 -0.00957109
379 375 -0.00377533
390 375 -0.00547602
391 375 -0.0113562
392 375 -0.0222015
393 375 -0.0466474
394 375 -0.11148
395 375 -0.310274
376 376 1
377 376 -0.358664
378 376 -0.0204693
379 376 -0.00879094
391 376 -0.00546695
392 376 -0.0113367
393 376 -0.0221664
394 376 -0.0465896
395 376 -0.111394
396 376 -0.310179
377 377 1
378 377 -0.357553
379 377 -0.0191482
380 377 -0.00575968
392 377 -0.00544159
393 377 -0.0112834
394 377 -0.0220709
395 377 -0.046432
396 377 -0.11117
397 377 -0.309955
378 378 1
379 378 -0.354679
380 378 -0.0149008
393 378 -0.00537269
394 378 -0.0111384
395 378 -0.0218083
396 378 -0.0460119
397 378 -0.110629
398 378 -0.309406
379 379 1
380 379 -0.345377
394 379 -0.00517499
395 379 -0.0107143
396 379 -0.0210599
397 379 -0.0449395
398 379 -0.109198
399 379 -0.307879
380 380 1
395 380 -0.00420968
396 380 -0.00843207
397 380 -0.0185825
398 380 -0.0415154
399 380 -0.104357
400 380 -0.302153
381 381 1
382 381 -0.298629
383 381 -0.0111941
384 381 -0.00496814
382 382 1
383 382 -0.341443
384 382 -0.0170263
385 382 -0.0071058
386 382 -0.00348284
383 383 1
384 383 -0.352515
385 383 -0.019172
386 383 -0.00913432
387 383 -0.00388513
384 384 1
385 384 -0.356334
386 384 -0.0205397
387 384 -0.00959106
388 384 -0.00403314
385 385 1
386 385 -0.358082
387 385 -0.020953
388 385 -0.00977025
389 385 -0.00409302
386 386 1
387 386 -0.358849
388 386 -0.0211342
389 386 -0.00984956
390 386 -0.00411987
387 387 1
388 387 -0.359162
389 387 -0.0212099
390 387 -0.00988291
391 387 -0.00413092
388 388 1
389 388 -0.359291
390 388 -0.0212415
391 388 -0.00989662
392 388 -0.00413539
389 389 1
390 389 -0.359345
391 389 -0.0212544
392 389 -0.00990197
393 389 -0.00413689
390 390 1
391 390 -0.359367
392 390 -0.021259
393 390 -0.00990318
394 390 -0.00413648
391 391 1
392 391 -0.359374
393 391 -0.0212586
394 391 -0.00990075
395 391 -0.00413333
392 392 1
393 392 -0.35937
394 392 -0.0212518
395 392 -0.00989138
396 392 -0.00412367
393 393 1
394 393 -0.359352
395 393 -0.0212303
396 393 -0.00986431
397 393 -0.00409757
394 394 1
395 394 -0.359297
396 394 -0.0211696
397 394 -0.00979137
398 394 -0.00402586
395 395 1
396 395 -0.35913
397 395 -0.0209963
398 395 -0.00957144
399 395 -0.00377548
396 396 1
397 396 -0.358665
398 396 -0.0204697
399 396 -0.00879116
397 397 1
398 397 -0.357554
399 397 -0.0191485
400 397 -0.00575975
398 398 1
399 398 -0.354679
400 398 -0.0149009
399 399 1
400 399 -0.345377
400 400 1
