1 1 1
2 1 -0.25
11 1 -0.25
2 2 1
3 2 -0.266667
11 2 -0.0666667
12 2 -0.266667
3 3 1
4 3 -0.267857
11 3 -0.0178571
12 3 -0.0714286
13 3 -0.267857
4 4 1
5 4 -0.267943
11 4 -0.00478469
12 4 -0.0191388
13 4 -0.0717703
14 4 -0.267943
5 5 1
6 5 -0.267949
11 5 -0.00128205
12 5 -0.00512821
13 5 -0.0192308
14 5 -0.0717949
15 5 -0.267949
6 6 1
7 6 -0.267949
12 6 -0.0013741
13 6 -0.00515287
14 6 -0.0192374
15 6 -0.0717966
16 6 -0.267949
7 7 1
8 7 -0.267949
13 7 -0.00138071
14 7 -0.00515464
15 7 -0.0192378
16 7 -0.0717968
17 7 -0.267949
8 8 1
9 8 -0.267949
14 8 -0.00138118
15 8 -0.00515477
16 8 -0.0192379
17 8 -0.0717968
18 8 -0.267949
9 9 1
10 9 -0.267949
15 9 -0.00138122
16 9 -0.00515478
17 9 -0.0192379
18 9 -0.0717968
19 9 -0.267949
10 10 1
16 10 -0.00138122
17 10 -0.00515478
18 10 -0.0192379
19 10 -0.0717968
20 10 -0.267949
11 11 1
12 11 -0.287187
13 11 -0.00515287
14 11 -0.0013741
21 11 -0.267949
12 12 1
13 12 -0.317906
14 12 -0.00648581
15 12 -0.00161421
21 12 -0.0843424
22 12 -0.293685
13 13 1
14 13 -0.322037
15 13 -0.0066696
16 13 -0.00164018
21 13 -0.0286442
22 13 -0.0944123
23 13 -0.296982
14 14 1
15 14 -0.322612
16 14 -0.00669138
17 14 -0.0016433
21 14 -0.0102016
22 14 -0.0323808
23 14 -0.0957881
24 14 -0.297444
15 15 1
16 15 -0.322689
17 15 -0.00669409
18 15 -0.00164369
21 15 -0.00362117
22 15 -0.0115597
23 15 -0.0328933
24 15 -0.0959796
25 15 -0.297508
16 16 1
17 16 -0.3227
18 16 -0.00669443
19 16 -0.00164374
21 16 -0.00128389
22 16 -0.00410216
23 16 -0.0117437
24 16 -0.0329633
25 16 -0.0960053
26 16 -0.297516
17 17 1
18 17 -0.322692
19 17 -0.00666496
20 17 -0.00153363
22 17 -0.00145437
23 17 -0.00416733
24 17 -0.0117687
25 17 -0.0329725
26 17 -0.0960084
27 17 -0.297517
18 18 1
19 18 -0.322562
20 18 -0.00621827
23 18 -0.0014774
24 18 -0.00417595
25 18 -0.0117713
26 18 -0.0329718
27 18 -0.096003
28 18 -0.297506
19 19 1
20 19 -0.320724
24 19 -0.00147889
25 19 -0.00417247
26 19 -0.0117585
27 19 -0.0329335
28 19 -0.0959169
29 19 -0.29736
20 20 1
25 20 -0.00145196
26 20 -0.00409525
27 20 -0.0115362
28 20 -0.0323898
29 20 -0.0947211
30 20 -0.295335
21 21 1
22 21 -0.295497
23 21 -0.00874049
24 21 -0.00310746
25 21 -0.00108929
31 21 -0.26993
22 22 1
23 22 -0.333217
24 22 -0.0119518
25 22 -0.00425143
26 22 -0.00136512
31 22 -0.0882402
32 22 -0.298616
23 23 1
24 23 -0.340218
25 23 -0.0127378
26 23 -0.00448301
27 23 -0.00140905
31 23 -0.0325268
32 23 -0.101101
33 23 -0.303408
24 24 1
25 24 -0.341685
26 24 -0.0128946
27 24 -0.00452305
28 24 -0.00141626
31 24 -0.0131224
32 24 -0.038144
33 24 -0.103555
34 24 -0.304377
25 25 1
26 25 -0.341993
27 25 -0.0129224
28 25 -0.00452804
29 25 -0.00141271
31 25 -0.00561714
32 25 -0.0156298
33 25 -0.039287
34 25 -0.104072
35 25 -0.304585
26 26 1
27 26 -0.342044
28 26 -0.0129033
29 26 -0.00446527
30 26 -0.00124752
31 26 -0.00235992
32 26 -0.00670919
33 26 -0.0161397
34 26 -0.0395248
35 26 -0.10418
36 26 -0.304626
27 27 1
28 27 -0.34197
29 27 -0.012705
30 27 -0.00394092
32 27 -0.00281253
33 27 -0.00692622
34 27 -0.0162421
35 27 -0.0395705
36 27 -0.104195
37 27 -0.304625
28 28 1
29 28 -0.341337
30 28 -0.0112279
32 28 -0.00117294
33 28 -0.00290083
34 28 -0.0069654
35 28 -0.0162518
36 28 -0.0395531
37 28 -0.104148
38 28 -0.304554
29 29 1
30 29 -0.336715
33 29 -0.00120363
34 29 -0.00290236
35 29 -0.00693345
36 29 -0.0161568
37 29 -0.0393519
38 29 -0.103779
39 29 -0.304035
30 30 1
34 30 -0.00115364
35 30 -0.00276663
36 30 -0.00658818
37 30 -0.0154181
38 30 -0.0378716
39 30 -0.101077
40 30 -0.300184
31 31 1
32 31 -0.297599
33 31 -0.0102278
34 31 -0.00414828
35 31 -0.00173636
41 31 -0.270283
32 32 1
33 32 -0.338242
34 32 -0.0147257
35 32 -0.00607754
36 32 -0.00234641
41 32 -0.0892549
42 32 -0.299917
33 33 1
34 33 -0.347127
35 33 -0.0161326
36 33 -0.00659735
37 33 -0.00246655
38 33 -0.0010117
41 33 -0.0338756
42 33 -0.103331
43 33 -0.305493
34 34 1
35 34 -0.34947
36 34 -0.0165026
37 34 -0.00670879
38 34 -0.00283896
39 34 -0.00100987
41 34 -0.0144302
42 34 -0.04055
43 34 -0.106525
44 34 -0.306875
35 35 1
36 35 -0.350099
37 35 -0.0165727
38 35 -0.00683761
39 35 -0.00276992
41 35 -0.00668803
42 35 -0.0177325
43 35 -0.04223
44 35 -0.107376
45 35 -0.307254
36 36 1
37 36 -0.350209
38 36 -0.0165553
39 36 -0.00663431
40 36 -0.00202487
41 36 -0.00302016
42 36 -0.00828728
43 36 -0.0185776
44 36 -0.042676
45 36 -0.107603
46 36 -0.307349
37 37 1
38 37 -0.350003
39 37 -0.0160658
40 37 -0.00544764
41 37 -0.00134952
42 37 -0.00372496
43 37 -0.00867958
44 37 -0.0187867
45 37 -0.0427751
46 37 -0.107632
47 37 -0.307336
38 38 1
39 38 -0.348711
40 38 -0.013572
42 38 -0.00178169
43 38 -0.0042457
44 38 -0.00888385
45 38 -0.0188437
46 38 -0.0427357
47 38 -0.107509
48 38 -0.307165
39 39 1
40 39 -0.342051
43 39 -0.00196197
44 39 -0.0042776
45 39 -0.00879652
46 39 -0.0186143
47 39 -0.0423013
48 39 -0.106801
49 39 -0.306275
40 40 1
44 40 -0.00174368
45 40 -0.00365494
46 40 -0.00802196
47 40 -0.0173165
48 40 -0.0400497
49 40 -0.103118
50 40 -0.301468
41 41 1
42 41 -0.298254
43 41 -0.0108217
44 41 -0.00466921
45 41 -0.00214496
51 41 -0.270377
42 42 1
43 42 -0.340118
44 42 -0.0160168
45 42 -0.00709655
46 42 -0.00295533
47 42 -0.00130608
51 42 -0.0895801
52 42 -0.300348
43 43 1
44 43 -0.350068
45 43 -0.0178825
46 43 -0.00786408
47 43 -0.00364983
48 43 -0.00151005
51 43 -0.034387
52 43 -0.104181
53 43 -0.306307
44 44 1
45 44 -0.353067
46 44 -0.01846
47 44 -0.00826191
48 44 -0.00379804
49 44 -0.001501
51 44 -0.0150118
52 44 -0.0415996
53 44 -0.107807
54 44 -0.307959
45 45 1
46 45 -0.353995
47 45 -0.0186668
48 45 -0.00827947
49 45 -0.00363011
50 45 -0.00112749
51 45 -0.00724313
52 45 -0.0187779
53 45 -0.0436444
54 45 -0.108916
55 45 -0.308484
46 46 1
47 46 -0.354199
48 46 -0.0185363
49 46 -0.00790525
50 46 -0.00287515
51 46 -0.00338749
52 46 -0.00915766
53 46 -0.0198788
54 46 -0.0442713
55 46 -0.109254
56 46 -0.308632
47 47 1
48 47 -0.353811
49 47 -0.0177628
50 47 -0.00638346
51 47 -0.001706
52 47 -0.00472471
53 47 -0.00987464
54 47 -0.0202636
55 47 -0.0444561
56 47 -0.10931
57 47 -0.308613
48 48 1
49 48 -0.351948
50 48 -0.0146677
52 48 -0.00231166
53 48 -0.00509542
54 48 -0.0100552
55 48 -0.0202908
56 48 -0.0443554
57 48 -0.109091
58 48 -0.308332
49 49 1
50 49 -0.344135
52 49 -0.00109628
53 49 -0.00243677
54 49 -0.005087
55 49 -0.00987523
56 49 -0.0199132
57 49 -0.0437069
58 49 -0.10811
59 49 -0.307178
50 50 1
53 50 -0.00106315
54 50 -0.00223633
55 50 -0.00455702
56 50 -0.00892334
57 50 -0.0182778
58 50 -0.0409963
59 50 -0.103901
60 50 -0.30192
51 51 1
52 51 -0.298497
53 51 -0.0110705
54 51 -0.00491254
55 51 -0.00234933
56 51 -0.00107941
61 51 -0.270409
52 52 1
53 52 -0.34091
54 52 -0.0166396
55 52 -0.0076575
56 52 -0.00373432
57 52 -0.00171253
61 52 -0.0897037
62 52 -0.300518
53 53 1
54 53 -0.35144
55 53 -0.0188036
56 53 -0.00876424
57 53 -0.00430288
58 53 -0.00186986
61 53 -0.0346013
62 53 -0.104545
63 53 -0.306665
54 54 1
55 54 -0.354868
56 54 -0.0196073
57 54 -0.00916379
58 54 -0.0044088
59 54 -0.00180664
61 54 -0.0152798
62 54 -0.0420916
63 54 -0.108412
64 54 -0.308479
55 55 1
56 55 -0.356059
57 55 -0.0198341
58 55 -0.00914082
59 55 -0.0041797
60 55 -0.00140861
61 55 -0.00752194
62 55 -0.0193159
63 55 -0.0443628
64 55 -0.109693
65 55 -0.309108
56 56 1
57 56 -0.356307
58 56 -0.019622
59 56 -0.00863385
60 56 -0.00326193
61 56 -0.0039649
62 56 -0.00978879
63 56 -0.0206482
64 56 -0.045147
65 56 -0.110132
66 56 -0.309308
57 57 1
58 57 -0.355756
59 57 -0.0186381
60 57 -0.00684288
61 57 -0.00201046
62 57 -0.00524075
63 57 -0.0105634
64 57 -0.0210953
65 57 -0.0453704
66 57 -0.110196
67 57 -0.309272
58 58 1
59 58 -0.353498
60 58 -0.0151723
62 58 -0.00261324
63 58 -0.00561966
64 58 -0.0107445
65 58 -0.0211035
66 58 -0.0452178
67 58 -0.109895
68 58 -0.308906
59 59 1
60 59 -0.345047
62 59 -0.00125718
63 59 -0.00273096
64 59 -0.00557255
65 59 -0.0105004
66 59 -0.0206145
67 59 -0.0444148
68 59 -0.108731
69 59 -0.307587
60 60 1
63 60 -0.00120638
64 60 -0.00248384
65 60 -0.00495145
66 60 -0.00937928
67 60 -0.0187502
68 60 -0.0414329
69 60 -0.104242
70 60 -0.302108
61 61 1
62 61 -0.298605
63 61 -0.0111912
64 61 -0.00504744
65 61 -0.00249563
66 61 -0.00126592
71 61 -0.270423
62 62 1
63 62 -0.341283
64 62 -0.0169594
65 62 -0.00797998
66 62 -0.00406426
67 62 -0.00190936
71 62 -0.0897591
72 62 -0.300594
63 63 1
64 63 -0.352129
65 63 -0.0193077
66 63 -0.00924251
67 63 -0.00466382
68 63 -0.0020713
71 63 -0.0347033
72 63 -0.104718
73 63 -0.306837
64 64 1
65 64 -0.355824
66 64 -0.0202372
67 64 -0.00967499
68 64 -0.00476459
69 64 -0.00198511
71 64 -0.0154179
72 64 -0.0423398
73 64 -0.108718
74 64 -0.308745
65 65 1
66 65 -0.35718
67 65 -0.0204839
68 65 -0.00962861
69 65 -0.00448591
70 65 -0.00153219
71 65 -0.00768381
72 65 -0.0196079
73 65 -0.0447465
74 65 -0.110107
75 65 -0.309443
66 66 1
67 66 -0.357454
68 66 -0.0202156
69 66 -0.00902978
70 66 -0.00345221
71 66 -0.00415108
72 66 -0.0101036
73 66 -0.0210635
74 66 -0.0456246
75 66 -0.11061
76 66 -0.309675
67 67 1
68 67 -0.356788
69 67 -0.0190935
70 67 -0.00707074
71 67 -0.00213051
72 67 -0.0055077
73 67 -0.010944
74 67 -0.0215584
75 67 -0.0458739
76 67 -0.110677
77 67 -0.309625
68 68 1
69 68 -0.35428
70 68 -0.0154148
71 68 -0.00106282
72 68 -0.00277558
73 68 -0.00591423
74 68 -0.0111347
75 68 -0.0215546
76 68 -0.0456847
77 68 -0.110319
78 68 -0.309202
69 69 1
70 69 -0.34548
72 69 -0.00134533
73 69 -0.00289727
74 69 -0.0058477
75 69 -0.0108455
76 69 -0.0209911
77 69 -0.0447819
78 69 -0.109043
79 69 -0.307787
70 70 1
73 70 -0.0012853
74 70 -0.00261853
75 70 -0.00515579
76 70 -0.0096155
77 70 -0.0189889
78 70 -0.0416459
79 70 -0.104402
80 70 -0.302194
71 71 1
72 71 -0.298659
73 71 -0.0112557
74 71 -0.00512471
75 71 -0.00258429
76 71 -0.00137099
81 71 -0.27043
72 72 1
73 72 -0.34147
74 72 -0.0171282
75 72 -0.00815546
76 72 -0.00423541
77 72 -0.00201235
81 72 -0.0897866
82 72 -0.300632
73 73 1
74 73 -0.352489
75 73 -0.0195814
76 73 -0.00950108
77 73 -0.00486237
78 73 -0.00218464
79 73 -0.00102554
81 73 -0.0347559
82 73 -0.104806
83 73 -0.306926
74 74 1
75 74 -0.35634
76 74 -0.0205833
77 74 -0.00996018
78 74 -0.00496576
79 74 -0.00244952
81 74 -0.0154925
82 74 -0.0424698
83 74 -0.108879
84 74 -0.308887
75 75 1
76 75 -0.357797
77 75 -0.0208445
78 75 -0.00990046
79 75 -0.00480479
80 75 -0.00159637
81 75 -0.00777468
82 75 -0.0197654
83 75 -0.0449539
84 75 -0.110332
85 75 -0.309626
76 76 1
77 76 -0.358083
78 76 -0.0205405
79 76 -0.00931501
80 76 -0.00355127
81 76 -0.00425413
82 76 -0.0102725
83 76 -0.0212899
84 76 -0.0458869
85 76 -0.110873
86 76 -0.309877
77 77 1
78 77 -0.357344
79 77 -0.0193714
80 77 -0.00718779
81 77 -0.00219677
82 77 -0.00565211
83 77 -0.0111539
84 77 -0.0218153
85 77 -0.0461522
86 77 -0.110941
87 77 -0.309818
78 78 1
79 78 -0.354708
80 78 -0.0155368
81 78 -0.00110156
82 78 -0.00286491
83 78 -0.00607844
84 78 -0.0113525
85 78 -0.0218041
86 78 -0.0459396
87 78 -0.110547
88 78 -0.309359
79 79 1
80 79 -0.345705
82 79 -0.00152124
83 79 -0.00335404
84 79 -0.00613383
85 79 -0.0110916
86 79 -0.0212219
87 79 -0.044991
88 79 -0.109213
89 79 -0.307896
80 80 1
83 80 -0.00145247
84 80 -0.00273768
85 80 -0.00528504
86 80 -0.00975024
87 80 -0.0191182
88 80 -0.0417575
89 80 -0.104485
90 80 -0.302238
81 81 1
82 81 -0.298686
83 81 -0.0112875
84 81 -0.00516202
85 81 -0.00262366
86 81 -0.00140743
91 81 -0.270433
82 82 1
83 82 -0.341569
84 82 -0.017218
85 82 -0.00824906
86 82 -0.00432372
87 82 -0.00207394
88 82 -0.00102357
91 82 -0.0898004
92 82 -0.300651
83 83 1
84 83 -0.352686
85 83 -0.0197349
86 83 -0.00964983
87 83 -0.00499265
88 83 -0.0026497
89 83 -0.00118374
91 83 -0.0347829
92 83 -0.104852
93 83 -0.306973
84 84 1
85 84 -0.356628
86 84 -0.02078
87 84 -0.0101329
88 84 -0.00525531
89 84 -0.00260775
91 84 -0.0155309
92 84 -0.0425397
93 84 -0.108968
94 84 -0.308965
85 85 1
86 85 -0.358142
87 85 -0.0210531
88 85 -0.0101383
89 85 -0.00495713
90 85 -0.00163693
91 85 -0.00782078
92 85 -0.0198511
93 85 -0.0450694
94 85 -0.110458
95 85 -0.309728
86 86 1
87 86 -0.358438
88 86 -0.0207659
89 86 -0.00946624
90 86 -0.00360923
91 86 -0.0043027
92 86 -0.0103645
93 86 -0.0214181
94 86 -0.0460347
95 86 -0.111021
96 86 -0.309991
87 87 1
88 87 -0.357676
89 87 -0.0195215
90 87 -0.00725313
91 87 -0.00223186
92 87 -0.00573614
93 87 -0.0112799
94 87 -0.0219646
95 87 -0.0463106
96 87 -0.111089
97 87 -0.309926
88 88 1
89 88 -0.354951
90 88 -0.0156037
91 88 -0.00123474
92 88 -0.00328521
93 88 -0.00632242
94 88 -0.0115436
95 88 -0.0219777
96 88 -0.0460994
97 88 -0.110684
98 88 -0.309453
89 89 1
90 89 -0.345827
92 89 -0.00170211
93 89 -0.00352342
94 89 -0.00628407
95 89 -0.0112322
96 89 -0.0213539
97 89 -0.0451091
98 89 -0.109309
99 89 -0.307956
90 90 1
93 90 -0.00151949
94 90 -0.00280278
95 90 -0.00536061
96 90 -0.00982755
97 90 -0.0191907
98 90 -0.0418195
99 90 -0.10453
100 90 -0.302261
91 91 1
92 91 -0.298701
93 91 -0.0113048
94 91 -0.0051824
95 91 -0.00264565
96 91 -0.00142969
92 92 1
93 92 -0.341625
94 92 -0.0172719
95 92 -0.00830964
96 92 -0.00439181
97 92 -0.0021529
98 92 -0.00116939
93 93 1
94 93 -0.3528
95 93 -0.0198268
96 93 -0.00974626
97 93 -0.00509622
98 93 -0.00279739
99 93 -0.00124301
94 94 1
95 94 -0.356795
96 94 -0.0208996
97 94 -0.0102505
98 94 -0.00539032
99 94 -0.00268276
95 95 1
96 95 -0.358345
97 95 -0.0211837
98 95 -0.0102673
99 95 -0.00503837
100 95 -0.00166065
96 96 1
97 96 -0.358649
98 96 -0.0208934
99 96 -0.00955023
100 96 -0.0036427
97 97 1
98 97 -0.357869
99 97 -0.0196059
100 97 -0.0072903
98 98 1
99 98 -0.355089
100 98 -0.0156413
99 99 1
100 99 -0.345895
100 100 1
