1 1 1
2 1 -0.25
11 1 -0.25
2 2 1
3 2 -0.266667
11 2 -0.0666667
12 2 -0.266667
3 3 1
4 3 -0.267857
11 3 -0.0178571
12 3 -0.0714286
13 3 -0.267857
4 4 1
5 4 -0.267943
11 4 -0.00478469
12 4 -0.0191388
13 4 -0.0717703
14 4 -0.267943
5 5 1
6 5 -0.267949
12 5 -0.00512821
13 5 -0.0192308
14 5 -0.0717949
15 5 -0.267949
6 6 1
7 6 -0.267949
13 6 -0.00515287
14 6 -0.0192374
15 6 -0.0717966
16 6 -0.267949
7 7 1
8 7 -0.267949
14 7 -0.00515464
15 7 -0.0192378
16 7 -0.0717968
17 7 -0.267949
8 8 1
9 8 -0.267949
15 8 -0.00515477
16 8 -0.0192379
17 8 -0.0717968
18 8 -0.267949
9 9 1
10 9 -0.267949
16 9 -0.00515478
17 9 -0.0192379
18 9 -0.0717968
19 9 -0.267949
10 10 1
17 10 -0.00515478
18 10 -0.0192379
19 10 -0.0717968
20 10 -0.267949
11 11 1
12 11 -0.287179
13 11 -0.00512821
21 11 -0.267949
12 12 1
13 12 -0.317888
14 12 -0.00602427
21 12 -0.0843398
22 12 -0.293683
13 13 1
14 13 -0.321869
15 13 -0.00612115
21 13 -0.0286344
22 13 -0.0944058
23 13 -0.296978
14 14 1
15 14 -0.322378
16 14 -0.00613215
21 14 -0.00974443
22 14 -0.0322221
23 14 -0.0957268
24 14 -0.297409
15 15 1
16 15 -0.32244
17 15 -0.00613341
21 15 -0.00331752
22 15 -0.0109684
23 15 -0.0326866
24 15 -0.0958954
25 15 -0.297463
16 16 1
17 16 -0.322448
18 16 -0.00613355
22 16 -0.00373436
23 16 -0.0111268
24 16 -0.0327454
25 16 -0.0959161
26 16 -0.297469
17 17 1
18 17 -0.322449
19 17 -0.00613357
23 17 -0.00378832
24 17 -0.0111469
25 17 -0.0327525
26 17 -0.0959186
27 17 -0.29747
18 18 1
19 18 -0.322329
20 18 -0.00572253
24 18 -0.00379503
25 18 -0.011149
26 18 -0.0327524
27 18 -0.0959161
28 18 -0.297461
19 19 1
20 19 -0.320507
25 19 -0.00379269
26 19 -0.01114
27 19 -0.0327252
28 19 -0.0958341
29 19 -0.297317
20 20 1
26 20 -0.00373223
27 20 -0.0109622
28 20 -0.0321965
29 20 -0.0946445
30 20 -0.295296
21 21 1
22 21 -0.295467
23 21 -0.00867418
31 21 -0.269926
22 22 1
23 22 -0.333125
24 22 -0.0108002
25 22 -0.00363473
31 22 -0.088227
32 22 -0.298602
23 23 1
24 23 -0.339684
25 23 -0.0123615
26 23 -0.0037462
31 23 -0.0324921
32 23 -0.101062
33 23 -0.303376
24 24 1
25 24 -0.341295
26 24 -0.0124593
27 24 -0.00376363
31 24 -0.0120394
32 24 -0.0377129
33 24 -0.103346
34 24 -0.30424
25 25 1
26 25 -0.341636
27 25 -0.0124803
28 25 -0.00376706
31 25 -0.00484256
32 25 -0.0152427
33 25 -0.0390649
34 25 -0.103923
35 25 -0.304495
26 26 1
27 26 -0.341691
28 26 -0.0124789
29 26 -0.00375683
32 26 -0.00605856
33 26 -0.0157776
34 26 -0.039303
35 26 -0.104041
36 26 -0.304538
27 27 1
28 27 -0.341636
29 27 -0.0123198
30 27 -0.00333842
33 27 -0.00626804
34 27 -0.0158729
35 27 -0.0393508
36 27 -0.104058
37 27 -0.304539
28 28 1
29 28 -0.341052
30 28 -0.0109434
34 28 -0.00630347
35 28 -0.0158859
36 28 -0.0393423
37 28 -0.10402
38 28 -0.304476
29 29 1
30 29 -0.336508
35 29 -0.00628298
36 29 -0.0158171
37 29 -0.0391623
38 29 -0.10367
39 29 -0.303972
30 30 1
36 30 -0.00602232
37 30 -0.0151366
38 30 -0.037731
39 30 -0.101
40 30 -0.300143
31 31 1
32 31 -0.297512
33 31 -0.0100549
34 31 -0.0037006
41 31 -0.270272
32 32 1
33 32 -0.338027
34 32 -0.0143254
35 32 -0.00519166
41 32 -0.0892176
42 32 -0.299879
33 33 1
34 33 -0.346754
35 33 -0.0156123
36 33 -0.00547296
41 33 -0.0337864
42 33 -0.103241
43 33 -0.305422
34 34 1
35 34 -0.349005
36 34 -0.0158764
37 34 -0.00552983
41 34 -0.0142096
42 34 -0.0403508
43 34 -0.106371
44 34 -0.306763
35 35 1
36 35 -0.349576
37 35 -0.0159335
38 35 -0.00553715
41 35 -0.00596995
42 35 -0.0173148
43 35 -0.0419633
44 35 -0.107189
45 35 -0.307129
36 36 1
37 36 -0.349689
38 36 -0.0159125
39 36 -0.00548181
42 36 -0.00726442
43 36 -0.0180461
44 36 -0.0423587
45 36 -0.107395
46 36 -0.307213
37 37 1
38 37 -0.349501
39 37 -0.0155125
40 37 -0.00465004
42 37 -0.00303963
43 37 -0.0075682
44 37 -0.0182191
45 37 -0.0424486
46 37 -0.107426
47 37 -0.307205
38 38 1
39 38 -0.348278
40 38 -0.0132094
43 38 -0.00316298
44 38 -0.00763124
45 38 -0.0182361
46 38 -0.0424115
47 38 -0.107312
48 38 -0.307042
39 39 1
40 39 -0.341758
44 39 -0.00316337
45 39 -0.00757627
46 39 -0.0180685
47 39 -0.0420182
48 39 -0.106634
49 39 -0.306175
40 40 1
46 40 -0.00711902
47 40 -0.0169297
48 40 -0.0398573
49 40 -0.103009
50 40 -0.30141
41 41 1
42 41 -0.298173
43 41 -0.0106874
44 41 -0.00440514
51 41 -0.270367
42 42 1
43 42 -0.339916
44 42 -0.0157464
45 42 -0.00608855
51 42 -0.0895441
52 42 -0.300309
43 43 1
44 43 -0.349724
45 43 -0.0172705
46 43 -0.0064705
51 43 -0.0343105
52 43 -0.104093
53 43 -0.306231
44 44 1
45 44 -0.352509
46 44 -0.017658
47 44 -0.00656336
51 44 -0.0148639
52 44 -0.0414431
53 44 -0.107661
54 44 -0.307845
45 45 1
46 45 -0.353263
47 45 -0.0176903
48 45 -0.00643598
51 45 -0.00640399
52 45 -0.0183185
53 45 -0.0433341
54 45 -0.108684
55 45 -0.308315
46 46 1
47 46 -0.353393
48 46 -0.0175868
49 46 -0.00632331
52 46 -0.00788529
53 46 -0.0192146
54 46 -0.0438548
55 46 -0.108958
56 46 -0.308431
47 47 1
48 47 -0.35303
49 47 -0.0169773
50 47 -0.00522116
52 47 -0.003383
53 47 -0.00826438
54 47 -0.0194439
55 47 -0.043957
56 47 -0.108987
57 47 -0.308403
48 48 1
49 48 -0.351293
50 48 -0.0141232
53 48 -0.00353141
54 48 -0.00832802
55 48 -0.0194024
56 48 -0.043862
57 48 -0.108782
58 48 -0.308138
49 49 1
50 49 -0.343683
54 49 -0.00351968
55 49 -0.00822007
56 49 -0.0191362
57 49 -0.0432888
58 49 -0.107856
59 49 -0.307025
50 50 1
55 50 -0.00327031
56 50 -0.00762918
57 50 -0.0177066
58 50 -0.0407036
59 50 -0.103733
60 50 -0.301829
51 51 1
52 51 -0.298409
53 51 -0.0109265
54 51 -0.00462961
61 51 -0.270399
52 52 1
53 52 -0.340677
54 52 -0.016329
55 52 -0.00648611
61 52 -0.0896641
62 52 -0.300474
53 53 1
54 53 -0.351022
55 53 -0.0180498
56 53 -0.00694014
61 53 -0.0345164
62 53 -0.104442
63 53 -0.306573
54 54 1
55 54 -0.354148
56 54 -0.0185239
57 54 -0.00705476
61 54 -0.0151155
62 54 -0.041907
63 54 -0.108232
64 54 -0.308334
55 55 1
56 55 -0.35507
57 55 -0.0186134
58 55 -0.00702123
61 55 -0.00658819
62 55 -0.0187705
63 55 -0.0439736
64 55 -0.10939
65 55 -0.308882
56 56 1
57 56 -0.355205
58 56 -0.0184439
59 56 -0.00672382
62 56 -0.00817657
63 56 -0.0197749
64 56 -0.0445834
65 56 -0.109725
66 56 -0.309025
57 57 1
58 57 -0.354706
59 57 -0.0176435
60 57 -0.00547095
62 57 -0.00354966
63 57 -0.00860697
64 57 -0.0200503
65 57 -0.0447202
66 57 -0.10975
67 57 -0.308977
58 58 1
59 58 -0.352622
60 58 -0.0145012
63 58 -0.00372239
64 58 -0.00869293
65 58 -0.0200335
66 58 -0.0445791
67 58 -0.109477
68 58 -0.30864
59 59 1
60 59 -0.344454
64 59 -0.00370291
65 59 -0.00855419
66 59 -0.0196485
67 59 -0.0438695
68 59 -0.108389
69 59 -0.30738
60 60 1
65 60 -0.00341821
66 60 -0.00786866
67 60 -0.0180514
68 60 -0.0410592
69 60 -0.104021
70 60 -0.301988
61 61 1
62 61 -0.298501
63 61 -0.011022
64 61 -0.00471831
71 61 -0.270411
62 62 1
63 62 -0.340997
64 62 -0.0165817
65 62 -0.00666823
71 62 -0.0897114
72 62 -0.30054
63 63 1
64 63 -0.351604
65 63 -0.0184182
66 63 -0.00716805
67 63 -0.00304494
71 63 -0.0346013
72 63 -0.104591
73 63 -0.306723
64 64 1
65 64 -0.354929
66 64 -0.0189501
67 64 -0.00837827
68 64 -0.00308519
71 64 -0.015222
72 64 -0.0421117
73 64 -0.108491
74 64 -0.308561
65 65 1
66 65 -0.355955
67 65 -0.0194991
68 65 -0.00836688
69 65 -0.00300861
71 65 -0.00667092
72 65 -0.0189788
73 65 -0.0442754
74 65 -0.109729
75 65 -0.309158
66 66 1
67 66 -0.356295
68 66 -0.0193015
69 66 -0.00798748
72 66 -0.00831511
73 66 -0.0200463
74 66 -0.0449403
75 66 -0.110103
76 66 -0.309317
67 67 1
68 67 -0.355787
69 67 -0.0183973
70 67 -0.00558357
72 67 -0.0040077
73 67 -0.00985912
74 67 -0.020744
75 67 -0.0452601
76 67 -0.110207
77 67 -0.309314
68 68 1
69 68 -0.353514
70 68 -0.0146691
73 68 -0.0045953
74 68 -0.0101085
75 68 -0.020791
76 68 -0.0451261
77 68 -0.109918
78 68 -0.308942
69 69 1
70 69 -0.344866
74 69 -0.00462299
75 69 -0.00994615
76 69 -0.0203568
77 69 -0.0443481
78 69 -0.108742
79 69 -0.307603
70 70 1
75 70 -0.00391328
76 70 -0.00814206
77 70 -0.0182817
78 70 -0.0412569
79 70 -0.104171
80 70 -0.302063
71 71 1
72 71 -0.298538
73 71 -0.0110624
74 71 -0.00475654
81 71 -0.270416
72 72 1
73 72 -0.341145
74 72 -0.0167044
75 72 -0.00677032
81 72 -0.0897313
82 72 -0.300569
73 73 1
74 73 -0.351925
75 73 -0.0186679
76 73 -0.00743384
77 73 -0.00352637
81 73 -0.0346398
82 73 -0.104663
83 73 -0.306799
74 74 1
75 74 -0.355422
76 74 -0.0193368
77 74 -0.00896815
78 74 -0.00362492
81 74 -0.0152735
82 74 -0.0422172
83 74 -0.108636
84 74 -0.308692
75 75 1
76 75 -0.356585
77 75 -0.0200661
78 75 -0.00897544
79 75 -0.00349416
81 75 -0.00671708
82 75 -0.0191005
83 75 -0.0444668
84 75 -0.109945
85 75 -0.309335
76 76 1
77 76 -0.357021
78 76 -0.0198117
79 76 -0.00841665
82 76 -0.00841847
83 76 -0.0202729
84 76 -0.045213
85 76 -0.11037
86 76 -0.309519
77 77 1
78 77 -0.356469
79 77 -0.018754
80 77 -0.00565882
82 77 -0.00414124
83 77 -0.0101995
84 77 -0.0211263
85 77 -0.0456173
86 77 -0.11051
87 77 -0.309534
78 78 1
79 78 -0.354018
80 78 -0.0147683
83 78 -0.00482539
84 78 -0.0105224
85 78 -0.0211984
86 78 -0.0454664
87 78 -0.110195
88 78 -0.30913
79 79 1
80 79 -0.345092
84 79 -0.00486258
85 79 -0.0103198
86 79 -0.0206732
87 79 -0.044605
88 79 -0.10894
89 79 -0.307726
80 80 1
85 80 -0.00405411
86 80 -0.00827034
87 80 -0.0184115
88 80 -0.041369
89 80 -0.104253
90 80 -0.302103
81 81 1
82 81 -0.298555
83 81 -0.0110819
84 81 -0.00477583
91 81 -0.270418
82 82 1
83 82 -0.341218
84 82 -0.0167699
85 82 -0.00682705
91 82 -0.0897406
92 82 -0.300583
83 83 1
84 83 -0.352097
85 83 -0.0188031
86 83 -0.00755561
87 83 -0.00365739
91 83 -0.0346588
92 83 -0.104699
93 83 -0.306839
84 84 1
85 84 -0.355705
86 84 -0.0195448
87 84 -0.00919469
88 84 -0.00378047
91 84 -0.0153004
92 84 -0.0422737
93 84 -0.108715
94 84 -0.308766
85 85 1
86 85 -0.356957
87 85 -0.0203406
88 85 -0.00920959
89 85 -0.00362629
91 85 -0.00674224
92 85 -0.0191677
93 85 -0.0445735
94 85 -0.110069
95 85 -0.30944
86 86 1
87 86 -0.357437
88 86 -0.0200589
89 86 -0.00858032
92 86 -0.00847339
93 86 -0.0203916
94 86 -0.0453676
95 86 -0.110529
96 86 -0.309643
87 87 1
88 87 -0.356848
89 87 -0.0189209
90 87 -0.00570133
92 87 -0.00419532
93 87 -0.0103315
94 87 -0.0213048
95 87 -0.0458083
96 87 -0.110684
97 87 -0.309661
88 88 1
89 88 -0.354285
90 88 -0.0148244
93 88 -0.00491203
94 88 -0.010683
95 88 -0.0213861
96 88 -0.0456459
97 88 -0.11035
98 88 -0.309234
89 89 1
90 89 -0.345214
94 89 -0.00495177
95 89 -0.0104617
96 89 -0.0208187
97 89 -0.0447363
98 89 -0.109046
99 89 -0.307791
90 90 1
95 90 -0.00410961
96 90 -0.0083314
97 90 -0.01848
98 90 -0.0414298
99 90 -0.104297
100 90 -0.302124
91 91 1
92 91 -0.298564
93 91 -0.0110918
94 91 -0.00478604
92 92 1
93 92 -0.341257
94 92 -0.0168048
95 92 -0.00685734
93 93 1
94 93 -0.352187
95 93 -0.0188736
96 93 -0.00761305
97 93 -0.00370821
94 94 1
95 94 -0.355857
96 94 -0.01965
97 94 -0.00929277
98 94 -0.00384071
95 95 1
96 95 -0.357158
97 95 -0.0204728
98 95 -0.0093103
99 95 -0.00367696
96 96 1
97 96 -0.357659
98 96 -0.0201784
99 96 -0.00865269
97 97 1
98 97 -0.357047
99 97 -0.0190024
100 97 -0.00572383
98 98 1
99 98 -0.354423
100 98 -0.0148546
99 99 1
100 99 -0.345277
100 100 1
