1 1 1
2 1 -0.25
21 1 -0.25
2 2 1
3 2 -0.266667
21 2 -0.0666667
22 2 -0.266667
3 3 1
4 3 -0.267857
21 3 -0.0178571
22 3 -0.0714286
23 3 -0.267857
4 4 1
5 4 -0.267943
22 4 -0.0191388
23 4 -0.0717703
24 4 -0.267943
5 5 1
6 5 -0.267949
23 5 -0.0192308
24 5 -0.0717949
25 5 -0.267949
6 6 1
7 6 -0.267949
24 6 -0.0192374
25 6 -0.0717966
26 6 -0.267949
7 7 1
8 7 -0.267949
25 7 -0.0192378
26 7 -0.0717968
27 7 -0.267949
8 8 1
9 8 -0.267949
26 8 -0.0192379
27 8 -0.0717968
28 8 -0.267949
9 9 1
10 9 -0.267949
27 9 -0.0192379
28 9 -0.0717968
29 9 -0.267949
10 10 1
11 10 -0.267949
28 10 -0.0192379
29 10 -0.0717968
30 10 -0.267949
11 11 1
12 11 -0.267949
29 11 -0.0192379
30 11 -0.0717968
31 11 -0.267949
12 12 1
13 12 -0.267949
30 12 -0.0192379
31 12 -0.0717968
32 12 -0.267949
13 13 1
14 13 -0.267949
31 13 -0.0192379
32 13 -0.0717968
33 13 -0.267949
14 14 1
15 14 -0.267949
32 14 -0.0192379
33 14 -0.0717968
34 14 -0.267949
15 15 1
16 15 -0.267949
33 15 -0.0192379
34 15 -0.0717968
35 15 -0.267949
16 16 1
17 16 -0.267949
34 16 -0.0192379
35 16 -0.0717968
36 16 -0.267949
17 17 1
18 17 -0.267949
35 17 -0.0192379
36 17 -0.0717968
37 17 -0.267949
18 18 1
19 18 -0.267949
36 18 -0.0192379
37 18 -0.0717968
38 18 -0.267949
19 19 1
20 19 -0.267949
37 19 -0.0192379
38 19 -0.0717968
39 19 -0.267949
20 20 1
38 20 -0.0192379
39 20 -0.0717968
40 20 -0.267949
21 21 1
22 21 -0.287081
41 21 -0.267943
22 22 1
23 22 -0.316138
41 22 -0.0843035
42 22 -0.293657
23 23 1
24 23 -0.319448
41 23 -0.0269214
42 23 -0.0937762
43 23 -0.29663
24 24 1
25 24 -0.319815
41 24 -0.00860964
42 24 -0.0299903
43 24 -0.0948644
44 24 -0.296963
25 25 1
26 25 -0.319854
42 25 -0.00959249
43 25 -0.0303427
44 25 -0.0949848
45 25 -0.297
26 26 1
27 26 -0.319858
43 26 -0.00970537
44 26 -0.0303817
45 26 -0.0949978
46 26 -0.297003
27 27 1
28 27 -0.319859
44 27 -0.00971784
45 27 -0.0303859
46 27 -0.0949991
47 27 -0.297004
28 28 1
29 28 -0.319859
45 28 -0.00971919
46 28 -0.0303863
47 28 -0.0949993
48 28 -0.297004
29 29 1
30 29 -0.319859
46 29 -0.00971933
47 29 -0.0303864
48 29 -0.0949993
49 29 -0.297004
30 30 1
31 30 -0.319859
47 30 -0.00971934
48 30 -0.0303864
49 30 -0.0949993
50 30 -0.297004
31 31 1
32 31 -0.319859
48 31 -0.00971935
49 31 -0.0303864
50 31 -0.0949993
51 31 -0.297004
32 32 1
33 32 -0.319859
49 32 -0.00971935
50 32 -0.0303864
51 32 -0.0949993
52 32 -0.297004
33 33 1
34 33 -0.319859
50 33 -0.00971935
51 33 -0.0303864
52 33 -0.0949993
53 33 -0.297004
34 34 1
35 34 -0.319859
51 34 -0.00971935
52 34 -0.0303864
53 34 -0.0949993
54 34 -0.297004
35 35 1
36 35 -0.319859
52 35 -0.00971935
53 35 -0.0303864
54 35 -0.0949993
55 35 -0.297004
36 36 1
37 36 -0.319859
53 36 -0.00971935
54 36 -0.0303864
55 36 -0.0949993
56 36 -0.297004
37 37 1
38 37 -0.319859
54 37 -0.00971935
55 37 -0.0303864
56 37 -0.0949993
57 37 -0.297004
38 38 1
39 38 -0.319859
55 38 -0.00971935
56 38 -0.0303864
57 38 -0.0949993
58 38 -0.297004
39 39 1
40 39 -0.318197
56 39 -0.00971536
57 39 -0.0303739
58 39 -0.0949604
59 39 -0.296882
40 40 1
57 40 -0.00960029
58 40 -0.0300141
59 40 -0.0938356
60 40 -0.294898
41 41 1
42 41 -0.295178
43 41 -0.00800821
61 41 -0.269894
42 42 1
43 42 -0.332215
44 42 -0.00986653
61 42 -0.0880991
62 42 -0.298461
43 43 1
44 43 -0.338385
45 43 -0.0101366
61 43 -0.0321464
62 43 -0.100683
63 43 -0.303065
44 44 1
45 44 -0.339406
46 44 -0.010176
61 44 -0.011791
62 44 -0.0371559
63 44 -0.102819
64 44 -0.303851
45 45 1
46 45 -0.339566
47 45 -0.0101816
62 45 -0.0136398
63 45 -0.037993
64 45 -0.103172
65 45 -0.303977
46 46 1
47 46 -0.339589
48 46 -0.0101824
63 46 -0.0139487
64 46 -0.0381291
65 46 -0.103226
66 46 -0.303996
47 47 1
48 47 -0.339593
49 47 -0.0101825
64 47 -0.0139989
65 47 -0.0381501
66 47 -0.103235
67 47 -0.303998
48 48 1
49 48 -0.339593
50 48 -0.0101825
65 48 -0.0140066
66 48 -0.0381532
67 48 -0.103236
68 48 -0.303999
49 49 1
50 49 -0.339593
51 49 -0.0101825
66 49 -0.0140078
67 49 -0.0381537
68 49 -0.103236
69 49 -0.303999
50 50 1
51 50 -0.339593
52 50 -0.0101825
67 50 -0.0140079
68 50 -0.0381537
69 50 -0.103236
70 50 -0.303999
51 51 1
52 51 -0.339593
53 51 -0.0101825
68 51 -0.014008
69 51 -0.0381537
70 51 -0.103236
71 51 -0.303999
52 52 1
53 52 -0.339593
54 52 -0.0101825
69 52 -0.014008
70 52 -0.0381537
71 52 -0.103236
72 52 -0.303999
53 53 1
54 53 -0.339593
55 53 -0.0101825
70 53 -0.014008
71 53 -0.0381537
72 53 -0.103236
73 53 -0.303999
54 54 1
55 54 -0.339593
56 54 -0.0101825
71 54 -0.014008
72 54 -0.0381537
73 54 -0.103236
74 54 -0.303999
55 55 1
56 55 -0.339593
57 55 -0.0101825
72 55 -0.014008
73 55 -0.0381537
74 55 -0.103236
75 55 -0.303999
56 56 1
57 56 -0.339593
58 56 -0.0101821
73 56 -0.014008
74 56 -0.0381537
75 56 -0.103236
76 56 -0.303999
57 57 1
58 57 -0.339586
59 57 -0.0101623
74 57 -0.0140079
75 57 -0.0381536
76 57 -0.103236
77 57 -0.303998
58 58 1
59 58 -0.33918
60 58 -0.00912316
75 58 -0.0140059
76 58 -0.0381482
77 58 -0.103221
78 58 -0.303962
59 59 1
60 59 -0.335115
76 59 -0.0139687
77 59 -0.0380468
78 59 -0.102955
79 59 -0.303542
60 60 1
77 60 -0.0135245
78 60 -0.0368193
79 60 -0.100488
80 60 -0.299863
61 61 1
62 61 -0.297338
63 61 -0.00976594
81 61 -0.270253
62 62 1
63 62 -0.337462
64 62 -0.0125263
81 62 -0.0891355
82 62 -0.299778
63 63 1
64 63 -0.345356
65 63 -0.0130411
81 63 -0.0336046
82 63 -0.102994
83 63 -0.305202
64 64 1
65 64 -0.346966
66 64 -0.0131366
81 64 -0.0127896
82 64 -0.039539
83 64 -0.105795
84 64 -0.306336
65 65 1
66 65 -0.347278
67 65 -0.0131535
82 65 -0.0150779
83 65 -0.0407321
84 65 -0.106366
85 65 -0.306561
66 66 1
67 66 -0.347335
68 66 -0.0131564
83 66 -0.0155383
84 66 -0.0409714
85 66 -0.106476
86 66 -0.306603
67 67 1
68 67 -0.347345
69 67 -0.0131569
84 67 -0.0156305
85 67 -0.0410169
86 67 -0.106497
87 67 -0.306611
68 68 1
69 68 -0.347347
70 68 -0.0131569
85 68 -0.015648
86 68 -0.0410251
87 68 -0.1065
88 68 -0.306612
69 69 1
70 69 -0.347347
71 69 -0.0131569
86 69 -0.0156511
87 69 -0.0410266
88 69 -0.106501
89 69 -0.306612
70 70 1
71 70 -0.347347
72 70 -0.013157
87 70 -0.0156517
88 70 -0.0410268
89 70 -0.106501
90 70 -0.306612
71 71 1
72 71 -0.347347
73 71 -0.013157
88 71 -0.0156518
89 71 -0.0410269
90 71 -0.106501
91 71 -0.306612
72 72 1
73 72 -0.347347
74 72 -0.013157
89 72 -0.0156518
90 72 -0.0410269
91 72 -0.106501
92 72 -0.306612
73 73 1
74 73 -0.347347
75 73 -0.013157
90 73 -0.0156518
91 73 -0.0410269
92 73 -0.106501
93 73 -0.306612
74 74 1
75 74 -0.347347
76 74 -0.0131569
91 74 -0.0156518
92 74 -0.0410269
93 74 -0.106501
94 74 -0.306612
75 75 1
76 75 -0.347347
77 75 -0.0131567
92 75 -0.0156518
93 75 -0.0410269
94 75 -0.106501
95 75 -0.306612
76 76 1
77 76 -0.347344
78 76 -0.0131494
93 76 -0.0156518
94 76 -0.0410268
95 76 -0.106501
96 76 -0.306612
77 77 1
78 77 -0.347287
79 77 -0.013055
94 77 -0.0156513
95 77 -0.0410255
96 77 -0.106498
97 77 -0.306606
78 78 1
79 78 -0.346367
80 78 -0.011285
95 78 -0.0156425
96 78 -0.0410025
97 78 -0.106443
98 78 -0.306498
79 79 1
80 79 -0.340357
96 79 -0.0155529
97 79 -0.0407679
98 79 -0.105897
99 79 -0.305735
80 80 1
97 80 -0.0148468
98 80 -0.0388981
99 80 -0.102492
100 80 -0.30113
81 81 1
82 81 -0.297952
83 81 -0.0102789
101 81 -0.270343
82 82 1
83 82 -0.339207
84 82 -0.0134396
101 82 -0.0894417
102 82 -0.300189
83 83 1
84 83 -0.347938
85 83 -0.0141135
101 83 -0.0340678
102 83 -0.103785
103 83 -0.305963
84 84 1
85 84 -0.349926
86 84 -0.0142586
101 84 -0.0131356
102 84 -0.0403977
103 84 -0.106919
104 84 -0.307294
85 85 1
86 85 -0.350365
87 85 -0.0142883
102 85 -0.0156225
103 85 -0.0417914
104 85 -0.107635
105 85 -0.307593
86 86 1
87 86 -0.350457
88 86 -0.0142942
103 86 -0.0161716
104 86 -0.0421061
105 86 -0.107792
106 86 -0.307657
87 87 1
88 87 -0.350476
89 87 -0.0142953
104 87 -0.0162953
105 87 -0.0421742
106 87 -0.107825
107 87 -0.30767
88 88 1
89 88 -0.350479
90 88 -0.0142955
105 88 -0.016322
106 88 -0.0421883
107 88 -0.107832
108 88 -0.307673
89 89 1
90 89 -0.35048
91 89 -0.0142956
106 89 -0.0163276
107 89 -0.0421912
108 89 -0.107833
109 89 -0.307673
90 90 1
91 90 -0.35048
92 90 -0.0142956
107 90 -0.0163287
108 90 -0.0421917
109 90 -0.107833
110 90 -0.307673
91 91 1
92 91 -0.35048
93 91 -0.0142956
108 91 -0.0163289
109 91 -0.0421918
110 91 -0.107833
111 91 -0.307673
92 92 1
93 92 -0.35048
94 92 -0.0142956
109 92 -0.0163289
110 92 -0.0421918
111 92 -0.107833
112 92 -0.307673
93 93 1
94 93 -0.35048
95 93 -0.0142956
110 93 -0.0163289
111 93 -0.0421918
112 93 -0.107833
113 93 -0.307673
94 94 1
95 94 -0.35048
96 94 -0.0142955
111 94 -0.0163289
112 94 -0.0421918
113 94 -0.107833
114 94 -0.307673
95 95 1
96 95 -0.350479
97 95 -0.0142939
112 95 -0.0163289
113 95 -0.0421918
114 95 -0.107833
115 95 -0.307673
96 96 1
97 96 -0.350467
98 96 -0.0142727
113 96 -0.0163288
114 96 -0.0421915
115 96 -0.107833
116 96 -0.307672
97 97 1
98 97 -0.35034
99 97 -0.0140971
114 97 -0.0163272
115 97 -0.0421874
116 97 -0.107823
117 97 -0.307656
98 98 1
99 98 -0.349054
100 98 -0.0119606
115 98 -0.0163099
116 98 -0.0421425
117 98 -0.107724
118 98 -0.307485
99 99 1
100 99 -0.342091
116 99 -0.0161779
117 99 -0.0418038
118 99 -0.10699
119 99 -0.306514
100 100 1
117 100 -0.0153308
118 100 -0.0396094
119 100 -0.103145
120 100 -0.301513
101 101 1
102 101 -0.298142
103 101 -0.0104466
121 101 -0.270369
102 102 1
103 102 -0.339812
104 102 -0.0137742
121 102 -0.0895393
122 102 -0.300324
103 103 1
104 103 -0.348912
105 103 -0.0145334
121 103 -0.034225
122 103 -0.104064
123 103 -0.30624
104 104 1
105 104 -0.351105
106 104 -0.0147117
121 104 -0.0132607
122 104 -0.0407164
123 104 -0.107349
124 104 -0.307668
105 105 1
106 105 -0.351626
107 105 -0.0147521
122 105 -0.0158328
123 105 -0.0422093
124 105 -0.108144
125 105 -0.308012
106 106 1
107 106 -0.351746
108 106 -0.0147609
123 106 -0.0164272
124 106 -0.0425688
125 106 -0.108333
126 106 -0.308092
107 107 1
108 107 -0.351773
109 107 -0.0147628
124 107 -0.0165702
125 107 -0.0426532
126 107 -0.108376
127 107 -0.30811
108 108 1
109 108 -0.351778
110 108 -0.0147632
125 108 -0.0166036
126 108 -0.0426724
127 108 -0.108386
128 108 -0.308114
109 109 1
110 109 -0.351779
111 109 -0.0147633
126 109 -0.0166112
127 109 -0.0426766
128 109 -0.108388
129 109 -0.308115
110 110 1
111 110 -0.35178
112 110 -0.0147633
127 110 -0.0166129
128 110 -0.0426775
129 110 -0.108389
130 110 -0.308115
111 111 1
112 111 -0.35178
113 111 -0.0147633
128 111 -0.0166132
129 111 -0.0426777
130 111 -0.108389
131 111 -0.308115
112 112 1
113 112 -0.35178
114 112 -0.0147633
129 112 -0.0166133
130 112 -0.0426777
131 112 -0.108389
132 112 -0.308115
113 113 1
114 113 -0.35178
115 113 -0.0147632
130 113 -0.0166133
131 113 -0.0426777
132 113 -0.108389
133 113 -0.308115
114 114 1
115 114 -0.35178
116 114 -0.0147629
131 114 -0.0166133
132 114 -0.0426777
133 114 -0.108389
134 114 -0.308115
115 115 1
116 115 -0.351777
117 115 -0.0147591
132 115 -0.0166133
133 115 -0.0426776
134 115 -0.108388
135 115 -0.308115
116 116 1
117 116 -0.351754
118 116 -0.0147245
133 116 -0.016613
134 116 -0.0426768
135 116 -0.108387
136 116 -0.308112
117 117 1
118 117 -0.35157
119 117 -0.014495
134 117 -0.0166101
135 117 -0.0426695
136 117 -0.108371
137 117 -0.308087
118 118 1
119 118 -0.350079
120 118 -0.0121947
135 118 -0.0165857
136 118 -0.0426071
137 118 -0.10824
138 118 -0.307875
119 119 1
120 119 -0.342699
136 119 -0.016428
137 119 -0.0422072
138 119 -0.107404
139 119 -0.3068
120 120 1
137 120 -0.0155143
138 120 -0.0398667
139 120 -0.103372
140 120 -0.30164
121 121 1
122 121 -0.298205
123 121 -0.0105046
141 121 -0.270377
122 122 1
123 122 -0.340028
124 122 -0.0138998
141 122 -0.0895723
142 122 -0.300371
123 123 1
124 123 -0.349284
125 123 -0.0147
141 123 -0.0342806
142 123 -0.104165
143 123 -0.306343
124 124 1
125 124 -0.351577
126 124 -0.0148974
141 124 -0.0133071
142 124 -0.0408367
143 124 -0.107515
144 124 -0.307815
125 125 1
126 125 -0.352145
127 125 -0.014945
142 125 -0.0159148
143 125 -0.0423751
144 125 -0.10835
145 125 -0.308182
126 126 1
127 126 -0.352283
128 126 -0.0149561
143 126 -0.0165306
144 126 -0.0427584
145 126 -0.108557
146 126 -0.308273
127 127 1
128 127 -0.352316
129 127 -0.0149586
144 127 -0.016684
145 127 -0.0428528
146 127 -0.108607
147 127 -0.308294
128 128 1
129 128 -0.352323
130 128 -0.0149592
145 128 -0.0167217
146 128 -0.0428755
147 128 -0.108619
148 128 -0.308299
129 129 1
130 129 -0.352325
131 129 -0.0149593
146 129 -0.0167308
147 129 -0.0428808
148 129 -0.108621
149 129 -0.3083
130 130 1
131 130 -0.352326
132 130 -0.0149593
147 130 -0.0167329
148 130 -0.042882
149 130 -0.108622
150 130 -0.308301
131 131 1
132 131 -0.352326
133 131 -0.0149593
148 131 -0.0167333
149 131 -0.0428823
150 131 -0.108622
151 131 -0.308301
132 132 1
133 132 -0.352326
134 132 -0.0149593
149 132 -0.0167335
150 132 -0.0428824
151 132 -0.108622
152 132 -0.308301
133 133 1
134 133 -0.352326
135 133 -0.0149593
150 133 -0.0167335
151 133 -0.0428824
152 133 -0.108622
153 133 -0.308301
134 134 1
135 134 -0.352325
136 134 -0.0149586
151 134 -0.0167335
152 134 -0.0428824
153 134 -0.108622
154 134 -0.308301
135 135 1
136 135 -0.352321
137 135 -0.0149527
152 135 -0.0167334
153 135 -0.0428822
154 135 -0.108622
155 135 -0.3083
136 136 1
137 136 -0.352289
138 136 -0.0149086
153 136 -0.0167329
154 136 -0.0428809
155 136 -0.108619
156 136 -0.308296
137 137 1
138 137 -0.352069
139 137 -0.0146499
154 137 -0.0167289
155 137 -0.0428708
156 137 -0.108598
157 137 -0.308264
138 138 1
139 138 -0.350476
140 138 -0.0122802
155 138 -0.0167
156 138 -0.0427973
157 138 -0.108448
158 138 -0.30803
139 139 1
140 139 -0.342922
156 139 -0.0165287
157 139 -0.0423661
158 139 -0.107564
159 139 -0.306908
140 140 1
157 140 -0.0155854
158 140 -0.0399631
159 140 -0.103455
160 140 -0.301686
141 141 1
142 141 -0.298227
143 141 -0.0105255
161 141 -0.27038
142 142 1
143 142 -0.340107
144 142 -0.0139476
161 142 -0.0895839
162 142 -0.300388
143 143 1
144 143 -0.349428
145 143 -0.0147665
161 143 -0.0343009
162 143 -0.104203
163 143 -0.306382
144 144 1
145 144 -0.351766
146 144 -0.0149737
161 144 -0.0133247
162 144 -0.0408827
163 144 -0.107579
164 144 -0.307873
145 145 1
146 145 -0.352359
147 145 -0.0150255
162 145 -0.0159469
163 145 -0.0424411
164 145 -0.108433
165 145 -0.308252
146 146 1
147 146 -0.352508
148 146 -0.0150382
163 146 -0.0165725
164 146 -0.0428362
165 146 -0.108649
166 146 -0.308348
147 147 1
148 147 -0.352545
149 147 -0.0150412
164 147 -0.0167311
165 147 -0.042936
166 147 -0.108703
167 147 -0.308372
148 148 1
149 148 -0.352553
150 148 -0.0150419
165 148 -0.0167712
166 148 -0.042961
167 148 -0.108717
168 148 -0.308377
149 149 1
150 149 -0.352556
151 149 -0.0150421
166 149 -0.0167812
167 149 -0.0429671
168 149 -0.10872
169 149 -0.308379
150 150 1
151 150 -0.352556
152 150 -0.0150421
167 150 -0.0167836
168 150 -0.0429685
169 150 -0.108721
170 150 -0.308379
151 151 1
152 151 -0.352556
153 151 -0.0150421
168 151 -0.0167842
169 151 -0.0429688
170 151 -0.108721
171 151 -0.308379
152 152 1
153 152 -0.352556
154 152 -0.0150421
169 152 -0.0167843
170 152 -0.0429689
171 152 -0.108721
172 152 -0.308379
153 153 1
154 153 -0.352556
155 153 -0.015042
170 153 -0.0167844
171 153 -0.0429689
172 153 -0.108721
173 153 -0.308379
154 154 1
155 154 -0.352555
156 154 -0.015041
171 154 -0.0167844
172 154 -0.0429689
173 154 -0.108721
174 154 -0.308379
155 155 1
156 155 -0.35255
157 155 -0.0150335
172 155 -0.0167843
173 155 -0.0429687
174 155 -0.10872
175 155 -0.308378
156 156 1
157 156 -0.352512
158 156 -0.0149839
173 156 -0.0167836
174 156 -0.0429669
175 156 -0.108717
176 156 -0.308373
157 157 1
158 157 -0.352272
159 157 -0.014711
174 157 -0.0167788
175 157 -0.0429549
176 157 -0.108692
177 157 -0.308337
158 158 1
159 158 -0.350632
160 158 -0.0123123
175 158 -0.0167473
176 158 -0.0428753
177 158 -0.108532
178 158 -0.308092
159 159 1
160 159 -0.343006
176 159 -0.0165695
177 159 -0.0424293
178 159 -0.107626
179 159 -0.306949
160 160 1
177 160 -0.0156133
178 160 -0.04
179 160 -0.103486
180 160 -0.301702
161 161 1
162 161 -0.298235
163 161 -0.0105332
181 161 -0.270381
162 162 1
163 162 -0.340137
164 162 -0.013966
181 162 -0.0895882
182 162 -0.300394
163 163 1
164 163 -0.349483
165 163 -0.014793
181 163 -0.0343085
182 163 -0.104217
183 163 -0.306397
164 164 1
165 164 -0.351842
166 164 -0.015005
181 164 -0.0133314
182 164 -0.0409004
183 164 -0.107605
184 164 -0.307896
165 165 1
166 165 -0.352447
167 165 -0.0150591
182 165 -0.0159596
183 165 -0.0424675
184 165 -0.108466
185 165 -0.30828
166 166 1
167 166 -0.352602
168 166 -0.0150727
183 166 -0.0165895
184 166 -0.042868
185 166 -0.108687
186 166 -0.308379
167 167 1
168 167 -0.352641
169 167 -0.0150761
184 167 -0.0167506
185 167 -0.0429707
186 167 -0.108744
187 167 -0.308404
168 168 1
169 168 -0.352651
170 168 -0.0150769
185 168 -0.0167919
186 168 -0.0429969
187 168 -0.108758
188 168 -0.30841
169 169 1
170 169 -0.352653
171 169 -0.0150771
186 169 -0.0168024
187 169 -0.0430035
188 169 -0.108762
189 169 -0.308412
170 170 1
171 170 -0.352654
172 170 -0.0150772
187 170 -0.0168051
188 170 -0.0430051
189 170 -0.108763
190 170 -0.308412
171 171 1
172 171 -0.352654
173 171 -0.0150772
188 171 -0.0168057
189 171 -0.0430055
190 171 -0.108763
191 171 -0.308412
172 172 1
173 172 -0.352654
174 172 -0.0150771
189 172 -0.0168059
190 172 -0.0430056
191 172 -0.108763
192 172 -0.308412
173 173 1
174 173 -0.352654
175 173 -0.015077
190 173 -0.0168059
191 173 -0.0430056
192 173 -0.108763
193 173 -0.308412
174 174 1
175 174 -0.352653
176 174 -0.0150757
191 174 -0.0168059
192 174 -0.0430056
193 174 -0.108763
194 174 -0.308412
175 175 1
176 175 -0.352646
177 175 -0.0150673
192 175 -0.0168058
193 175 -0.0430053
194 175 -0.108762
195 175 -0.308411
176 176 1
177 176 -0.352604
178 176 -0.0150147
193 176 -0.016805
194 176 -0.0430032
195 176 -0.108758
196 176 -0.308405
177 177 1
178 177 -0.352355
179 177 -0.0147353
194 177 -0.0167998
195 177 -0.0429901
196 177 -0.108732
197 177 -0.308368
178 178 1
179 178 -0.350694
180 178 -0.0123247
195 178 -0.0167669
196 178 -0.0429073
197 178 -0.108567
198 178 -0.308117
179 179 1
180 179 -0.343038
196 179 -0.016586
197 179 -0.0424545
198 179 -0.107651
199 179 -0.306965
180 180 1
197 180 -0.0156243
198 180 -0.0400144
199 180 -0.103498
200 180 -0.301709
181 181 1
182 181 -0.298238
183 181 -0.0105361
201 181 -0.270381
182 182 1
183 182 -0.340148
184 182 -0.0139731
201 182 -0.0895897
202 182 -0.300397
183 183 1
184 183 -0.349505
185 183 -0.0148036
201 183 -0.0343113
202 183 -0.104222
203 183 -0.306402
184 184 1
185 184 -0.351873
186 184 -0.0150179
201 184 -0.013334
202 184 -0.0409073
203 184 -0.107615
204 184 -0.307905
185 185 1
186 185 -0.352483
187 185 -0.0150731
202 185 -0.0159646
203 185 -0.042478
204 185 -0.10848
205 185 -0.308292
186 186 1
187 186 -0.352641
188 186 -0.0150872
203 186 -0.0165963
204 186 -0.042881
205 186 -0.108703
206 186 -0.308392
187 187 1
188 187 -0.352681
189 187 -0.0150908
204 187 -0.0167587
205 187 -0.0429851
206 187 -0.108761
207 187 -0.308418
188 188 1
189 188 -0.352692
190 188 -0.0150917
205 188 -0.0168006
206 188 -0.043012
207 188 -0.108776
208 188 -0.308424
189 189 1
190 189 -0.352694
191 189 -0.0150919
206 189 -0.0168114
207 189 -0.0430188
208 189 -0.108779
209 189 -0.308426
190 190 1
191 190 -0.352695
192 190 -0.015092
207 190 -0.0168141
208 190 -0.0430206
209 190 -0.10878
210 190 -0.308426
191 191 1
192 191 -0.352695
193 191 -0.015092
208 191 -0.0168148
209 191 -0.043021
210 191 -0.10878
211 191 -0.308427
192 192 1
193 192 -0.352695
194 192 -0.015092
209 192 -0.016815
210 192 -0.0430211
211 192 -0.108781
212 192 -0.308427
193 193 1
194 193 -0.352695
195 193 -0.0150918
210 193 -0.0168151
211 193 -0.0430211
212 193 -0.108781
213 193 -0.308427
194 194 1
195 194 -0.352694
196 194 -0.0150903
211 194 -0.016815
212 194 -0.0430211
213 194 -0.10878
214 194 -0.308426
195 195 1
196 195 -0.352687
197 195 -0.0150814
212 195 -0.0168149
213 195 -0.0430207
214 195 -0.10878
215 195 -0.308425
196 196 1
197 196 -0.352643
198 196 -0.0150274
213 196 -0.016814
214 196 -0.0430185
215 196 -0.108775
216 196 -0.308419
197 197 1
198 197 -0.352389
199 197 -0.014745
214 197 -0.0168086
215 197 -0.0430047
216 197 -0.108748
217 197 -0.30838
198 198 1
199 198 -0.350719
200 198 -0.0123295
215 198 -0.016775
216 198 -0.0429205
217 198 -0.108581
218 198 -0.308127
199 199 1
200 199 -0.343051
216 199 -0.0165927
217 199 -0.0424647
218 199 -0.107661
219 199 -0.306972
200 200 1
217 200 -0.0156288
218 200 -0.0400201
219 200 -0.103502
220 200 -0.301711
201 201 1
202 201 -0.298239
203 201 -0.0105372
221 201 -0.270381
202 202 1
203 202 -0.340153
204 202 -0.0139759
221 202 -0.0895903
222 202 -0.300397
203 203 1
204 203 -0.349514
205 203 -0.0148079
221 203 -0.0343124
222 203 -0.104224
223 203 -0.306404
204 204 1
205 204 -0.351885
206 204 -0.0150231
221 204 -0.013335
222 204 -0.04091
223 204 -0.107619
224 204 -0.307909
205 205 1
206 205 -0.352498
207 205 -0.0150789
222 205 -0.0159666
223 205 -0.0424823
224 205 -0.108485
225 205 -0.308297
206 206 1
207 206 -0.352657
208 206 -0.0150933
223 206 -0.0165991
224 206 -0.0428864
225 206 -0.10871
226 206 -0.308397
207 207 1
208 207 -0.352698
209 207 -0.015097
224 207 -0.016762
225 207 -0.0429911
226 207 -0.108768
227 207 -0.308423
208 208 1
209 208 -0.352709
210 208 -0.015098
225 208 -0.0168042
226 208 -0.0430183
227 208 -0.108783
228 208 -0.30843
209 209 1
210 209 -0.352712
211 209 -0.0150982
226 209 -0.0168152
227 209 -0.0430253
228 209 -0.108787
229 209 -0.308432
210 210 1
211 210 -0.352712
212 210 -0.0150983
227 210 -0.016818
228 210 -0.0430271
229 210 -0.108788
230 210 -0.308432
211 211 1
212 211 -0.352713
213 211 -0.0150983
228 211 -0.0168187
229 211 -0.0430276
230 211 -0.108788
231 211 -0.308432
212 212 1
213 212 -0.352713
214 212 -0.0150983
229 212 -0.0168189
230 212 -0.0430277
231 212 -0.108788
232 212 -0.308432
213 213 1
214 213 -0.352712
215 213 -0.015098
230 213 -0.0168189
231 213 -0.0430277
232 213 -0.108788
233 213 -0.308432
214 214 1
215 214 -0.352711
216 214 -0.0150965
231 214 -0.0168189
232 214 -0.0430277
233 214 -0.108788
234 214 -0.308432
215 215 1
216 215 -0.352704
217 215 -0.0150872
232 215 -0.0168188
233 215 -0.0430273
234 215 -0.108787
235 215 -0.308431
216 216 1
217 216 -0.352659
218 216 -0.0150326
233 216 -0.0168178
234 216 -0.0430249
235 216 -0.108782
236 216 -0.308424
217 217 1
218 217 -0.352403
219 217 -0.0147489
234 217 -0.0168122
235 217 -0.0430109
236 217 -0.108755
237 217 -0.308385
218 218 1
219 218 -0.350728
220 218 -0.0123314
235 218 -0.0167784
236 218 -0.0429259
237 218 -0.108586
238 218 -0.308131
219 219 1
220 219 -0.343056
236 219 -0.0165955
237 219 -0.0424688
238 219 -0.107665
239 219 -0.306974
220 220 1
237 220 -0.0156305
238 220 -0.0400223
239 220 -0.103504
240 220 -0.301712
221 221 1
222 221 -0.29824
223 221 -0.0105376
241 221 -0.270381
222 222 1
223 222 -0.340154
224 222 -0.013977
241 222 -0.0895906
242 222 -0.300398
223 223 1
224 223 -0.349517
225 223 -0.0148096
241 223 -0.0343129
242 223 -0.104225
243 223 -0.306405
224 224 1
225 224 -0.35189
226 224 -0.0150253
241 224 -0.0133354
242 224 -0.0409111
243 224 -0.10762
244 224 -0.307911
225 225 1
226 225 -0.352504
227 225 -0.0150813
242 225 -0.0159674
243 225 -0.042484
244 225 -0.108487
245 225 -0.308299
226 226 1
227 226 -0.352664
228 226 -0.0150959
243 226 -0.0166003
244 226 -0.0428885
245 226 -0.108712
246 226 -0.3084
227 227 1
228 227 -0.352706
229 227 -0.0150997
244 227 -0.0167633
245 227 -0.0429936
246 227 -0.108771
247 227 -0.308426
228 228 1
229 228 -0.352716
230 228 -0.0151006
245 228 -0.0168057
246 228 -0.043021
247 228 -0.108786
248 228 -0.308433
229 229 1
230 229 -0.352719
231 229 -0.0151009
246 229 -0.0168167
247 229 -0.0430281
248 229 -0.10879
249 229 -0.308434
230 230 1
231 230 -0.35272
232 230 -0.015101
247 230 -0.0168196
248 230 -0.0430299
249 230 -0.108791
250 230 -0.308435
231 231 1
232 231 -0.35272
233 231 -0.015101
248 231 -0.0168203
249 231 -0.0430304
250 231 -0.108791
251 231 -0.308435
232 232 1
233 232 -0.35272
234 232 -0.0151009
249 232 -0.0168205
250 232 -0.0430305
251 232 -0.108791
252 232 -0.308435
233 233 1
234 233 -0.35272
235 233 -0.0151007
250 233 -0.0168206
251 233 -0.0430305
252 233 -0.108791
253 233 -0.308435
234 234 1
235 234 -0.352719
236 234 -0.0150991
251 234 -0.0168206
252 234 -0.0430305
253 234 -0.108791
254 234 -0.308435
235 235 1
236 235 -0.352711
237 235 -0.0150897
252 235 -0.0168204
253 235 -0.04303
254 235 -0.10879
255 235 -0.308434
236 236 1
237 236 -0.352665
238 236 -0.0150347
253 236 -0.0168194
254 236 -0.0430276
255 236 -0.108785
256 236 -0.308427
237 237 1
238 237 -0.352408
239 237 -0.0147505
254 237 -0.0168138
255 237 -0.0430134
256 237 -0.108758
257 237 -0.308387
238 238 1
239 238 -0.350732
240 238 -0.0123322
255 238 -0.0167798
256 238 -0.0429281
257 238 -0.108589
258 238 -0.308133
239 239 1
240 239 -0.343058
256 239 -0.0165966
257 239 -0.0424705
258 239 -0.107666
259 239 -0.306975
240 240 1
257 240 -0.0156313
258 240 -0.0400233
259 240 -0.103505
260 240 -0.301713
241 241 1
242 241 -0.29824
243 241 -0.0105378
261 241 -0.270381
242 242 1
243 242 -0.340155
244 242 -0.0139775
261 242 -0.0895906
262 242 -0.300398
243 243 1
244 243 -0.349519
245 243 -0.0148103
261 243 -0.034313
262 243 -0.104225
263 243 -0.306406
244 244 1
245 244 -0.351892
246 244 -0.0150262
261 244 -0.0133355
262 244 -0.0409115
263 244 -0.107621
264 244 -0.307911
245 245 1
246 245 -0.352507
247 245 -0.0150823
262 245 -0.0159678
263 245 -0.0424846
264 245 -0.108488
265 245 -0.308299
246 246 1
247 246 -0.352667
248 246 -0.015097
263 246 -0.0166007
264 246 -0.0428894
265 246 -0.108713
266 246 -0.3084
247 247 1
248 247 -0.352709
249 247 -0.0151008
264 247 -0.0167639
265 247 -0.0429947
266 247 -0.108772
267 247 -0.308427
248 248 1
249 248 -0.352719
250 248 -0.0151018
265 248 -0.0168063
266 248 -0.0430221
267 248 -0.108787
268 248 -0.308434
249 249 1
250 249 -0.352722
251 249 -0.015102
266 249 -0.0168174
267 249 -0.0430292
268 249 -0.108791
269 249 -0.308435
250 250 1
251 250 -0.352723
252 250 -0.0151021
267 250 -0.0168203
268 250 -0.0430311
269 250 -0.108792
270 250 -0.308436
251 251 1
252 251 -0.352723
253 251 -0.0151021
268 251 -0.016821
269 251 -0.0430316
270 251 -0.108793
271 251 -0.308436
252 252 1
253 252 -0.352723
254 252 -0.0151021
269 252 -0.0168212
270 252 -0.0430317
271 252 -0.108793
272 252 -0.308436
253 253 1
254 253 -0.352723
255 253 -0.0151018
270 253 -0.0168213
271 253 -0.0430317
272 253 -0.108793
273 253 -0.308436
254 254 1
255 254 -0.352722
256 254 -0.0151002
271 254 -0.0168212
272 254 -0.0430316
273 254 -0.108792
274 254 -0.308436
255 255 1
256 255 -0.352714
257 255 -0.0150907
272 255 -0.0168211
273 255 -0.0430312
274 255 -0.108792
275 255 -0.308435
256 256 1
257 256 -0.352668
258 256 -0.0150356
273 256 -0.0168201
274 256 -0.0430287
275 256 -0.108787
276 256 -0.308428
257 257 1
258 257 -0.352411
259 257 -0.0147511
274 257 -0.0168144
275 257 -0.0430145
276 257 -0.108759
277 257 -0.308388
258 258 1
259 258 -0.350734
260 258 -0.0123325
275 258 -0.0167804
276 258 -0.042929
277 258 -0.10859
278 258 -0.308134
259 259 1
260 259 -0.343058
276 259 -0.0165971
277 259 -0.0424712
278 259 -0.107667
279 259 -0.306976
260 260 1
277 260 -0.0156316
278 260 -0.0400236
279 260 -0.103505
280 260 -0.301713
261 261 1
262 261 -0.29824
263 261 -0.0105379
281 261 -0.270381
262 262 1
263 262 -0.340155
264 262 -0.0139777
281 262 -0.0895907
282 262 -0.300398
263 263 1
264 263 -0.349519
265 263 -0.0148106
281 263 -0.0343131
282 263 -0.104226
283 263 -0.306406
264 264 1
265 264 -0.351893
266 264 -0.0150265
281 264 -0.0133356
282 264 -0.0409117
283 264 -0.107621
284 264 -0.307911
265 265 1
266 265 -0.352508
267 265 -0.0150828
282 265 -0.0159679
283 265 -0.0424849
284 265 -0.108489
285 265 -0.3083
266 266 1
267 266 -0.352668
268 266 -0.0150974
283 266 -0.0166009
284 266 -0.0428898
285 266 -0.108714
286 266 -0.308401
267 267 1
268 267 -0.35271
269 267 -0.0151012
284 267 -0.0167641
285 267 -0.0429951
286 267 -0.108772
287 267 -0.308427
268 268 1
269 268 -0.352721
270 268 -0.0151022
285 268 -0.0168066
286 268 -0.0430225
287 268 -0.108788
288 268 -0.308434
269 269 1
270 269 -0.352724
271 269 -0.0151025
286 269 -0.0168177
287 269 -0.0430297
288 269 -0.108792
289 269 -0.308436
270 270 1
271 270 -0.352724
272 270 -0.0151026
287 270 -0.0168206
288 270 -0.0430316
289 270 -0.108793
290 270 -0.308436
271 271 1
272 271 -0.352725
273 271 -0.0151026
288 271 -0.0168213
289 271 -0.0430321
290 271 -0.108793
291 271 -0.308437
272 272 1
273 272 -0.352725
274 272 -0.0151025
289 272 -0.0168215
290 272 -0.0430322
291 272 -0.108793
292 272 -0.308437
273 273 1
274 273 -0.352724
275 273 -0.0151023
290 273 -0.0168216
291 273 -0.0430322
292 273 -0.108793
293 273 -0.308437
274 274 1
275 274 -0.352723
276 274 -0.0151006
291 274 -0.0168215
292 274 -0.0430321
293 274 -0.108793
294 274 -0.308436
275 275 1
276 275 -0.352715
277 275 -0.0150911
292 275 -0.0168214
293 275 -0.0430317
294 275 -0.108792
295 275 -0.308435
276 276 1
277 276 -0.352669
278 276 -0.0150359
293 276 -0.0168204
294 276 -0.0430292
295 276 -0.108787
296 276 -0.308428
277 277 1
278 277 -0.352412
279 277 -0.0147514
294 277 -0.0168147
295 277 -0.0430149
296 277 -0.108759
297 277 -0.308389
278 278 1
279 278 -0.350735
280 278 -0.0123326
295 278 -0.0167806
296 278 -0.0429294
297 278 -0.10859
298 278 -0.308134
279 279 1
280 279 -0.343059
296 279 -0.0165973
297 279 -0.0424715
298 279 -0.107667
299 279 -0.306976
280 280 1
297 280 -0.0156317
298 280 -0.0400238
299 280 -0.103505
300 280 -0.301713
281 281 1
282 281 -0.29824
283 281 -0.0105379
301 281 -0.270381
282 282 1
283 282 -0.340155
284 282 -0.0139777
301 282 -0.0895907
302 282 -0.300398
283 283 1
284 283 -0.349519
285 283 -0.0148107
301 283 -0.0343131
302 283 -0.104226
303 283 -0.306406
284 284 1
285 284 -0.351893
286 284 -0.0150267
301 284 -0.0133356
302 284 -0.0409118
303 284 -0.107621
304 284 -0.307911
285 285 1
286 285 -0.352508
287 285 -0.0150829
302 285 -0.0159679
303 285 -0.042485
304 285 -0.108489
305 285 -0.3083
286 286 1
287 286 -0.352669
288 286 -0.0150976
303 286 -0.016601
304 286 -0.0428899
305 286 -0.108714
306 286 -0.308401
287 287 1
288 287 -0.35271
289 287 -0.0151014
304 287 -0.0167642
305 287 -0.0429953
306 287 -0.108773
307 287 -0.308427
288 288 1
289 288 -0.352721
290 288 -0.0151024
305 288 -0.0168067
306 288 -0.0430227
307 288 -0.108788
308 288 -0.308434
289 289 1
290 289 -0.352724
291 289 -0.0151027
306 289 -0.0168178
307 289 -0.0430299
308 289 -0.108792
309 289 -0.308436
290 290 1
291 290 -0.352725
292 290 -0.0151028
307 290 -0.0168207
308 290 -0.0430318
309 290 -0.108793
310 290 -0.308437
291 291 1
292 291 -0.352725
293 291 -0.0151028
308 291 -0.0168214
309 291 -0.0430323
310 291 -0.108793
311 291 -0.308437
292 292 1
293 292 -0.352725
294 292 -0.0151027
309 292 -0.0168216
310 292 -0.0430324
311 292 -0.108793
312 292 -0.308437
293 293 1
294 293 -0.352725
295 293 -0.0151024
310 293 -0.0168217
311 293 -0.0430324
312 293 -0.108793
313 293 -0.308437
294 294 1
295 294 -0.352724
296 294 -0.0151008
311 294 -0.0168217
312 294 -0.0430323
313 294 -0.108793
314 294 -0.308437
295 295 1
296 295 -0.352716
297 295 -0.0150913
312 295 -0.0168215
313 295 -0.0430319
314 295 -0.108792
315 295 -0.308435
296 296 1
297 296 -0.35267
298 296 -0.0150361
313 296 -0.0168205
314 296 -0.0430294
315 296 -0.108787
316 296 -0.308428
297 297 1
298 297 -0.352412
299 297 -0.0147515
314 297 -0.0168148
315 297 -0.0430151
316 297 -0.108759
317 297 -0.308389
298 298 1
299 298 -0.350735
300 298 -0.0123327
315 298 -0.0167807
316 298 -0.0429296
317 298 -0.10859
318 298 -0.308134
299 299 1
300 299 -0.343059
316 299 -0.0165973
317 299 -0.0424716
318 299 -0.107667
319 299 -0.306976
300 300 1
317 300 -0.0156317
318 300 -0.0400238
319 300 -0.103505
320 300 -0.301713
301 301 1
302 301 -0.29824
303 301 -0.0105379
321 301 -0.270381
302 302 1
303 302 -0.340155
304 302 -0.0139778
321 302 -0.0895907
322 302 -0.300398
303 303 1
304 303 -0.34952
305 303 -0.0148108
321 303 -0.0343131
322 303 -0.104226
323 303 -0.306406
304 304 1
305 304 -0.351893
306 304 -0.0150267
321 304 -0.0133356
322 304 -0.0409118
323 304 -0.107621
324 304 -0.307912
305 305 1
306 305 -0.352508
307 305 -0.015083
322 305 -0.015968
323 305 -0.0424851
324 305 -0.108489
325 305 -0.3083
306 306 1
307 306 -0.352669
308 306 -0.0150977
323 306 -0.016601
324 306 -0.04289
325 306 -0.108714
326 306 -0.308401
307 307 1
308 307 -0.352711
309 307 -0.0151015
324 307 -0.0167643
325 307 -0.0429953
326 307 -0.108773
327 307 -0.308428
308 308 1
309 308 -0.352722
310 308 -0.0151025
325 308 -0.0168068
326 308 -0.0430228
327 308 -0.108788
328 308 -0.308434
309 309 1
310 309 -0.352724
311 309 -0.0151028
326 309 -0.0168178
327 309 -0.04303
328 309 -0.108792
329 309 -0.308436
310 310 1
311 310 -0.352725
312 310 -0.0151029
327 310 -0.0168207
328 310 -0.0430319
329 310 -0.108793
330 310 -0.308437
311 311 1
312 311 -0.352725
313 311 -0.0151029
328 311 -0.0168215
329 311 -0.0430324
330 311 -0.108793
331 311 -0.308437
312 312 1
313 312 -0.352725
314 312 -0.0151028
329 312 -0.0168217
330 312 -0.0430325
331 312 -0.108793
332 312 -0.308437
313 313 1
314 313 -0.352725
315 313 -0.0151025
330 313 -0.0168217
331 313 -0.0430325
332 313 -0.108793
333 313 -0.308437
314 314 1
315 314 -0.352724
316 314 -0.0151009
331 314 -0.0168217
332 314 -0.0430324
333 314 -0.108793
334 314 -0.308437
315 315 1
316 315 -0.352716
317 315 -0.0150914
332 315 -0.0168215
333 315 -0.043032
334 315 -0.108792
335 315 -0.308435
316 316 1
317 316 -0.35267
318 316 -0.0150361
333 316 -0.0168205
334 316 -0.0430295
335 316 -0.108788
336 316 -0.308428
317 317 1
318 317 -0.352412
319 317 -0.0147515
334 317 -0.0168148
335 317 -0.0430152
336 317 -0.108759
337 317 -0.308389
318 318 1
319 318 -0.350735
320 318 -0.0123327
335 318 -0.0167807
336 318 -0.0429297
337 318 -0.10859
338 318 -0.308134
319 319 1
320 319 -0.343059
336 319 -0.0165974
337 319 -0.0424716
338 319 -0.107667
339 319 -0.306976
320 320 1
337 320 -0.0156318
338 320 -0.0400239
339 320 -0.103505
340 320 -0.301713
321 321 1
322 321 -0.29824
323 321 -0.0105379
341 321 -0.270381
322 322 1
323 322 -0.340155
324 322 -0.0139778
341 322 -0.0895907
342 322 -0.300398
323 323 1
324 323 -0.34952
325 323 -0.0148108
341 323 -0.0343131
342 323 -0.104226
343 323 -0.306406
324 324 1
325 324 -0.351894
326 324 -0.0150268
341 324 -0.0133356
342 324 -0.0409118
343 324 -0.107621
344 324 -0.307912
325 325 1
326 325 -0.352509
327 325 -0.015083
342 325 -0.015968
343 325 -0.0424851
344 325 -0.108489
345 325 -0.3083
326 326 1
327 326 -0.352669
328 326 -0.0150977
343 326 -0.016601
344 326 -0.04289
345 326 -0.108714
346 326 -0.308401
327 327 1
328 327 -0.352711
329 327 -0.0151016
344 327 -0.0167643
345 327 -0.0429954
346 327 -0.108773
347 327 -0.308428
328 328 1
329 328 -0.352722
330 328 -0.0151026
345 328 -0.0168068
346 328 -0.0430228
347 328 -0.108788
348 328 -0.308434
329 329 1
330 329 -0.352725
331 329 -0.0151028
346 329 -0.0168179
347 329 -0.04303
348 329 -0.108792
349 329 -0.308436
330 330 1
331 330 -0.352725
332 330 -0.0151029
347 330 -0.0168208
348 330 -0.0430319
349 330 -0.108793
350 330 -0.308437
331 331 1
332 331 -0.352725
333 331 -0.0151029
348 331 -0.0168215
349 331 -0.0430324
350 331 -0.108793
351 331 -0.308437
332 332 1
333 332 -0.352725
334 332 -0.0151029
349 332 -0.0168217
350 332 -0.0430325
351 332 -0.108794
352 332 -0.308437
333 333 1
334 333 -0.352725
335 333 -0.0151026
350 333 -0.0168218
351 333 -0.0430325
352 333 -0.108794
353 333 -0.308437
334 334 1
335 334 -0.352724
336 334 -0.0151009
351 334 -0.0168217
352 334 -0.0430325
353 334 -0.108793
354 334 -0.308437
335 335 1
336 335 -0.352716
337 335 -0.0150914
352 335 -0.0168216
353 335 -0.043032
354 335 -0.108793
355 335 -0.308435
336 336 1
337 336 -0.35267
338 336 -0.0150362
353 336 -0.0168206
354 336 -0.0430295
355 336 -0.108788
356 336 -0.308428
337 337 1
338 337 -0.352412
339 337 -0.0147515
354 337 -0.0168149
355 337 -0.0430152
356 337 -0.10876
357 337 -0.308389
338 338 1
339 338 -0.350735
340 338 -0.0123327
355 338 -0.0167808
356 338 -0.0429297
357 338 -0.10859
358 338 -0.308134
339 339 1
340 339 -0.343059
356 339 -0.0165974
357 339 -0.0424716
358 339 -0.107667
359 339 -0.306976
340 340 1
357 340 -0.0156318
358 340 -0.0400239
359 340 -0.103505
360 340 -0.301713
341 341 1
342 341 -0.29824
343 341 -0.0105379
361 341 -0.270381
342 342 1
343 342 -0.340155
344 342 -0.0139778
361 342 -0.0895907
362 342 -0.300398
343 343 1
344 343 -0.34952
345 343 -0.0148108
361 343 -0.0343131
362 343 -0.104226
363 343 -0.306406
344 344 1
345 344 -0.351894
346 344 -0.0150268
361 344 -0.0133356
362 344 -0.0409118
363 344 -0.107621
364 344 -0.307912
345 345 1
346 345 -0.352509
347 345 -0.015083
362 345 -0.015968
363 345 -0.0424851
364 345 -0.108489
365 345 -0.3083
346 346 1
347 346 -0.352669
348 346 -0.0150977
363 346 -0.0166011
364 346 -0.04289
365 346 -0.108714
366 346 -0.308401
347 347 1
348 347 -0.352711
349 347 -0.0151016
364 347 -0.0167643
365 347 -0.0429954
366 347 -0.108773
367 347 -0.308428
348 348 1
349 348 -0.352722
350 348 -0.0151026
365 348 -0.0168068
366 348 -0.0430229
367 348 -0.108788
368 348 -0.308434
349 349 1
350 349 -0.352725
351 349 -0.0151028
366 349 -0.0168179
367 349 -0.04303
368 349 -0.108792
369 349 -0.308436
350 350 1
351 350 -0.352725
352 350 -0.0151029
367 350 -0.0168208
368 350 -0.0430319
369 350 -0.108793
370 350 -0.308437
351 351 1
352 351 -0.352725
353 351 -0.0151029
368 351 -0.0168215
369 351 -0.0430324
370 351 -0.108793
371 351 -0.308437
352 352 1
353 352 -0.352726
354 352 -0.0151029
369 352 -0.0168217
370 352 -0.0430325
371 352 -0.108794
372 352 -0.308437
353 353 1
354 353 -0.352725
355 353 -0.0151026
370 353 -0.0168218
371 353 -0.0430326
372 353 -0.108794
373 353 -0.308437
354 354 1
355 354 -0.352724
356 354 -0.0151009
371 354 -0.0168218
372 354 -0.0430325
373 354 -0.108793
374 354 -0.308437
355 355 1
356 355 -0.352716
357 355 -0.0150914
372 355 -0.0168216
373 355 -0.043032
374 355 -0.108793
375 355 -0.308435
356 356 1
357 356 -0.35267
358 356 -0.0150362
373 356 -0.0168206
374 356 -0.0430295
375 356 -0.108788
376 356 -0.308428
357 357 1
358 357 -0.352412
359 357 -0.0147515
374 357 -0.0168149
375 357 -0.0430152
376 357 -0.10876
377 357 -0.308389
358 358 1
359 358 -0.350735
360 358 -0.0123327
375 358 -0.0167808
376 358 -0.0429297
377 358 -0.10859
378 358 -0.308134
359 359 1
360 359 -0.343059
376 359 -0.0165974
377 359 -0.0424716
378 359 -0.107667
379 359 -0.306976
360 360 1
377 360 -0.0156318
378 360 -0.0400239
379 360 -0.103505
380 360 -0.301713
361 361 1
362 361 -0.29824
363 361 -0.0105379
381 361 -0.270381
362 362 1
363 362 -0.340155
364 362 -0.0139778
381 362 -0.0895907
382 362 -0.300398
363 363 1
364 363 -0.34952
365 363 -0.0148108
381 363 -0.0343131
382 363 -0.104226
383 363 -0.306406
364 364 1
365 364 -0.351894
366 364 -0.0150268
381 364 -0.0133356
382 364 -0.0409118
383 364 -0.107621
384 364 -0.307912
365 365 1
366 365 -0.352509
367 365 -0.0150831
382 365 -0.015968
383 365 -0.0424851
384 365 -0.108489
385 365 -0.3083
366 366 1
367 366 -0.352669
368 366 -0.0150977
383 366 -0.0166011
384 366 -0.04289
385 366 -0.108714
386 366 -0.308401
367 367 1
368 367 -0.352711
369 367 -0.0151016
384 367 -0.0167643
385 367 -0.0429954
386 367 -0.108773
387 367 -0.308428
368 368 1
369 368 -0.352722
370 368 -0.0151026
385 368 -0.0168068
386 368 -0.0430229
387 368 -0.108788
388 368 -0.308434
369 369 1
370 369 -0.352725
371 369 -0.0151028
386 369 -0.0168179
387 369 -0.04303
388 369 -0.108792
389 369 -0.308436
370 370 1
371 370 -0.352725
372 370 -0.0151029
387 370 -0.0168208
388 370 -0.0430319
389 370 -0.108793
390 370 -0.308437
371 371 1
372 371 -0.352726
373 371 -0.0151029
388 371 -0.0168215
389 371 -0.0430324
390 371 -0.108793
391 371 -0.308437
372 372 1
373 372 -0.352726
374 372 -0.0151029
389 372 -0.0168217
390 372 -0.0430325
391 372 -0.108794
392 372 -0.308437
373 373 1
374 373 -0.352725
375 373 -0.0151026
390 373 -0.0168218
391 373 -0.0430326
392 373 -0.108794
393 373 -0.308437
374 374 1
375 374 -0.352724
376 374 -0.0151009
391 374 -0.0168218
392 374 -0.0430325
393 374 -0.108793
394 374 -0.308437
375 375 1
376 375 -0.352716
377 375 -0.0150914
392 375 -0.0168216
393 375 -0.0430321
394 375 -0.108793
395 375 -0.308435
376 376 1
377 376 -0.35267
378 376 -0.0150362
393 376 -0.0168206
394 376 -0.0430295
395 376 -0.108788
396 376 -0.308428
377 377 1
378 377 -0.352412
379 377 -0.0147515
394 377 -0.0168149
395 377 -0.0430152
396 377 -0.10876
397 377 -0.308389
378 378 1
379 378 -0.350735
380 378 -0.0123327
395 378 -0.0167808
396 378 -0.0429297
397 378 -0.10859
398 378 -0.308134
379 379 1
380 379 -0.343059
396 379 -0.0165974
397 379 -0.0424716
398 379 -0.107667
399 379 -0.306976
380 380 1
397 380 -0.0156318
398 380 -0.0400239
399 380 -0.103505
400 380 -0.301713
381 381 1
382 381 -0.29824
383 381 -0.0105379
382 382 1
383 382 -0.340155
384 382 -0.0139778
383 383 1
384 383 -0.34952
385 383 -0.0148108
384 384 1
385 384 -0.351894
386 384 -0.0150268
385 385 1
386 385 -0.352509
387 385 -0.0150831
386 386 1
387 386 -0.352669
388 386 -0.0150977
387 387 1
388 387 -0.352711
389 387 -0.0151016
388 388 1
389 388 -0.352722
390 388 -0.0151026
389 389 1
390 389 -0.352725
391 389 -0.0151028
390 390 1
391 390 -0.352725
392 390 -0.0151029
391 391 1
392 391 -0.352726
393 391 -0.0151029
392 392 1
393 392 -0.352726
394 392 -0.0151029
393 393 1
394 393 -0.352725
395 393 -0.0151026
394 394 1
395 394 -0.352724
396 394 -0.0151009
395 395 1
396 395 -0.352716
397 395 -0.0150914
396 396 1
397 396 -0.35267
398 396 -0.0150362
397 397 1
398 397 -0.352412
399 397 -0.0147515
398 398 1
399 398 -0.350735
400 398 -0.0123327
399 399 1
400 399 -0.343059
400 400 1
